Frame,# Contacts_resid_B,Frame,# Contacts_lig_ChainB_vs_resid_6,Frame,# Contacts_lig_ChainB_vs_resid_7,Frame,# Contacts_lig_ChainB_vs_resid_8,Frame,# Contacts_lig_ChainB_vs_resid_9,Frame,# Contacts_lig_ChainB_vs_resid_10,Frame,# Contacts_lig_ChainB_vs_resid_11,Frame,# Contacts_lig_ChainB_vs_resid_12,Frame,# Contacts_lig_ChainB_vs_resid_13,Frame,# Contacts_lig_ChainB_vs_resid_14,Frame,# Contacts_lig_ChainB_vs_resid_15,Frame,# Contacts_lig_ChainB_vs_resid_16,Frame,# Contacts_lig_ChainB_vs_resid_17,Frame,# Contacts_lig_ChainB_vs_resid_18,Frame,# Contacts_lig_ChainB_vs_resid_19,Frame,# Contacts_lig_ChainB_vs_resid_20,Frame,# Contacts_lig_ChainB_vs_resid_21,Frame,# Contacts_lig_ChainB_vs_resid_22,Frame,# Contacts_lig_ChainB_vs_resid_23,Frame,# Contacts_lig_ChainB_vs_resid_24,Frame,# Contacts_lig_ChainB_vs_resid_25,Frame,# Contacts_lig_ChainB_vs_resid_26,Frame,# Contacts_lig_ChainB_vs_resid_27,Frame,# Contacts_lig_ChainB_vs_resid_28,Frame,# Contacts_lig_ChainB_vs_resid_29,Frame,# Contacts_lig_ChainB_vs_resid_30,Frame,# Contacts_lig_ChainB_vs_resid_31,Frame,# Contacts_lig_ChainB_vs_resid_32,Frame,# Contacts_lig_ChainB_vs_resid_33,Frame,# Contacts_lig_ChainB_vs_resid_34,Frame,# Contacts_lig_ChainB_vs_resid_35,Frame,# Contacts_lig_ChainB_vs_resid_36,Frame,# Contacts_lig_ChainB_vs_resid_37,Frame,# Contacts_lig_ChainB_vs_resid_38,Frame,# Contacts_lig_ChainB_vs_resid_39,Frame,# Contacts_lig_ChainB_vs_resid_40,Frame,# Contacts_lig_ChainB_vs_resid_41,Frame,# Contacts_lig_ChainB_vs_resid_42,Frame,# Contacts_lig_ChainB_vs_resid_43,Frame,# Contacts_lig_ChainB_vs_resid_44,Frame,# Contacts_lig_ChainB_vs_resid_45,Frame,# Contacts_lig_ChainB_vs_resid_46,Frame,# Contacts_lig_ChainB_vs_resid_47,Frame,# Contacts_lig_ChainB_vs_resid_48,Frame,# Contacts_lig_ChainB_vs_resid_49,Frame,# Contacts_lig_ChainB_vs_resid_50,Frame,# Contacts_lig_ChainB_vs_resid_51,Frame,# Contacts_lig_ChainB_vs_resid_52,Frame,# Contacts_lig_ChainB_vs_resid_53,Frame,# Contacts_lig_ChainB_vs_resid_54,Frame,# Contacts_lig_ChainB_vs_resid_55,Frame,# Contacts_lig_ChainB_vs_resid_56,Frame,# Contacts_lig_ChainB_vs_resid_57,Frame,# Contacts_lig_ChainB_vs_resid_58,Frame,# Contacts_lig_ChainB_vs_resid_59,Frame,# Contacts_lig_ChainB_vs_resid_60,Frame,# Contacts_lig_ChainB_vs_resid_61,Frame,# Contacts_lig_ChainB_vs_resid_62,Frame,# Contacts_lig_ChainB_vs_resid_63,Frame,# Contacts_lig_ChainB_vs_resid_64,Frame,# Contacts_lig_ChainB_vs_resid_65,Frame,# Contacts_lig_ChainB_vs_resid_66,Frame,# Contacts_lig_ChainB_vs_resid_67,Frame,# Contacts_lig_ChainB_vs_resid_68,Frame,# Contacts_lig_ChainB_vs_resid_69,Frame,# Contacts_lig_ChainB_vs_resid_70,Frame,# Contacts_lig_ChainB_vs_resid_71,Frame,# Contacts_lig_ChainB_vs_resid_72,Frame,# Contacts_lig_ChainB_vs_resid_73,Frame,# Contacts_lig_ChainB_vs_resid_74,Frame,# Contacts_lig_ChainB_vs_resid_75,Frame,# Contacts_lig_ChainB_vs_resid_76,Frame,# Contacts_lig_ChainB_vs_resid_77,Frame,# Contacts_lig_ChainB_vs_resid_78,Frame,# Contacts_lig_ChainB_vs_resid_79,Frame,# Contacts_lig_ChainB_vs_resid_80,Frame,# Contacts_lig_ChainB_vs_resid_81,Frame,# Contacts_lig_ChainB_vs_resid_82,Frame,# Contacts_lig_ChainB_vs_resid_83,Frame,# Contacts_lig_ChainB_vs_resid_84,Frame,# Contacts_lig_ChainB_vs_resid_85,Frame,# Contacts_lig_ChainB_vs_resid_86,Frame,# Contacts_lig_ChainB_vs_resid_87,Frame,# Contacts_lig_ChainB_vs_resid_88,Frame,# Contacts_lig_ChainB_vs_resid_89,Frame,# Contacts_lig_ChainB_vs_resid_90,Frame,# Contacts_lig_ChainB_vs_resid_91,Frame,# Contacts_lig_ChainB_vs_resid_92,Frame,# Contacts_lig_ChainB_vs_resid_93,Frame,# Contacts_lig_ChainB_vs_resid_94,Frame,# Contacts_lig_ChainB_vs_resid_95,Frame,# Contacts_lig_ChainB_vs_resid_96,Frame,# Contacts_lig_ChainB_vs_resid_97,Frame,# Contacts_lig_ChainB_vs_resid_98,Frame,# Contacts_lig_ChainB_vs_resid_99,Frame,# Contacts_lig_ChainB_vs_resid_100,Frame,# Contacts_lig_ChainB_vs_resid_101,Frame,# Contacts_lig_ChainB_vs_resid_102,Frame,# Contacts_lig_ChainB_vs_resid_103,Frame,# Contacts_lig_ChainB_vs_resid_104,Frame,# Contacts_lig_ChainB_vs_resid_105,Frame,# Contacts_lig_ChainB_vs_resid_106,Frame,# Contacts_lig_ChainB_vs_resid_107,Frame,# Contacts_lig_ChainB_vs_resid_108,Frame,# Contacts_lig_ChainB_vs_resid_109,Frame,# Contacts_lig_ChainB_vs_resid_110,Frame,# Contacts_lig_ChainB_vs_resid_111,Frame,# Contacts_lig_ChainB_vs_resid_112,Frame,# Contacts_lig_ChainB_vs_resid_113,Frame,# Contacts_lig_ChainB_vs_resid_114,Frame,# Contacts_lig_ChainB_vs_resid_115,Frame,# Contacts_lig_ChainB_vs_resid_116,Frame,# Contacts_lig_ChainB_vs_resid_117,Frame,# Contacts_lig_ChainB_vs_resid_118,Frame,# Contacts_lig_ChainB_vs_resid_119,Frame,# Contacts_lig_ChainB_vs_resid_120,Frame,# Contacts_lig_ChainB_vs_resid_121,Frame,# Contacts_lig_ChainB_vs_resid_122,Frame,# Contacts_lig_ChainB_vs_resid_123,Frame,# Contacts_lig_ChainB_vs_resid_124,Frame,# Contacts_lig_ChainB_vs_resid_125,Frame,# Contacts_lig_ChainB_vs_resid_126,Frame,# Contacts_lig_ChainB_vs_resid_127,Frame,# Contacts_lig_ChainB_vs_resid_128,Frame,# Contacts_lig_ChainB_vs_resid_129,Frame,# Contacts_lig_ChainB_vs_resid_130,Frame,# Contacts_lig_ChainB_vs_resid_131,Frame,# Contacts_lig_ChainB_vs_resid_132,Frame,# Contacts_lig_ChainB_vs_resid_133,Frame,# Contacts_lig_ChainB_vs_resid_134,Frame,# Contacts_lig_ChainB_vs_resid_135,Frame,# Contacts_lig_ChainB_vs_resid_136,Frame,# Contacts_lig_ChainB_vs_resid_137,Frame,# Contacts_lig_ChainB_vs_resid_138,Frame,# Contacts_lig_ChainB_vs_resid_139,Frame,# Contacts_lig_ChainB_vs_resid_140,Frame,# Contacts_lig_ChainB_vs_resid_141,Frame,# Contacts_lig_ChainB_vs_resid_142,Frame,# Contacts_lig_ChainB_vs_resid_143,Frame,# Contacts_lig_ChainB_vs_resid_144,Frame,# Contacts_lig_ChainB_vs_resid_145,Frame,# Contacts_lig_ChainB_vs_resid_146,Frame,# Contacts_lig_ChainB_vs_resid_147,Frame,# Contacts_lig_ChainB_vs_resid_148,Frame,# Contacts_lig_ChainB_vs_resid_149,Frame,# Contacts_lig_ChainB_vs_resid_150,Frame,# Contacts_lig_ChainB_vs_resid_151,Frame,# Contacts_lig_ChainB_vs_resid_152,Frame,# Contacts_lig_ChainB_vs_resid_153,Frame,# Contacts_lig_ChainB_vs_resid_154,Frame,# Contacts_lig_ChainB_vs_resid_155,Frame,# Contacts_lig_ChainB_vs_resid_156,Frame,# Contacts_lig_ChainB_vs_resid_157,Frame,# Contacts_lig_ChainB_vs_resid_158,Frame,# Contacts_lig_ChainB_vs_resid_159,Frame,# Contacts_lig_ChainB_vs_resid_160,Frame,# Contacts_lig_ChainB_vs_resid_161,Frame,# Contacts_lig_ChainB_vs_resid_162,Frame,# Contacts_lig_ChainB_vs_resid_163,Frame,# Contacts_lig_ChainB_vs_resid_164,Frame,# Contacts_lig_ChainB_vs_resid_165,Frame,# Contacts_lig_ChainB_vs_resid_166,Frame,# Contacts_lig_ChainB_vs_resid_167,Frame,# Contacts_lig_ChainB_vs_resid_168,Frame,# Contacts_lig_ChainB_vs_resid_169,Frame,# Contacts_lig_ChainB_vs_resid_170,Frame,# Contacts_lig_ChainB_vs_resid_171,Frame,# Contacts_lig_ChainB_vs_resid_172,Frame,# Contacts_lig_ChainB_vs_resid_173,Frame,# Contacts_lig_ChainB_vs_resid_174,Frame,# Contacts_lig_ChainB_vs_resid_175,Frame,# Contacts_lig_ChainB_vs_resid_176,Frame,# Contacts_lig_ChainB_vs_resid_177,Frame,# Contacts_lig_ChainB_vs_resid_178,Frame,# Contacts_lig_ChainB_vs_resid_179,Frame,# Contacts_lig_ChainB_vs_resid_180,Frame,# Contacts_lig_ChainB_vs_resid_181,Frame,# Contacts_lig_ChainB_vs_resid_182,Frame,# Contacts_lig_ChainB_vs_resid_183,Frame,# Contacts_lig_ChainB_vs_resid_184,Frame,# Contacts_lig_ChainB_vs_resid_185,Frame,# Contacts_lig_ChainB_vs_resid_186,Frame,# Contacts_lig_ChainB_vs_resid_187,Frame,# Contacts_lig_ChainB_vs_resid_188,Frame,# Contacts_lig_ChainB_vs_resid_189,Frame,# Contacts_lig_ChainB_vs_resid_190,Frame,# Contacts_lig_ChainB_vs_resid_191,Frame,# Contacts_lig_ChainB_vs_resid_192,Frame,# Contacts_lig_ChainB_vs_resid_193,Frame,# Contacts_lig_ChainB_vs_resid_194,Frame,# Contacts_lig_ChainB_vs_resid_195,Frame,# Contacts_lig_ChainB_vs_resid_196,Frame,# Contacts_lig_ChainB_vs_resid_197,Frame,# Contacts_lig_ChainB_vs_resid_198,Frame,# Contacts_lig_ChainB_vs_resid_199,Frame,# Contacts_lig_ChainB_vs_resid_200,Frame,# Contacts_lig_ChainB_vs_resid_201,Frame,# Contacts_lig_ChainB_vs_resid_202,Frame,# Contacts_lig_ChainB_vs_resid_203,Frame,# Contacts_lig_ChainB_vs_resid_204,Frame,# Contacts_lig_ChainB_vs_resid_205,Frame,# Contacts_lig_ChainB_vs_resid_206,Frame,# Contacts_lig_ChainB_vs_resid_207,Frame,# Contacts_lig_ChainB_vs_resid_208,Frame,# Contacts_lig_ChainB_vs_resid_209,Frame,# Contacts_lig_ChainB_vs_resid_210,Frame,# Contacts_lig_ChainB_vs_resid_211,Frame,# Contacts_lig_ChainB_vs_resid_212,Frame,# Contacts_lig_ChainB_vs_resid_213,Frame,# Contacts_lig_ChainB_vs_resid_214,Frame,# Contacts_lig_ChainB_vs_resid_215,Frame,# Contacts_lig_ChainB_vs_resid_216,Frame,# Contacts_lig_ChainB_vs_resid_217,Frame,# Contacts_lig_ChainB_vs_resid_218,Frame,# Contacts_lig_ChainB_vs_resid_219,Frame,# Contacts_lig_ChainB_vs_resid_220,Frame,# Contacts_lig_ChainB_vs_resid_221,Frame,# Contacts_lig_ChainB_vs_resid_222,Frame,# Contacts_lig_ChainB_vs_resid_223,Frame,# Contacts_lig_ChainB_vs_resid_224,Frame,# Contacts_lig_ChainB_vs_resid_225,Frame,# Contacts_lig_ChainB_vs_resid_226,Frame,# Contacts_lig_ChainB_vs_resid_227,Frame,# Contacts_lig_ChainB_vs_resid_228,Frame,# Contacts_lig_ChainB_vs_resid_229,Frame,# Contacts_lig_ChainB_vs_resid_230,Frame,# Contacts_lig_ChainB_vs_resid_231,Frame,# Contacts_lig_ChainB_vs_resid_232,Frame,# Contacts_lig_ChainB_vs_resid_233,Frame,# Contacts_lig_ChainB_vs_resid_234,Frame,# Contacts_lig_ChainB_vs_resid_235,Frame,# Contacts_lig_ChainB_vs_resid_236,Frame,# Contacts_lig_ChainB_vs_resid_237,Frame,# Contacts_lig_ChainB_vs_resid_238,Frame,# Contacts_lig_ChainB_vs_resid_239,Frame,# Contacts_lig_ChainB_vs_resid_240,Frame,# Contacts_lig_ChainB_vs_resid_241,Frame,# Contacts_lig_ChainB_vs_resid_242,Frame,# Contacts_lig_ChainB_vs_resid_243,Frame,# Contacts_lig_ChainB_vs_resid_244,Frame,# Contacts_lig_ChainB_vs_resid_245,Frame,# Contacts_lig_ChainB_vs_resid_246,Frame,# Contacts_lig_ChainB_vs_resid_247,Frame,# Contacts_lig_ChainB_vs_resid_248,Frame,# Contacts_lig_ChainB_vs_resid_249,Frame,# Contacts_lig_ChainB_vs_resid_250,Frame,# Contacts_lig_ChainB_vs_resid_251,Frame,# Contacts_lig_ChainB_vs_resid_252,Frame,# Contacts_lig_ChainB_vs_resid_253,Frame,# Contacts_lig_ChainB_vs_resid_254,Frame,# Contacts_lig_ChainB_vs_resid_255,Frame,# Contacts_lig_ChainB_vs_resid_256,Frame,# Contacts_lig_ChainB_vs_resid_257,Frame,# Contacts_lig_ChainB_vs_resid_258,Frame,# Contacts_lig_ChainB_vs_resid_259,Frame,# Contacts_lig_ChainB_vs_resid_260,Frame,# Contacts_lig_ChainB_vs_resid_261,Frame,# Contacts_lig_ChainB_vs_resid_262,Frame,# Contacts_lig_ChainB_vs_resid_263,Frame,# Contacts_lig_ChainB_vs_resid_264,Frame,# Contacts_lig_ChainB_vs_resid_265,Frame,# Contacts_lig_ChainB_vs_resid_266,Frame,# Contacts_lig_ChainB_vs_resid_267,Frame,# Contacts_lig_ChainB_vs_resid_268,Frame,# Contacts_lig_ChainB_vs_resid_269,Frame,# Contacts_lig_ChainB_vs_resid_270,Frame,# Contacts_lig_ChainB_vs_resid_271,Frame,# Contacts_lig_ChainB_vs_resid_272,Frame,# Contacts_lig_ChainB_vs_resid_273,Frame,# Contacts_lig_ChainB_vs_resid_274,Frame,# Contacts_lig_ChainB_vs_resid_275,Frame,# Contacts_lig_ChainB_vs_resid_276,Frame,# Contacts_lig_ChainB_vs_resid_277,Frame,# Contacts_lig_ChainB_vs_resid_278,Frame,# Contacts_lig_ChainB_vs_resid_279,Frame,# Contacts_lig_ChainB_vs_resid_280,Frame,# Contacts_lig_ChainB_vs_resid_281,Frame,# Contacts_lig_ChainB_vs_resid_282,Frame,# Contacts_lig_ChainB_vs_resid_283,Frame,# Contacts_lig_ChainB_vs_resid_284,Frame,# Contacts_lig_ChainB_vs_resid_285,Frame,# Contacts_lig_ChainB_vs_resid_286,Frame,# Contacts_lig_ChainB_vs_resid_287,Frame,# Contacts_lig_ChainB_vs_resid_288,Frame,# Contacts_lig_ChainB_vs_resid_289,Frame,# Contacts_lig_ChainB_vs_resid_290,Frame,# Contacts_lig_ChainB_vs_resid_291,Frame,# Contacts_lig_ChainB_vs_resid_292,Frame,# Contacts_lig_ChainB_vs_resid_293,Frame,# Contacts_lig_ChainB_vs_resid_294,Frame,# Contacts_lig_ChainB_vs_resid_295,Frame,# Contacts_lig_ChainB_vs_resid_296,Frame,# Contacts_lig_ChainB_vs_resid_297,Frame,# Contacts_lig_ChainB_vs_resid_298,Frame,# Contacts_lig_ChainB_vs_resid_299,Frame,# Contacts_lig_ChainB_vs_resid_300,Frame,# Contacts_lig_ChainB_vs_resid_301,Frame,# Contacts_lig_ChainB_vs_resid_302,Frame,# Contacts_lig_ChainB_vs_resid_303,Frame,# Contacts_lig_ChainB_vs_resid_304,Frame,# Contacts_lig_ChainB_vs_resid_305,Frame,# Contacts_lig_ChainB_vs_resid_306,Frame,# Contacts_lig_ChainB_vs_resid_307,Frame,# Contacts_lig_ChainB_vs_resid_308,Frame,# Contacts_lig_ChainB_vs_resid_309,Frame,# Contacts_lig_ChainB_vs_resid_310,Frame,# Contacts_lig_ChainB_vs_resid_311,Frame,# Contacts_lig_ChainB_vs_resid_312,Frame,# Contacts_lig_ChainB_vs_resid_313,Frame,# Contacts_lig_ChainB_vs_resid_314,Frame,# Contacts_lig_ChainB_vs_resid_315,Frame,# Contacts_lig_ChainB_vs_resid_316,Frame,# Contacts_lig_ChainB_vs_resid_317,Frame,# Contacts_lig_ChainB_vs_resid_318,Frame,# Contacts_lig_ChainB_vs_resid_319,Frame,# Contacts_lig_ChainB_vs_resid_320,Frame,# Contacts_lig_ChainB_vs_resid_321,Frame,# Contacts_lig_ChainB_vs_resid_322,Frame,# Contacts_lig_ChainB_vs_resid_323,Frame,# Contacts_lig_ChainB_vs_resid_324,Frame,# Contacts_lig_ChainB_vs_resid_325,Frame,# Contacts_lig_ChainB_vs_resid_326,Frame,# Contacts_lig_ChainB_vs_resid_327,Frame,# Contacts_lig_ChainB_vs_resid_328,Frame,# Contacts_lig_ChainB_vs_resid_329,Frame,# Contacts_lig_ChainB_vs_resid_330,Frame,# Contacts_lig_ChainB_vs_resid_331,Frame,# Contacts_lig_ChainB_vs_resid_332,Frame,# Contacts_lig_ChainB_vs_resid_333,Frame,# Contacts_lig_ChainB_vs_resid_334,Frame,# Contacts_lig_ChainB_vs_resid_335,Frame,# Contacts_lig_ChainB_vs_resid_336,Frame,# Contacts_lig_ChainB_vs_resid_337,Frame,# Contacts_lig_ChainB_vs_resid_338,Frame,# Contacts_lig_ChainB_vs_resid_339,Frame,# Contacts_lig_ChainB_vs_resid_340,Frame,# Contacts_lig_ChainB_vs_resid_341,Frame,# Contacts_lig_ChainB_vs_resid_342,Frame,# Contacts_lig_ChainB_vs_resid_343,Frame,# Contacts_lig_ChainB_vs_resid_344,Frame,# Contacts_lig_ChainB_vs_resid_345,Frame,# Contacts_lig_ChainB_vs_resid_346,Frame,# Contacts_lig_ChainB_vs_resid_347,Frame,# Contacts_lig_ChainB_vs_resid_348,Frame,# Contacts_lig_ChainB_vs_resid_349,Frame,# Contacts_lig_ChainB_vs_resid_350,Frame,# Contacts_lig_ChainB_vs_resid_351,Frame,# Contacts_lig_ChainB_vs_resid_352,Frame,# Contacts_lig_ChainB_vs_resid_353,Frame,# Contacts_lig_ChainB_vs_resid_354,Frame,# Contacts_lig_ChainB_vs_resid_355,Frame,# Contacts_lig_ChainB_vs_resid_356,Frame,# Contacts_lig_ChainB_vs_resid_357,Frame,# Contacts_lig_ChainB_vs_resid_358,Frame,# Contacts_lig_ChainB_vs_resid_359,Frame,# Contacts_lig_ChainB_vs_resid_360,Frame,# Contacts_lig_ChainB_vs_resid_361,Frame,# Contacts_lig_ChainB_vs_resid_362,Frame,# Contacts_lig_ChainB_vs_resid_363,Frame,# Contacts_lig_ChainB_vs_resid_364,Frame,# Contacts_lig_ChainB_vs_resid_365,Frame,# Contacts_lig_ChainB_vs_resid_366,Frame,# Contacts_lig_ChainB_vs_resid_367,Frame,# Contacts_lig_ChainB_vs_resid_368,Frame,# Contacts_lig_ChainB_vs_resid_369,Frame,# Contacts_lig_ChainB_vs_resid_370,Frame,# Contacts_lig_ChainB_vs_resid_371,Frame,# Contacts_lig_ChainB_vs_resid_372,Frame,# Contacts_lig_ChainB_vs_resid_373,Frame,# Contacts_lig_ChainB_vs_resid_374,Frame,# Contacts_lig_ChainB_vs_resid_375,Frame,# Contacts_lig_ChainB_vs_resid_376,Frame,# Contacts_lig_ChainB_vs_resid_377,Frame,# Contacts_lig_ChainB_vs_resid_378,Frame,# Contacts_lig_ChainB_vs_resid_379,Frame,# Contacts_lig_ChainB_vs_resid_380,Frame,# Contacts_lig_ChainB_vs_resid_381,Frame,# Contacts_lig_ChainB_vs_resid_382,Frame,# Contacts_lig_ChainB_vs_resid_383,Frame,# Contacts_lig_ChainB_vs_resid_384,Frame,# Contacts_lig_ChainB_vs_resid_385,Frame,# Contacts_lig_ChainB_vs_resid_386,Frame,# Contacts_lig_ChainB_vs_resid_387,Frame,# Contacts_lig_ChainB_vs_resid_388,Frame,# Contacts_lig_ChainB_vs_resid_389,Frame,# Contacts_lig_ChainB_vs_resid_390,Frame,# Contacts_lig_ChainB_vs_resid_391,Frame,# Contacts_lig_ChainB_vs_resid_392,Frame,# Contacts_lig_ChainB_vs_resid_393,Frame,# Contacts_lig_ChainB_vs_resid_394,Frame,# Contacts_lig_ChainB_vs_resid_395,Frame,# Contacts_lig_ChainB_vs_resid_396,Frame,# Contacts_lig_ChainB_vs_resid_397,Frame,# Contacts_lig_ChainB_vs_resid_398,Frame,# Contacts_lig_ChainB_vs_resid_399,Frame,# Contacts_lig_ChainB_vs_resid_400,Frame,# Contacts_lig_ChainB_vs_resid_401,Frame,# Contacts_lig_ChainB_vs_resid_402,Frame,# Contacts_lig_ChainB_vs_resid_403,Frame,# Contacts_lig_ChainB_vs_resid_404,Frame,# Contacts_lig_ChainB_vs_resid_405,Frame,# Contacts_lig_ChainB_vs_resid_406,Frame,# Contacts_lig_ChainB_vs_resid_407,Frame,# Contacts_lig_ChainB_vs_resid_408,Frame,# Contacts_lig_ChainB_vs_resid_409,Frame,# Contacts_lig_ChainB_vs_resid_410,Frame,# Contacts_lig_ChainB_vs_resid_411,Frame,# Contacts_lig_ChainB_vs_resid_412,Frame,# Contacts_lig_ChainB_vs_resid_413,Frame,# Contacts_lig_ChainB_vs_resid_414,Frame,# Contacts_lig_ChainB_vs_resid_415,Frame,# Contacts_lig_ChainB_vs_resid_416,Frame,# Contacts_lig_ChainB_vs_resid_417,Frame,# Contacts_lig_ChainB_vs_resid_418,Frame,# Contacts_lig_ChainB_vs_resid_419,Frame,# Contacts_lig_ChainB_vs_resid_420,Frame,# Contacts_lig_ChainB_vs_resid_421,Frame,# Contacts_lig_ChainB_vs_resid_422,Frame,# Contacts_lig_ChainB_vs_resid_423,Frame,# Contacts_lig_ChainB_vs_resid_424,Frame,# Contacts_lig_ChainB_vs_resid_425,Frame,# Contacts_lig_ChainB_vs_resid_426,Frame,# Contacts_lig_ChainB_vs_resid_427,Frame,# Contacts_lig_ChainB_vs_resid_428,Frame,# Contacts_lig_ChainB_vs_resid_429,Frame,# Contacts_lig_ChainB_vs_resid_430,Frame,# Contacts_lig_ChainB_vs_resid_431,Frame,# Contacts_lig_ChainB_vs_resid_432,Frame,# Contacts_lig_ChainB_vs_resid_433,Frame,# Contacts_lig_ChainB_vs_resid_434,Frame,# Contacts_lig_ChainB_vs_resid_435,Frame,# Contacts_lig_ChainB_vs_resid_436,Frame,# Contacts_lig_ChainB_vs_resid_437,Frame,# Contacts_lig_ChainB_vs_resid_438,Frame,# Contacts_lig_ChainB_vs_resid_439,Frame,# Contacts_lig_ChainB_vs_resid_440,Frame,# Contacts_lig_ChainB_vs_resid_441,Frame,# Contacts_lig_ChainB_vs_resid_442,Frame,# Contacts_lig_ChainB_vs_resid_443,Frame,# Contacts_lig_ChainB_vs_resid_444,Frame,# Contacts_lig_ChainB_vs_resid_445,Frame,# Contacts_lig_ChainB_vs_resid_446,Frame,# Contacts_lig_ChainB_vs_resid_447,Frame,# Contacts_lig_ChainB_vs_resid_448,Frame,# Contacts_lig_ChainB_vs_resid_449,Frame,# Contacts_lig_ChainB_vs_resid_450,Frame,# Contacts_lig_ChainB_vs_resid_451,Frame,# Contacts_lig_ChainB_vs_resid_452,Frame,# Contacts_lig_ChainB_vs_resid_453,Frame,# Contacts_lig_ChainB_vs_resid_454,Frame,# Contacts_lig_ChainB_vs_resid_455,Frame,# Contacts_lig_ChainB_vs_resid_456,Frame,# Contacts_lig_ChainB_vs_resid_457,Frame,# Contacts_lig_ChainB_vs_resid_458,Frame,# Contacts_lig_ChainB_vs_resid_459,Frame,# Contacts_lig_ChainB_vs_resid_460,Frame,# Contacts_lig_ChainB_vs_resid_461,Frame,# Contacts_lig_ChainB_vs_resid_462,Frame,# Contacts_lig_ChainB_vs_resid_463,Frame,# Contacts_lig_ChainB_vs_resid_464,Frame,# Contacts_lig_ChainB_vs_resid_465,Frame,# Contacts_lig_ChainB_vs_resid_466,Frame,# Contacts_lig_ChainB_vs_resid_467,Frame,# Contacts_lig_ChainB_vs_resid_468,Frame,# Contacts_lig_ChainB_vs_resid_469,Frame,# Contacts_lig_ChainB_vs_resid_470,Frame,# Contacts_lig_ChainB_vs_resid_471,Frame,# Contacts_lig_ChainB_vs_resid_472,Frame,# Contacts_lig_ChainB_vs_resid_473,Frame,# Contacts_lig_ChainB_vs_resid_474,Frame,# Contacts_lig_ChainB_vs_resid_475,Frame,# Contacts_lig_ChainB_vs_resid_476,Frame,# Contacts_lig_ChainB_vs_resid_477,Frame,# Contacts_lig_ChainB_vs_resid_478,Frame,# Contacts_lig_ChainB_vs_resid_479,Frame,# Contacts_lig_ChainB_vs_resid_480,Frame,# Contacts_lig_ChainB_vs_resid_481,Frame,# Contacts_lig_ChainB_vs_resid_482,Frame,# Contacts_lig_ChainB_vs_resid_483,Frame,# Contacts_lig_ChainB_vs_resid_484,Frame,# Contacts_lig_ChainB_vs_resid_485,Frame,# Contacts_lig_ChainB_vs_resid_486,Frame,# Contacts_lig_ChainB_vs_resid_487,Frame,# Contacts_lig_ChainB_vs_resid_488,Frame,# Contacts_lig_ChainB_vs_resid_489,Frame,# Contacts_lig_ChainB_vs_resid_490,Frame,# Contacts_lig_ChainB_vs_resid_491,Frame,# Contacts_lig_ChainB_vs_resid_492,Frame,# Contacts_lig_ChainB_vs_resid_493,Frame,# Contacts_lig_ChainB_vs_resid_494,Frame,# Contacts_lig_ChainB_vs_resid_495,Frame,# Contacts_lig_ChainB_vs_resid_496,Frame,# Contacts_lig_ChainB_vs_resid_497,Frame,# Contacts_lig_ChainB_vs_resid_498,Frame,# Contacts_lig_ChainB_vs_resid_499,Frame,# Contacts_lig_ChainB_vs_resid_500,Frame,# Contacts_lig_ChainB_vs_resid_501,Frame,# Contacts_lig_ChainB_vs_resid_502,Frame,# Contacts_lig_ChainB_vs_resid_503,Frame,# Contacts_lig_ChainB_vs_resid_504,Frame,# Contacts_lig_ChainB_vs_resid_505,Frame,# Contacts_lig_ChainB_vs_resid_506,Frame,# Contacts_lig_ChainB_vs_resid_507,Frame,# Contacts_lig_ChainB_vs_resid_508,Frame,# Contacts_lig_ChainB_vs_resid_509,Frame,# Contacts_lig_ChainB_vs_resid_510,Frame,# Contacts_lig_ChainB_vs_resid_511,Frame,# Contacts_lig_ChainB_vs_resid_512,Frame,# Contacts_lig_ChainB_vs_resid_513,Frame,# Contacts_lig_ChainB_vs_resid_514,Frame,# Contacts_lig_ChainB_vs_resid_515,Frame,# Contacts_lig_ChainB_vs_resid_516,Frame,# Contacts_lig_ChainB_vs_resid_517,Frame,# Contacts_lig_ChainB_vs_resid_518,Frame,# Contacts_lig_ChainB_vs_resid_519,Frame,# Contacts_lig_ChainB_vs_resid_520,Frame,# Contacts_lig_ChainB_vs_resid_521,Frame,# Contacts_lig_ChainB_vs_resid_522,Frame,# Contacts_lig_ChainB_vs_resid_523,Frame,# Contacts_lig_ChainB_vs_resid_524,Frame,# Contacts_lig_ChainB_vs_resid_525,Frame,# Contacts_lig_ChainB_vs_resid_526,Frame,# Contacts_lig_ChainB_vs_resid_527,Frame,# Contacts_lig_ChainB_vs_resid_528,Frame,# Contacts_lig_ChainB_vs_resid_529,Frame,# Contacts_lig_ChainB_vs_resid_530,Frame,# Contacts_lig_ChainB_vs_resid_531,Frame,# Contacts_lig_ChainB_vs_resid_532,Frame,# Contacts_lig_ChainB_vs_resid_533,Frame,# Contacts_lig_ChainB_vs_resid_534,Frame,# Contacts_lig_ChainB_vs_resid_535,Frame,# Contacts_lig_ChainB_vs_resid_536,Frame,# Contacts_lig_ChainB_vs_resid_537,Frame,# Contacts_lig_ChainB_vs_resid_538,Frame,# Contacts_lig_ChainB_vs_resid_539,Frame,# Contacts_lig_ChainB_vs_resid_540,Frame,# Contacts_lig_ChainB_vs_resid_541,Frame,# Contacts_lig_ChainB_vs_resid_542,Frame,# Contacts_lig_ChainB_vs_resid_543,Frame,# Contacts_lig_ChainB_vs_resid_544,Frame,# Contacts_lig_ChainB_vs_resid_545,Frame,# Contacts_lig_ChainB_vs_resid_546,Frame,# Contacts_lig_ChainB_vs_resid_547,Frame,# Contacts_lig_ChainB_vs_resid_548,Frame,# Contacts_lig_ChainB_vs_resid_549
,,0,0,0,0,0,0,0,0,0,0,0,0,0,0,0,0,0,0,0,0,0,0,0,0,0,0,0,0,0,0,0,0,0,0,0,0,0,0,0,0,0,0,0,0,0,0,0,0,0,0,0,0,0,0,0,0,0,0,0,0,0,0,0,0,0,0,0,0,0,0,0,0,0,0,0,0,0,0,0,0,0,0,0,0,0,0,0,0,0,0,0,0,0,0,0,0,0,0,0,0,0,0,0,0,0,0,0,0,0,0,0,0,0,0,0,0,0,0,0,0,0,0,0,0,0,0,0,0,0,0,0,0,0,0,0,0,0,0,0,0,0,0,0,0,0,0,0,0,0,0,0,0,0,0,0,0,0,0,0,0,0,0,0,0,0,0,0,0,0,0,0,0,0,0,0,0,0,0,0,0,0,0,0,0,0,0,0,0,0,0,0,0,0,0,0,0,0,0,0,0,0,0,0,0,0,0,0,0,0,0,0,0,0,0,0,0,0,0,0,0,0,0,0,0,0,0,0,0,0,0,0,0,0,0,0,0,0,5,0,6,0,0,0,0,0,9,0,0,0,0,0,0,0,0,0,0,0,0,0,0,0,0,0,0,0,0,0,0,0,0,0,0,0,0,0,0,0,0,0,0,0,0,0,0,0,0,0,0,0,0,0,0,0,0,0,0,0,0,0,0,0,0,0,0,0,0,0,0,0,0,0,0,0,0,0,0,0,0,0,0,0,0,0,0,0,0,0,0,0,0,0,0,0,0,0,0,0,0,0,0,0,0,0,0,0,0,0,0,0,0,0,0,0,0,0,0,0,0,0,0,0,0,0,0,0,0,0,0,0,0,0,0,0,0,0,0,0,0,0,0,0,0,0,0,0,0,0,0,0,0,0,3,0,8,0,0,0,0,0,8,0,0,0,0,0,0,0,0,0,0,0,0,0,0,0,0,0,0,0,0,0,0,0,0,0,0,0,0,0,0,0,0,0,0,0,0,0,0,0,0,0,0,0,0,0,0,0,0,0,0,0,0,0,0,0,0,0,0,0,0,0,0,0,0,0,0,0,0,0,0,0,0,0,0,0,0,0,0,0,0,0,0,0,0,0,0,0,0,0,0,0,0,0,0,0,0,0,0,0,0,0,0,0,0,0,0,0,0,0,0,0,0,0,0,0,0,0,0,0,0,0,0,0,0,0,0,0,0,0,0,0,0,0,0,0,0,0,0,0,0,0,0,0,0,0,0,0,0,0,0,0,0,0,0,0,0,0,0,0,0,0,0,0,0,0,0,0,0,0,0,0,0,0,0,0,0,0,0,0,0,0,0,0,0,0,0,0,0,0,0,0,0,0,0,0,0,0,0,0,0,0,0,0,0,0,0,0,0,0,0,0,0,0,0,0,0,0,0,0,0,0,0,0,0,0,0,0,0,0,0,0,0,0,0,0,0,0,0,0,0,0,0,0,0,0,0,0,0,0,0,0,0,0,0,0,0,0,0,0,0,0,0,0,0,0,0,0,0,0,0,0,0,0,0,0,0,0,0,0,0,0,0,0,0,0,0,0,0,0,0,0,0,0,0,0,0,0,0,0,0,0,0,0,0,0,0,0,0,0,0,0,0,0,0,0,0,0,0,0,0,0,0,0,0,0,0,0,0,0,0,0,0,0,0,0,0,0,0,0,0,0,0,0,0,0,0,0,0,0,0,0,0,0,0,0,0,0,0,0,0,0,0,0,0,0,0,0,0,0,0,0,0,0,0,0,0,0,0,0,0,0,0,0,0,0,0,0,0,0,0,0,0,0,0,0,0,0,0,0,0,0,0,0,0,0,0,0,0,0,0,0,0,0,0,0,0,0,0,0,0,0,0,0,0,0,0,0,0,0,0,0,0,0,0,0,0,0,0,0,0,0,0,0,0,0,0,0,0,0,0,0,0,0,0,0,0,0,0,0,0,0,0,0,0,0,0,0,0,0,0,0,0,0,0,0,0,0,0,0,0,0,0,0,0,0,0,0,0,0,0,0,0,0,0,0,0,0,0,0,0,0,0,0,0,0,0,0,0,0,0,0,0,0,0,0,0,0,0,0,0,0,0,0,0,0,0,0,0,0,0,0,0,0,0,0,0,0,0,0,0,0,0,0,0,0,0,0,0,0,0,0,0,0,0,0,0,0,0,0,0,0,0,0,0,0,0,0,0,0,0,0,0,0,0,0,0,0,0,0,0,0,0,0,0,0,0,0,0,0,0,0,0,0,0,0,0,0,0,0,0,0,0,0,0,0,0,0,0,0,0,0,0,0,0,0,0,0,0,0,0,0,0,0,0,0,0,0,0,0,0,0,0,0,0,0,0,0,0,0,0,0,0,0,0,0,0,0,0,0,0,0,0,0,0,0,0,0,0,0,0,0,0,0,0,0,0,0,0,0,0,0,0,0,0,0,0,0,0,0,0,0,0,0,0,0,0,0,0
,,1,0,1,0,1,0,1,0,1,0,1,0,1,0,1,0,1,0,1,0,1,0,1,0,1,0,1,0,1,0,1,0,1,0,1,0,1,0,1,0,1,0,1,0,1,0,1,0,1,0,1,0,1,0,1,0,1,0,1,0,1,0,1,0,1,0,1,0,1,0,1,0,1,0,1,0,1,0,1,0,1,0,1,0,1,0,1,0,1,0,1,0,1,0,1,0,1,0,1,0,1,0,1,0,1,0,1,0,1,0,1,0,1,0,1,0,1,0,1,0,1,0,1,0,1,0,1,0,1,0,1,0,1,0,1,0,1,0,1,0,1,0,1,0,1,0,1,0,1,0,1,0,1,0,1,0,1,0,1,0,1,0,1,0,1,0,1,0,1,0,1,0,1,0,1,0,1,0,1,0,1,0,1,0,1,0,1,0,1,0,1,0,1,0,1,0,1,0,1,0,1,0,1,0,1,0,1,0,1,0,1,0,1,0,1,0,1,0,1,0,1,0,1,0,1,0,1,0,1,0,1,0,1,0,1,0,1,1,1,6,1,0,1,0,1,8,1,0,1,2,1,0,1,0,1,0,1,0,1,0,1,0,1,0,1,0,1,0,1,0,1,0,1,0,1,0,1,0,1,0,1,0,1,0,1,0,1,0,1,0,1,0,1,0,1,0,1,0,1,0,1,0,1,0,1,0,1,0,1,0,1,0,1,0,1,0,1,0,1,0,1,0,1,0,1,0,1,0,1,0,1,0,1,0,1,0,1,0,1,0,1,0,1,0,1,0,1,0,1,0,1,0,1,0,1,0,1,0,1,0,1,0,1,0,1,0,1,0,1,0,1,0,1,0,1,0,1,0,1,0,1,0,1,0,1,0,1,0,1,0,1,3,1,15,1,0,1,0,1,6,1,0,1,0,1,0,1,0,1,0,1,0,1,0,1,0,1,0,1,0,1,0,1,0,1,0,1,0,1,0,1,0,1,0,1,0,1,0,1,0,1,0,1,0,1,0,1,0,1,0,1,0,1,0,1,0,1,0,1,0,1,0,1,0,1,0,1,0,1,0,1,0,1,0,1,0,1,0,1,0,1,0,1,0,1,0,1,0,1,0,1,0,1,0,1,0,1,0,1,0,1,0,1,0,1,0,1,0,1,0,1,0,1,0,1,0,1,0,1,0,1,0,1,0,1,0,1,0,1,0,1,0,1,0,1,0,1,0,1,0,1,0,1,0,1,0,1,0,1,0,1,0,1,0,1,0,1,0,1,0,1,0,1,0,1,0,1,0,1,0,1,0,1,0,1,0,1,0,1,0,1,0,1,0,1,0,1,0,1,0,1,0,1,0,1,0,1,0,1,0,1,0,1,0,1,0,1,0,1,0,1,0,1,0,1,0,1,0,1,0,1,0,1,0,1,0,1,0,1,0,1,0,1,0,1,0,1,0,1,0,1,0,1,0,1,0,1,0,1,0,1,0,1,0,1,0,1,0,1,0,1,0,1,0,1,0,1,0,1,0,1,0,1,0,1,0,1,0,1,0,1,0,1,0,1,0,1,0,1,0,1,0,1,0,1,0,1,0,1,0,1,0,1,0,1,0,1,0,1,0,1,0,1,0,1,0,1,0,1,0,1,0,1,0,1,0,1,0,1,0,1,0,1,0,1,0,1,0,1,0,1,0,1,0,1,0,1,0,1,0,1,0,1,0,1,0,1,0,1,0,1,0,1,0,1,0,1,0,1,0,1,0,1,0,1,0,1,0,1,0,1,0,1,0,1,0,1,0,1,0,1,0,1,0,1,0,1,0,1,0,1,0,1,0,1,0,1,0,1,0,1,0,1,0,1,0,1,0,1,0,1,0,1,0,1,0,1,0,1,0,1,0,1,0,1,0,1,0,1,0,1,0,1,0,1,0,1,0,1,0,1,0,1,0,1,0,1,0,1,0,1,0,1,0,1,0,1,0,1,0,1,0,1,0,1,0,1,0,1,0,1,0,1,0,1,0,1,0,1,0,1,0,1,0,1,0,1,0,1,0,1,0,1,0,1,0,1,0,1,0,1,0,1,0,1,0,1,0,1,0,1,0,1,0,1,0,1,0,1,0,1,0,1,0,1,0,1,0,1,0,1,0,1,0,1,0,1,0,1,0,1,0,1,0,1,0,1,0,1,0,1,0,1,0,1,0,1,0,1,0,1,0,1,0,1,0,1,0,1,0,1,0,1,0,1,0,1,0,1,0,1,0,1,0,1,0,1,0,1,0,1,0,1,0,1,0,1,0,1,0,1,0,1,0,1,0,1,0,1,0,1,0,1,0,1,0,1,0,1,0,1,0,1,0,1,0,1,0,1,0,1,0,1,0,1,0,1,0,1,0,1,0,1,0,1,0,1,0,1,0,1,0,1,0,1,0,1,0,1,0,1,0,1,0,1,0,1,0,1,0,1,0,1,0,1,0,1,0
,,2,0,2,0,2,0,2,0,2,0,2,0,2,0,2,0,2,0,2,0,2,0,2,0,2,0,2,0,2,0,2,0,2,0,2,0,2,0,2,0,2,0,2,0,2,0,2,0,2,0,2,0,2,0,2,0,2,0,2,0,2,0,2,0,2,0,2,0,2,0,2,0,2,0,2,0,2,0,2,0,2,0,2,0,2,0,2,0,2,0,2,0,2,0,2,0,2,0,2,0,2,0,2,0,2,0,2,0,2,0,2,0,2,0,2,0,2,0,2,0,2,0,2,0,2,0,2,0,2,0,2,0,2,0,2,0,2,0,2,0,2,0,2,0,2,0,2,0,2,0,2,0,2,0,2,0,2,0,2,0,2,0,2,0,2,0,2,0,2,0,2,0,2,0,2,0,2,0,2,0,2,0,2,0,2,0,2,0,2,0,2,0,2,0,2,0,2,0,2,0,2,0,2,0,2,0,2,0,2,0,2,0,2,0,2,0,2,0,2,0,2,0,2,0,2,0,2,0,2,0,2,0,2,0,2,0,2,4,2,3,2,0,2,0,2,14,2,0,2,0,2,0,2,0,2,0,2,0,2,0,2,0,2,0,2,0,2,0,2,0,2,0,2,0,2,0,2,0,2,0,2,0,2,0,2,0,2,0,2,0,2,0,2,0,2,0,2,0,2,0,2,0,2,0,2,0,2,0,2,0,2,0,2,0,2,0,2,0,2,0,2,0,2,0,2,0,2,0,2,0,2,0,2,0,2,0,2,0,2,0,2,0,2,0,2,0,2,0,2,0,2,0,2,0,2,0,2,0,2,0,2,0,2,0,2,0,2,0,2,0,2,0,2,0,2,0,2,0,2,0,2,0,2,0,2,0,2,0,2,0,2,9,2,11,2,0,2,0,2,5,2,0,2,0,2,0,2,0,2,0,2,0,2,0,2,0,2,0,2,0,2,0,2,0,2,0,2,0,2,0,2,0,2,0,2,0,2,0,2,0,2,0,2,0,2,0,2,0,2,0,2,0,2,0,2,0,2,0,2,0,2,0,2,0,2,0,2,0,2,0,2,0,2,0,2,0,2,0,2,0,2,0,2,0,2,0,2,0,2,0,2,0,2,0,2,0,2,0,2,0,2,0,2,0,2,0,2,0,2,0,2,0,2,0,2,0,2,0,2,0,2,0,2,0,2,0,2,0,2,0,2,0,2,0,2,0,2,0,2,0,2,0,2,0,2,0,2,0,2,0,2,0,2,0,2,0,2,0,2,0,2,0,2,0,2,0,2,0,2,0,2,0,2,0,2,0,2,0,2,0,2,0,2,0,2,0,2,0,2,0,2,0,2,0,2,0,2,0,2,0,2,0,2,0,2,0,2,0,2,0,2,0,2,0,2,0,2,0,2,0,2,0,2,0,2,0,2,0,2,0,2,0,2,0,2,0,2,0,2,0,2,0,2,0,2,0,2,0,2,0,2,0,2,0,2,0,2,0,2,0,2,0,2,0,2,0,2,0,2,0,2,0,2,0,2,0,2,0,2,0,2,0,2,0,2,0,2,0,2,0,2,0,2,0,2,0,2,0,2,0,2,0,2,0,2,0,2,0,2,0,2,0,2,0,2,0,2,0,2,0,2,0,2,0,2,0,2,0,2,0,2,0,2,0,2,0,2,0,2,0,2,0,2,0,2,0,2,0,2,0,2,0,2,0,2,0,2,0,2,0,2,0,2,0,2,0,2,0,2,0,2,0,2,0,2,0,2,0,2,0,2,0,2,0,2,0,2,0,2,0,2,0,2,0,2,0,2,0,2,0,2,0,2,0,2,0,2,0,2,0,2,0,2,0,2,0,2,0,2,0,2,0,2,0,2,0,2,0,2,0,2,0,2,0,2,0,2,0,2,0,2,0,2,0,2,0,2,0,2,0,2,0,2,0,2,0,2,0,2,0,2,0,2,0,2,0,2,0,2,0,2,0,2,0,2,0,2,0,2,0,2,0,2,0,2,0,2,0,2,0,2,0,2,0,2,0,2,0,2,0,2,0,2,0,2,0,2,0,2,0,2,0,2,0,2,0,2,0,2,0,2,0,2,0,2,0,2,0,2,0,2,0,2,0,2,0,2,0,2,0,2,0,2,0,2,0,2,0,2,0,2,0,2,0,2,0,2,0,2,0,2,0,2,0,2,0,2,0,2,0,2,0,2,0,2,0,2,0,2,0,2,0,2,0,2,0,2,0,2,0,2,0,2,0,2,0,2,0,2,0,2,0,2,0,2,0,2,0,2,0,2,0,2,0,2,0,2,0,2,0,2,0,2,0,2,0,2,0,2,0,2,0,2,0,2,0,2,0,2,0,2,0,2,0,2,0,2,0,2,0,2,0,2,0,2,0,2,0,2,0,2,0,2,0,2,0,2,0,2,0,2,0,2,0,2,0,2,0,2,0,2,0,2,0,2,0,2,0
,,3,0,3,0,3,0,3,0,3,0,3,0,3,0,3,0,3,0,3,0,3,0,3,0,3,0,3,0,3,0,3,0,3,0,3,0,3,0,3,0,3,0,3,0,3,0,3,0,3,0,3,0,3,0,3,0,3,0,3,0,3,0,3,0,3,0,3,0,3,0,3,0,3,0,3,0,3,0,3,0,3,0,3,0,3,0,3,0,3,0,3,0,3,0,3,0,3,0,3,0,3,0,3,0,3,0,3,0,3,0,3,0,3,0,3,0,3,0,3,0,3,0,3,0,3,0,3,0,3,0,3,0,3,0,3,0,3,0,3,0,3,0,3,0,3,0,3,0,3,0,3,0,3,0,3,0,3,0,3,0,3,0,3,0,3,0,3,0,3,0,3,0,3,0,3,0,3,0,3,0,3,0,3,0,3,0,3,0,3,0,3,0,3,0,3,0,3,0,3,0,3,0,3,0,3,0,3,0,3,0,3,0,3,0,3,0,3,0,3,0,3,0,3,0,3,0,3,0,3,0,3,0,3,0,3,0,3,0,3,4,3,0,3,0,3,1,3,0,3,1,3,0,3,0,3,0,3,0,3,0,3,0,3,0,3,0,3,0,3,0,3,0,3,0,3,0,3,0,3,0,3,0,3,0,3,0,3,0,3,0,3,0,3,0,3,0,3,0,3,0,3,0,3,0,3,0,3,0,3,0,3,0,3,0,3,0,3,0,3,0,3,0,3,0,3,0,3,0,3,0,3,0,3,0,3,0,3,0,3,0,3,0,3,0,3,0,3,0,3,0,3,0,3,0,3,0,3,0,3,0,3,0,3,0,3,0,3,0,3,0,3,0,3,0,3,0,3,0,3,0,3,0,3,0,3,0,3,0,3,0,3,0,3,11,3,0,3,0,3,14,3,0,3,0,3,0,3,0,3,0,3,0,3,0,3,0,3,0,3,0,3,0,3,0,3,0,3,0,3,0,3,0,3,0,3,0,3,0,3,0,3,0,3,0,3,0,3,0,3,0,3,0,3,0,3,0,3,0,3,0,3,0,3,0,3,0,3,0,3,0,3,0,3,0,3,0,3,0,3,0,3,0,3,0,3,0,3,0,3,0,3,0,3,0,3,0,3,0,3,0,3,0,3,0,3,0,3,0,3,0,3,0,3,0,3,0,3,0,3,0,3,0,3,0,3,0,3,0,3,0,3,0,3,0,3,0,3,0,3,0,3,0,3,0,3,0,3,0,3,0,3,0,3,0,3,0,3,0,3,0,3,0,3,0,3,0,3,0,3,0,3,0,3,0,3,0,3,0,3,0,3,0,3,0,3,0,3,0,3,0,3,0,3,0,3,0,3,0,3,0,3,0,3,0,3,0,3,0,3,0,3,0,3,0,3,0,3,0,3,0,3,0,3,0,3,0,3,0,3,0,3,0,3,0,3,0,3,0,3,0,3,0,3,0,3,0,3,0,3,0,3,0,3,0,3,0,3,0,3,0,3,0,3,0,3,0,3,0,3,0,3,0,3,0,3,0,3,0,3,0,3,0,3,0,3,0,3,0,3,0,3,0,3,0,3,0,3,0,3,0,3,0,3,0,3,0,3,0,3,0,3,0,3,0,3,0,3,0,3,0,3,0,3,0,3,0,3,0,3,0,3,0,3,0,3,0,3,0,3,0,3,0,3,0,3,0,3,0,3,0,3,0,3,0,3,0,3,0,3,0,3,0,3,0,3,0,3,0,3,0,3,0,3,0,3,0,3,0,3,0,3,0,3,0,3,0,3,0,3,0,3,0,3,0,3,0,3,0,3,0,3,0,3,0,3,0,3,0,3,0,3,0,3,0,3,0,3,0,3,0,3,0,3,0,3,0,3,0,3,0,3,0,3,0,3,0,3,0,3,0,3,0,3,0,3,0,3,0,3,0,3,0,3,0,3,0,3,0,3,0,3,0,3,0,3,0,3,0,3,0,3,0,3,0,3,0,3,0,3,0,3,0,3,0,3,0,3,0,3,0,3,0,3,0,3,0,3,0,3,0,3,0,3,0,3,0,3,0,3,0,3,0,3,0,3,0,3,0,3,0,3,0,3,0,3,0,3,0,3,0,3,0,3,0,3,0,3,0,3,0,3,0,3,0,3,0,3,0,3,0,3,0,3,0,3,0,3,0,3,0,3,0,3,0,3,0,3,0,3,0,3,0,3,0,3,0,3,0,3,0,3,0,3,0,3,0,3,0,3,0,3,0,3,0,3,0,3,0,3,0,3,0,3,0,3,0,3,0,3,0,3,0,3,0,3,0,3,0,3,0,3,0,3,0,3,0,3,0,3,0,3,0,3,0,3,0,3,0,3,0,3,0,3,0,3,0,3,0,3,0,3,0,3,0,3,0,3,0,3,0,3,0,3,0,3,0,3,0,3,0,3,0,3,0,3,0,3,0,3,0,3,0,3,0,3,0,3,0
,,4,0,4,0,4,0,4,0,4,0,4,0,4,0,4,0,4,0,4,0,4,0,4,0,4,0,4,0,4,0,4,0,4,0,4,0,4,0,4,0,4,0,4,0,4,0,4,0,4,0,4,0,4,0,4,0,4,0,4,0,4,0,4,0,4,0,4,0,4,0,4,0,4,0,4,0,4,0,4,0,4,0,4,0,4,0,4,0,4,0,4,0,4,0,4,0,4,0,4,0,4,0,4,0,4,0,4,0,4,0,4,0,4,0,4,0,4,0,4,0,4,0,4,0,4,0,4,0,4,0,4,0,4,0,4,0,4,0,4,0,4,0,4,0,4,0,4,0,4,0,4,0,4,0,4,0,4,0,4,0,4,0,4,0,4,0,4,0,4,0,4,0,4,0,4,0,4,0,4,0,4,0,4,0,4,0,4,0,4,0,4,0,4,0,4,0,4,0,4,0,4,0,4,0,4,0,4,0,4,0,4,0,4,0,4,0,4,0,4,0,4,0,4,0,4,0,4,0,4,0,4,0,4,0,4,0,4,3,4,3,4,0,4,0,4,3,4,0,4,0,4,0,4,0,4,0,4,0,4,0,4,0,4,0,4,0,4,0,4,0,4,0,4,0,4,0,4,0,4,0,4,0,4,0,4,0,4,0,4,0,4,0,4,0,4,0,4,0,4,0,4,0,4,0,4,0,4,0,4,0,4,0,4,0,4,0,4,0,4,0,4,0,4,0,4,0,4,0,4,0,4,0,4,0,4,0,4,0,4,0,4,0,4,0,4,0,4,0,4,0,4,0,4,0,4,0,4,0,4,0,4,0,4,0,4,0,4,0,4,0,4,0,4,0,4,0,4,0,4,0,4,0,4,0,4,0,4,0,4,0,4,5,4,9,4,0,4,0,4,14,4,0,4,0,4,0,4,0,4,0,4,0,4,0,4,0,4,0,4,0,4,0,4,0,4,0,4,0,4,0,4,0,4,0,4,0,4,0,4,0,4,0,4,0,4,0,4,0,4,0,4,0,4,0,4,0,4,0,4,0,4,0,4,0,4,0,4,0,4,0,4,0,4,0,4,0,4,0,4,0,4,0,4,0,4,0,4,0,4,0,4,0,4,0,4,0,4,0,4,0,4,0,4,0,4,0,4,0,4,0,4,0,4,0,4,0,4,0,4,0,4,0,4,0,4,0,4,0,4,0,4,0,4,0,4,0,4,0,4,0,4,0,4,0,4,0,4,0,4,0,4,0,4,0,4,0,4,0,4,0,4,0,4,0,4,0,4,0,4,0,4,0,4,0,4,0,4,0,4,0,4,0,4,0,4,0,4,0,4,0,4,0,4,0,4,0,4,0,4,0,4,0,4,0,4,0,4,0,4,0,4,0,4,0,4,0,4,0,4,0,4,0,4,0,4,0,4,0,4,0,4,0,4,0,4,0,4,0,4,0,4,0,4,0,4,0,4,0,4,0,4,0,4,0,4,0,4,0,4,0,4,0,4,0,4,0,4,0,4,0,4,0,4,0,4,0,4,0,4,0,4,0,4,0,4,0,4,0,4,0,4,0,4,0,4,0,4,0,4,0,4,0,4,0,4,0,4,0,4,0,4,0,4,0,4,0,4,0,4,0,4,0,4,0,4,0,4,0,4,0,4,0,4,0,4,0,4,0,4,0,4,0,4,0,4,0,4,0,4,0,4,0,4,0,4,0,4,0,4,0,4,0,4,0,4,0,4,0,4,0,4,0,4,0,4,0,4,0,4,0,4,0,4,0,4,0,4,0,4,0,4,0,4,0,4,0,4,0,4,0,4,0,4,0,4,0,4,0,4,0,4,0,4,0,4,0,4,0,4,0,4,0,4,0,4,0,4,0,4,0,4,0,4,0,4,0,4,0,4,0,4,0,4,0,4,0,4,0,4,0,4,0,4,0,4,0,4,0,4,0,4,0,4,0,4,0,4,0,4,0,4,0,4,0,4,0,4,0,4,0,4,0,4,0,4,0,4,0,4,0,4,0,4,0,4,0,4,0,4,0,4,0,4,0,4,0,4,0,4,0,4,0,4,0,4,0,4,0,4,0,4,0,4,0,4,0,4,0,4,0,4,0,4,0,4,0,4,0,4,0,4,0,4,0,4,0,4,0,4,0,4,0,4,0,4,0,4,0,4,0,4,0,4,0,4,0,4,0,4,0,4,0,4,0,4,0,4,0,4,0,4,0,4,0,4,0,4,0,4,0,4,0,4,0,4,0,4,0,4,0,4,0,4,0,4,0,4,0,4,0,4,0,4,0,4,0,4,0,4,0,4,0,4,0,4,0,4,0,4,0,4,0,4,0,4,0,4,0,4,0,4,0,4,0,4,0,4,0,4,0,4,0,4,0,4,0,4,0,4,0,4,0,4,0,4,0,4,0,4,0,4,0,4,0,4,0,4,0,4,0,4,0,4,0,4,0,4,0
,,5,0,5,0,5,0,5,0,5,0,5,0,5,0,5,0,5,0,5,0,5,0,5,0,5,0,5,0,5,0,5,0,5,0,5,0,5,0,5,0,5,0,5,0,5,0,5,0,5,0,5,0,5,0,5,0,5,0,5,0,5,0,5,0,5,0,5,0,5,0,5,0,5,0,5,0,5,0,5,0,5,0,5,0,5,0,5,0,5,0,5,0,5,0,5,0,5,0,5,0,5,0,5,0,5,0,5,0,5,0,5,0,5,0,5,0,5,0,5,0,5,0,5,0,5,0,5,0,5,0,5,0,5,0,5,0,5,0,5,0,5,0,5,0,5,0,5,0,5,0,5,0,5,0,5,0,5,0,5,0,5,0,5,0,5,0,5,0,5,0,5,0,5,0,5,0,5,0,5,0,5,0,5,0,5,0,5,0,5,0,5,0,5,0,5,0,5,0,5,0,5,0,5,0,5,0,5,0,5,0,5,0,5,0,5,0,5,0,5,0,5,0,5,0,5,0,5,0,5,0,5,0,5,0,5,0,5,4,5,6,5,0,5,0,5,3,5,0,5,0,5,0,5,0,5,0,5,0,5,0,5,0,5,0,5,0,5,0,5,0,5,0,5,0,5,0,5,0,5,0,5,0,5,0,5,0,5,0,5,0,5,0,5,0,5,0,5,0,5,0,5,0,5,0,5,0,5,0,5,0,5,0,5,0,5,0,5,0,5,0,5,0,5,0,5,0,5,0,5,0,5,0,5,0,5,0,5,0,5,0,5,0,5,0,5,0,5,0,5,0,5,0,5,0,5,0,5,0,5,0,5,0,5,0,5,0,5,0,5,0,5,0,5,0,5,0,5,0,5,0,5,0,5,0,5,0,5,0,5,0,5,3,5,7,5,0,5,0,5,10,5,0,5,0,5,0,5,0,5,0,5,0,5,0,5,0,5,0,5,0,5,0,5,0,5,0,5,0,5,0,5,0,5,0,5,0,5,0,5,0,5,0,5,0,5,0,5,0,5,0,5,0,5,0,5,0,5,0,5,0,5,0,5,0,5,0,5,0,5,0,5,0,5,0,5,0,5,0,5,0,5,0,5,0,5,0,5,0,5,0,5,0,5,0,5,0,5,0,5,0,5,0,5,0,5,0,5,0,5,0,5,0,5,0,5,0,5,0,5,0,5,0,5,0,5,0,5,0,5,0,5,0,5,0,5,0,5,0,5,0,5,0,5,0,5,0,5,0,5,0,5,0,5,0,5,0,5,0,5,0,5,0,5,0,5,0,5,0,5,0,5,0,5,0,5,0,5,0,5,0,5,0,5,0,5,0,5,0,5,0,5,0,5,0,5,0,5,0,5,0,5,0,5,0,5,0,5,0,5,0,5,0,5,0,5,0,5,0,5,0,5,0,5,0,5,0,5,0,5,0,5,0,5,0,5,0,5,0,5,0,5,0,5,0,5,0,5,0,5,0,5,0,5,0,5,0,5,0,5,0,5,0,5,0,5,0,5,0,5,0,5,0,5,0,5,0,5,0,5,0,5,0,5,0,5,0,5,0,5,0,5,0,5,0,5,0,5,0,5,0,5,0,5,0,5,0,5,0,5,0,5,0,5,0,5,0,5,0,5,0,5,0,5,0,5,0,5,0,5,0,5,0,5,0,5,0,5,0,5,0,5,0,5,0,5,0,5,0,5,0,5,0,5,0,5,0,5,0,5,0,5,0,5,0,5,0,5,0,5,0,5,0,5,0,5,0,5,0,5,0,5,0,5,0,5,0,5,0,5,0,5,0,5,0,5,0,5,0,5,0,5,0,5,0,5,0,5,0,5,0,5,0,5,0,5,0,5,0,5,0,5,0,5,0,5,0,5,0,5,0,5,0,5,0,5,0,5,0,5,0,5,0,5,0,5,0,5,0,5,0,5,0,5,0,5,0,5,0,5,0,5,0,5,0,5,0,5,0,5,0,5,0,5,0,5,0,5,0,5,0,5,0,5,0,5,0,5,0,5,0,5,0,5,0,5,0,5,0,5,0,5,0,5,0,5,0,5,0,5,0,5,0,5,0,5,0,5,0,5,0,5,0,5,0,5,0,5,0,5,0,5,0,5,0,5,0,5,0,5,0,5,0,5,0,5,0,5,0,5,0,5,0,5,0,5,0,5,0,5,0,5,0,5,0,5,0,5,0,5,0,5,0,5,0,5,0,5,0,5,0,5,0,5,0,5,0,5,0,5,0,5,0,5,0,5,0,5,0,5,0,5,0,5,0,5,0,5,0,5,0,5,0,5,0,5,0,5,0,5,0,5,0,5,0,5,0,5,0,5,0,5,0,5,0,5,0,5,0,5,0,5,0,5,0,5,0,5,0,5,0,5,0,5,0,5,0,5,0,5,0,5,0,5,0,5,0,5,0,5,0,5,0,5,0,5,0,5,0,5,0,5,0,5,0,5,0,5,0
,,6,0,6,0,6,0,6,0,6,0,6,0,6,0,6,0,6,0,6,0,6,0,6,0,6,0,6,0,6,0,6,0,6,0,6,0,6,0,6,0,6,0,6,0,6,0,6,0,6,0,6,0,6,0,6,0,6,0,6,0,6,0,6,0,6,0,6,0,6,0,6,0,6,0,6,0,6,0,6,0,6,0,6,0,6,0,6,0,6,0,6,0,6,0,6,0,6,0,6,0,6,0,6,0,6,0,6,0,6,0,6,0,6,0,6,0,6,0,6,0,6,0,6,0,6,0,6,0,6,0,6,0,6,0,6,0,6,0,6,0,6,0,6,0,6,0,6,0,6,0,6,0,6,0,6,0,6,0,6,0,6,0,6,0,6,0,6,0,6,0,6,0,6,0,6,0,6,0,6,0,6,0,6,0,6,0,6,0,6,0,6,0,6,0,6,0,6,0,6,0,6,0,6,0,6,0,6,0,6,0,6,0,6,0,6,0,6,0,6,0,6,0,6,0,6,0,6,0,6,0,6,0,6,0,6,0,6,0,6,4,6,0,6,0,6,3,6,0,6,2,6,0,6,0,6,0,6,0,6,0,6,0,6,0,6,0,6,0,6,0,6,0,6,0,6,0,6,0,6,0,6,0,6,0,6,0,6,0,6,0,6,0,6,0,6,0,6,0,6,0,6,0,6,0,6,0,6,0,6,0,6,0,6,0,6,0,6,0,6,0,6,0,6,0,6,0,6,0,6,0,6,0,6,0,6,0,6,0,6,0,6,0,6,0,6,0,6,0,6,0,6,0,6,0,6,0,6,0,6,0,6,0,6,0,6,0,6,0,6,0,6,0,6,0,6,0,6,0,6,0,6,0,6,0,6,0,6,0,6,0,6,2,6,17,6,0,6,0,6,8,6,0,6,0,6,0,6,0,6,0,6,0,6,0,6,0,6,0,6,0,6,0,6,0,6,0,6,0,6,0,6,0,6,0,6,0,6,0,6,0,6,0,6,0,6,0,6,0,6,0,6,0,6,0,6,0,6,0,6,0,6,0,6,0,6,0,6,0,6,0,6,0,6,0,6,0,6,0,6,0,6,0,6,0,6,0,6,0,6,0,6,0,6,0,6,0,6,0,6,0,6,0,6,0,6,0,6,0,6,0,6,0,6,0,6,0,6,0,6,0,6,0,6,0,6,0,6,0,6,0,6,0,6,0,6,0,6,0,6,0,6,0,6,0,6,0,6,0,6,0,6,0,6,0,6,0,6,0,6,0,6,0,6,0,6,0,6,0,6,0,6,0,6,0,6,0,6,0,6,0,6,0,6,0,6,0,6,0,6,0,6,0,6,0,6,0,6,0,6,0,6,0,6,0,6,0,6,0,6,0,6,0,6,0,6,0,6,0,6,0,6,0,6,0,6,0,6,0,6,0,6,0,6,0,6,0,6,0,6,0,6,0,6,0,6,0,6,0,6,0,6,0,6,0,6,0,6,0,6,0,6,0,6,0,6,0,6,0,6,0,6,0,6,0,6,0,6,0,6,0,6,0,6,0,6,0,6,0,6,0,6,0,6,0,6,0,6,0,6,0,6,0,6,0,6,0,6,0,6,0,6,0,6,0,6,0,6,0,6,0,6,0,6,0,6,0,6,0,6,0,6,0,6,0,6,0,6,0,6,0,6,0,6,0,6,0,6,0,6,0,6,0,6,0,6,0,6,0,6,0,6,0,6,0,6,0,6,0,6,0,6,0,6,0,6,0,6,0,6,0,6,0,6,0,6,0,6,0,6,0,6,0,6,0,6,0,6,0,6,0,6,0,6,0,6,0,6,0,6,0,6,0,6,0,6,0,6,0,6,0,6,0,6,0,6,0,6,0,6,0,6,0,6,0,6,0,6,0,6,0,6,0,6,0,6,0,6,0,6,0,6,0,6,0,6,0,6,0,6,0,6,0,6,0,6,0,6,0,6,0,6,0,6,0,6,0,6,0,6,0,6,0,6,0,6,0,6,0,6,0,6,0,6,0,6,0,6,0,6,0,6,0,6,0,6,0,6,0,6,0,6,0,6,0,6,0,6,0,6,0,6,0,6,0,6,0,6,0,6,0,6,0,6,0,6,0,6,0,6,0,6,0,6,0,6,0,6,0,6,0,6,0,6,0,6,0,6,0,6,0,6,0,6,0,6,0,6,0,6,0,6,0,6,0,6,0,6,0,6,0,6,0,6,0,6,0,6,0,6,0,6,0,6,0,6,0,6,0,6,0,6,0,6,0,6,0,6,0,6,0,6,0,6,0,6,0,6,0,6,0,6,0,6,0,6,0,6,0,6,0,6,0,6,0,6,0,6,0,6,0,6,0,6,0,6,0,6,0,6,0,6,0,6,0,6,0,6,0,6,0,6,0,6,0,6,0,6,0,6,0,6,0,6,0,6,0,6,0,6,0,6,0,6,0,6,0,6,0
,,7,0,7,0,7,0,7,0,7,0,7,0,7,0,7,0,7,0,7,0,7,0,7,0,7,0,7,0,7,0,7,0,7,0,7,0,7,0,7,0,7,0,7,0,7,0,7,0,7,0,7,0,7,0,7,0,7,0,7,0,7,0,7,0,7,0,7,0,7,0,7,0,7,0,7,0,7,0,7,0,7,0,7,0,7,0,7,0,7,0,7,0,7,0,7,0,7,0,7,0,7,0,7,0,7,0,7,0,7,0,7,0,7,0,7,0,7,0,7,0,7,0,7,0,7,0,7,0,7,0,7,0,7,0,7,0,7,0,7,0,7,0,7,0,7,0,7,0,7,0,7,0,7,0,7,0,7,0,7,0,7,0,7,0,7,0,7,0,7,0,7,0,7,0,7,0,7,0,7,0,7,0,7,0,7,0,7,0,7,0,7,0,7,0,7,0,7,0,7,0,7,0,7,0,7,0,7,0,7,0,7,0,7,0,7,0,7,0,7,0,7,0,7,0,7,0,7,0,7,1,7,0,7,0,7,0,7,5,7,2,7,0,7,0,7,5,7,0,7,0,7,0,7,0,7,0,7,0,7,0,7,0,7,0,7,0,7,0,7,0,7,0,7,0,7,0,7,0,7,0,7,0,7,0,7,0,7,0,7,0,7,0,7,0,7,0,7,0,7,0,7,0,7,0,7,0,7,0,7,0,7,0,7,0,7,0,7,0,7,0,7,0,7,0,7,0,7,0,7,0,7,0,7,0,7,0,7,0,7,0,7,0,7,0,7,0,7,0,7,0,7,0,7,0,7,0,7,0,7,0,7,0,7,0,7,0,7,0,7,0,7,0,7,0,7,0,7,0,7,0,7,0,7,0,7,0,7,0,7,0,7,6,7,8,7,0,7,0,7,12,7,0,7,0,7,0,7,0,7,0,7,0,7,0,7,0,7,0,7,0,7,0,7,0,7,0,7,0,7,0,7,0,7,0,7,0,7,0,7,0,7,0,7,0,7,0,7,0,7,0,7,0,7,0,7,0,7,0,7,0,7,0,7,0,7,0,7,0,7,0,7,0,7,0,7,0,7,0,7,0,7,0,7,0,7,0,7,0,7,0,7,0,7,0,7,0,7,0,7,0,7,0,7,0,7,0,7,0,7,0,7,0,7,0,7,0,7,0,7,0,7,0,7,0,7,0,7,0,7,0,7,0,7,0,7,0,7,0,7,0,7,0,7,0,7,0,7,0,7,0,7,0,7,0,7,0,7,0,7,0,7,0,7,0,7,0,7,0,7,0,7,0,7,0,7,0,7,0,7,0,7,0,7,0,7,0,7,0,7,0,7,0,7,0,7,0,7,0,7,0,7,0,7,0,7,0,7,0,7,0,7,0,7,0,7,0,7,0,7,0,7,0,7,0,7,0,7,0,7,0,7,0,7,0,7,0,7,0,7,0,7,0,7,0,7,0,7,0,7,0,7,0,7,0,7,0,7,0,7,0,7,0,7,0,7,0,7,0,7,0,7,0,7,0,7,0,7,0,7,0,7,0,7,0,7,0,7,0,7,0,7,0,7,0,7,0,7,0,7,0,7,0,7,0,7,0,7,0,7,0,7,0,7,0,7,0,7,0,7,0,7,0,7,0,7,0,7,0,7,0,7,0,7,0,7,0,7,0,7,0,7,0,7,0,7,0,7,0,7,0,7,0,7,0,7,0,7,0,7,0,7,0,7,0,7,0,7,0,7,0,7,0,7,0,7,0,7,0,7,0,7,0,7,0,7,0,7,0,7,0,7,0,7,0,7,0,7,0,7,0,7,0,7,0,7,0,7,0,7,0,7,0,7,0,7,0,7,0,7,0,7,0,7,0,7,0,7,0,7,0,7,0,7,0,7,0,7,0,7,0,7,0,7,0,7,0,7,0,7,0,7,0,7,0,7,0,7,0,7,0,7,0,7,0,7,0,7,0,7,0,7,0,7,0,7,0,7,0,7,0,7,0,7,0,7,0,7,0,7,0,7,0,7,0,7,0,7,0,7,0,7,0,7,0,7,0,7,0,7,0,7,0,7,0,7,0,7,0,7,0,7,0,7,0,7,0,7,0,7,0,7,0,7,0,7,0,7,0,7,0,7,0,7,0,7,0,7,0,7,0,7,0,7,0,7,0,7,0,7,0,7,0,7,0,7,0,7,0,7,0,7,0,7,0,7,0,7,0,7,0,7,0,7,0,7,0,7,0,7,0,7,0,7,0,7,0,7,0,7,0,7,0,7,0,7,0,7,0,7,0,7,0,7,0,7,0,7,0,7,0,7,0,7,0,7,0,7,0,7,0,7,0,7,0,7,0,7,0,7,0,7,0,7,0,7,0,7,0,7,0,7,0,7,0,7,0,7,0,7,0,7,0,7,0,7,0,7,0,7,0,7,0,7,0,7,0,7,0,7,0,7,0,7,0,7,0,7,0
,,8,0,8,0,8,0,8,0,8,0,8,0,8,0,8,0,8,0,8,0,8,0,8,0,8,0,8,0,8,0,8,0,8,0,8,0,8,0,8,0,8,0,8,0,8,0,8,0,8,0,8,0,8,0,8,0,8,0,8,0,8,0,8,0,8,0,8,0,8,0,8,0,8,0,8,0,8,0,8,0,8,0,8,0,8,0,8,0,8,0,8,0,8,0,8,0,8,0,8,0,8,0,8,0,8,0,8,0,8,0,8,0,8,0,8,0,8,0,8,0,8,0,8,0,8,0,8,0,8,0,8,0,8,0,8,0,8,0,8,0,8,0,8,0,8,0,8,0,8,0,8,0,8,0,8,0,8,0,8,0,8,0,8,0,8,0,8,0,8,0,8,0,8,0,8,0,8,0,8,0,8,0,8,0,8,0,8,0,8,0,8,0,8,0,8,0,8,0,8,0,8,0,8,0,8,0,8,0,8,0,8,0,8,0,8,0,8,0,8,0,8,0,8,0,8,0,8,0,8,0,8,0,8,0,8,0,8,1,8,4,8,0,8,0,8,2,8,0,8,0,8,0,8,0,8,0,8,0,8,0,8,0,8,0,8,0,8,0,8,0,8,0,8,0,8,0,8,0,8,0,8,0,8,0,8,0,8,0,8,0,8,0,8,0,8,0,8,0,8,0,8,0,8,0,8,0,8,0,8,0,8,0,8,0,8,0,8,0,8,0,8,0,8,0,8,0,8,0,8,0,8,0,8,0,8,0,8,0,8,0,8,0,8,0,8,0,8,0,8,0,8,0,8,0,8,0,8,0,8,0,8,0,8,0,8,0,8,0,8,0,8,0,8,0,8,0,8,0,8,0,8,0,8,0,8,0,8,0,8,0,8,3,8,9,8,0,8,0,8,15,8,0,8,0,8,0,8,0,8,0,8,0,8,0,8,0,8,0,8,0,8,0,8,0,8,0,8,0,8,0,8,0,8,0,8,0,8,0,8,0,8,0,8,0,8,0,8,0,8,0,8,0,8,0,8,0,8,0,8,0,8,0,8,0,8,0,8,0,8,0,8,0,8,0,8,0,8,0,8,0,8,0,8,0,8,0,8,0,8,0,8,0,8,0,8,0,8,0,8,0,8,0,8,0,8,0,8,0,8,0,8,0,8,0,8,0,8,0,8,0,8,0,8,0,8,0,8,0,8,0,8,0,8,0,8,0,8,0,8,0,8,0,8,0,8,0,8,0,8,0,8,0,8,0,8,0,8,0,8,0,8,0,8,0,8,0,8,0,8,0,8,0,8,0,8,0,8,0,8,0,8,0,8,0,8,0,8,0,8,0,8,0,8,0,8,0,8,0,8,0,8,0,8,0,8,0,8,0,8,0,8,0,8,0,8,0,8,0,8,0,8,0,8,0,8,0,8,0,8,0,8,0,8,0,8,0,8,0,8,0,8,0,8,0,8,0,8,0,8,0,8,0,8,0,8,0,8,0,8,0,8,0,8,0,8,0,8,0,8,0,8,0,8,0,8,0,8,0,8,0,8,0,8,0,8,0,8,0,8,0,8,0,8,0,8,0,8,0,8,0,8,0,8,0,8,0,8,0,8,0,8,0,8,0,8,0,8,0,8,0,8,0,8,0,8,0,8,0,8,0,8,0,8,0,8,0,8,0,8,0,8,0,8,0,8,0,8,0,8,0,8,0,8,0,8,0,8,0,8,0,8,0,8,0,8,0,8,0,8,0,8,0,8,0,8,0,8,0,8,0,8,0,8,0,8,0,8,0,8,0,8,0,8,0,8,0,8,0,8,0,8,0,8,0,8,0,8,0,8,0,8,0,8,0,8,0,8,0,8,0,8,0,8,0,8,0,8,0,8,0,8,0,8,0,8,0,8,0,8,0,8,0,8,0,8,0,8,0,8,0,8,0,8,0,8,0,8,0,8,0,8,0,8,0,8,0,8,0,8,0,8,0,8,0,8,0,8,0,8,0,8,0,8,0,8,0,8,0,8,0,8,0,8,0,8,0,8,0,8,0,8,0,8,0,8,0,8,0,8,0,8,0,8,0,8,0,8,0,8,0,8,0,8,0,8,0,8,0,8,0,8,0,8,0,8,0,8,0,8,0,8,0,8,0,8,0,8,0,8,0,8,0,8,0,8,0,8,0,8,0,8,0,8,0,8,0,8,0,8,0,8,0,8,0,8,0,8,0,8,0,8,0,8,0,8,0,8,0,8,0,8,0,8,0,8,0,8,0,8,0,8,0,8,0,8,0,8,0,8,0,8,0,8,0,8,0,8,0,8,0,8,0,8,0,8,0,8,0,8,0,8,0,8,0,8,0,8,0,8,0,8,0,8,0,8,0,8,0,8,0,8,0,8,0,8,0,8,0,8,0,8,0,8,0,8,0,8,0,8,0,8,0,8,0,8,0,8,0,8,0,8,0,8,0,8,0,8,0
,,9,0,9,0,9,0,9,0,9,0,9,0,9,0,9,0,9,0,9,0,9,0,9,0,9,0,9,0,9,0,9,0,9,0,9,0,9,0,9,0,9,0,9,0,9,0,9,0,9,0,9,0,9,0,9,0,9,0,9,0,9,0,9,0,9,0,9,0,9,0,9,0,9,0,9,0,9,0,9,0,9,0,9,0,9,0,9,0,9,0,9,0,9,0,9,0,9,0,9,0,9,0,9,0,9,0,9,0,9,0,9,0,9,0,9,0,9,0,9,0,9,0,9,0,9,0,9,0,9,0,9,0,9,0,9,0,9,0,9,0,9,0,9,0,9,0,9,0,9,0,9,0,9,0,9,0,9,0,9,0,9,0,9,0,9,0,9,0,9,0,9,0,9,0,9,0,9,0,9,0,9,0,9,0,9,0,9,0,9,0,9,0,9,0,9,0,9,0,9,0,9,0,9,0,9,0,9,0,9,0,9,0,9,0,9,0,9,0,9,0,9,0,9,0,9,0,9,0,9,0,9,0,9,0,9,0,9,0,9,2,9,0,9,0,9,0,9,0,9,2,9,0,9,0,9,0,9,0,9,0,9,0,9,0,9,0,9,0,9,0,9,0,9,0,9,0,9,0,9,0,9,0,9,0,9,0,9,0,9,0,9,0,9,0,9,0,9,0,9,0,9,0,9,0,9,0,9,0,9,0,9,0,9,0,9,0,9,0,9,0,9,0,9,1,9,0,9,0,9,0,9,0,9,0,9,0,9,0,9,0,9,0,9,0,9,2,9,0,9,0,9,0,9,0,9,0,9,0,9,0,9,0,9,0,9,0,9,0,9,0,9,0,9,0,9,0,9,0,9,0,9,0,9,0,9,0,9,0,9,0,9,0,9,18,9,0,9,0,9,12,9,0,9,0,9,0,9,0,9,0,9,0,9,0,9,0,9,0,9,0,9,0,9,0,9,0,9,0,9,0,9,0,9,0,9,0,9,0,9,0,9,0,9,0,9,0,9,0,9,0,9,0,9,0,9,0,9,0,9,0,9,0,9,0,9,0,9,0,9,0,9,0,9,0,9,0,9,0,9,0,9,0,9,0,9,0,9,0,9,0,9,0,9,0,9,0,9,0,9,0,9,0,9,0,9,0,9,0,9,0,9,0,9,0,9,0,9,0,9,0,9,0,9,0,9,0,9,0,9,0,9,0,9,0,9,0,9,0,9,0,9,0,9,0,9,0,9,0,9,0,9,0,9,0,9,0,9,0,9,0,9,0,9,0,9,0,9,0,9,0,9,0,9,0,9,0,9,0,9,0,9,0,9,0,9,0,9,0,9,0,9,0,9,0,9,0,9,0,9,0,9,0,9,0,9,0,9,0,9,0,9,0,9,0,9,0,9,0,9,0,9,0,9,0,9,0,9,0,9,0,9,0,9,0,9,0,9,0,9,0,9,0,9,0,9,0,9,0,9,0,9,0,9,0,9,0,9,0,9,0,9,0,9,0,9,0,9,0,9,0,9,0,9,0,9,0,9,0,9,0,9,0,9,0,9,0,9,0,9,0,9,0,9,0,9,0,9,0,9,0,9,0,9,0,9,0,9,0,9,0,9,0,9,0,9,0,9,0,9,0,9,0,9,0,9,0,9,0,9,0,9,0,9,0,9,0,9,0,9,0,9,0,9,0,9,0,9,0,9,0,9,0,9,0,9,0,9,0,9,0,9,0,9,0,9,0,9,0,9,0,9,0,9,0,9,0,9,0,9,0,9,0,9,0,9,0,9,0,9,0,9,0,9,0,9,0,9,0,9,0,9,0,9,0,9,0,9,0,9,0,9,0,9,0,9,0,9,0,9,0,9,0,9,0,9,0,9,0,9,0,9,0,9,0,9,0,9,0,9,0,9,0,9,0,9,0,9,0,9,0,9,0,9,0,9,0,9,0,9,0,9,0,9,0,9,0,9,0,9,0,9,0,9,0,9,0,9,0,9,0,9,0,9,0,9,0,9,0,9,0,9,0,9,0,9,0,9,0,9,0,9,0,9,0,9,0,9,0,9,0,9,0,9,0,9,0,9,0,9,0,9,0,9,0,9,0,9,0,9,0,9,0,9,0,9,0,9,0,9,0,9,0,9,0,9,0,9,0,9,0,9,0,9,0,9,0,9,0,9,0,9,0,9,0,9,0,9,0,9,0,9,0,9,0,9,0,9,0,9,0,9,0,9,0,9,0,9,0,9,0,9,0,9,0,9,0,9,0,9,0,9,0,9,0,9,0,9,0,9,0,9,0,9,0,9,0,9,0,9,0,9,0,9,0,9,0,9,0,9,0,9,0,9,0,9,0,9,0,9,0,9,0,9,0,9,0,9,0,9,0,9,0,9,0,9,0,9,0,9,0,9,0,9,0,9,0,9,0,9,0,9,0,9,0,9,0,9,0,9,0,9,0,9,0,9,0,9,0
,,10,0,10,0,10,0,10,0,10,0,10,0,10,0,10,0,10,0,10,0,10,0,10,0,10,0,10,0,10,0,10,0,10,0,10,0,10,0,10,0,10,0,10,0,10,0,10,0,10,0,10,0,10,0,10,0,10,0,10,0,10,0,10,0,10,0,10,0,10,0,10,0,10,0,10,0,10,0,10,0,10,0,10,0,10,0,10,0,10,0,10,0,10,0,10,0,10,0,10,0,10,0,10,0,10,0,10,0,10,0,10,0,10,0,10,0,10,0,10,0,10,0,10,0,10,0,10,0,10,0,10,0,10,0,10,0,10,0,10,0,10,0,10,0,10,0,10,0,10,0,10,0,10,0,10,0,10,0,10,0,10,0,10,0,10,0,10,0,10,0,10,0,10,0,10,0,10,0,10,0,10,0,10,0,10,0,10,0,10,0,10,0,10,0,10,0,10,0,10,0,10,0,10,0,10,0,10,0,10,0,10,0,10,0,10,0,10,0,10,0,10,0,10,0,10,0,10,0,10,0,10,0,10,0,10,0,10,3,10,5,10,0,10,0,10,4,10,0,10,1,10,0,10,0,10,0,10,0,10,0,10,0,10,0,10,0,10,0,10,0,10,0,10,0,10,0,10,0,10,0,10,0,10,0,10,0,10,0,10,0,10,0,10,0,10,0,10,0,10,0,10,0,10,0,10,0,10,0,10,0,10,0,10,0,10,0,10,0,10,0,10,0,10,0,10,0,10,0,10,0,10,0,10,0,10,0,10,0,10,0,10,0,10,0,10,0,10,0,10,0,10,0,10,0,10,0,10,0,10,0,10,0,10,0,10,0,10,0,10,0,10,0,10,0,10,0,10,0,10,0,10,0,10,0,10,0,10,0,10,0,10,2,10,7,10,0,10,0,10,10,10,0,10,0,10,0,10,0,10,0,10,0,10,0,10,0,10,0,10,0,10,0,10,0,10,0,10,0,10,0,10,0,10,0,10,0,10,0,10,0,10,0,10,0,10,0,10,0,10,0,10,0,10,0,10,0,10,0,10,0,10,0,10,0,10,0,10,0,10,0,10,0,10,0,10,0,10,0,10,0,10,0,10,0,10,0,10,0,10,0,10,0,10,0,10,0,10,0,10,0,10,0,10,0,10,0,10,0,10,0,10,0,10,0,10,0,10,0,10,0,10,0,10,0,10,0,10,0,10,0,10,0,10,0,10,0,10,0,10,0,10,0,10,0,10,0,10,0,10,0,10,0,10,0,10,0,10,0,10,0,10,0,10,0,10,0,10,0,10,0,10,0,10,0,10,0,10,0,10,0,10,0,10,0,10,0,10,0,10,0,10,0,10,0,10,0,10,0,10,0,10,0,10,0,10,0,10,0,10,0,10,0,10,0,10,0,10,0,10,0,10,0,10,0,10,0,10,0,10,0,10,0,10,0,10,0,10,0,10,0,10,0,10,0,10,0,10,0,10,0,10,0,10,0,10,0,10,0,10,0,10,0,10,0,10,0,10,0,10,0,10,0,10,0,10,0,10,0,10,0,10,0,10,0,10,0,10,0,10,0,10,0,10,0,10,0,10,0,10,0,10,0,10,0,10,0,10,0,10,0,10,0,10,0,10,0,10,0,10,0,10,0,10,0,10,0,10,0,10,0,10,0,10,0,10,0,10,0,10,0,10,0,10,0,10,0,10,0,10,0,10,0,10,0,10,0,10,0,10,0,10,0,10,0,10,0,10,0,10,0,10,0,10,0,10,0,10,0,10,0,10,0,10,0,10,0,10,0,10,0,10,0,10,0,10,0,10,0,10,0,10,0,10,0,10,0,10,0,10,0,10,0,10,0,10,0,10,0,10,0,10,0,10,0,10,0,10,0,10,0,10,0,10,0,10,0,10,0,10,0,10,0,10,0,10,0,10,0,10,0,10,0,10,0,10,0,10,0,10,0,10,0,10,0,10,0,10,0,10,0,10,0,10,0,10,0,10,0,10,0,10,0,10,0,10,0,10,0,10,0,10,0,10,0,10,0,10,0,10,0,10,0,10,0,10,0,10,0,10,0,10,0,10,0,10,0,10,0,10,0,10,0,10,0,10,0,10,0,10,0,10,0,10,0,10,0,10,0,10,0,10,0,10,0,10,0,10,0,10,0,10,0,10,0,10,0,10,0,10,0,10,0,10,0,10,0,10,0,10,0,10,0,10,0,10,0,10,0,10,0,10,0,10,0,10,0,10,0,10,0,10,0,10,0,10,0,10,0,10,0,10,0,10,0,10,0,10,0,10,0,10,0,10,0,10,0,10,0,10,0,10,0,10,0,10,0,10,0,10,0,10,0,10,0,10,0,10,0,10,0,10,0,10,0,10,0,10,0,10,0,10,0,10,0,10,0,10,0,10,0,10,0,10,0,10,0,10,0,10,0,10,0,10,0,10,0,10,0,10,0,10,0,10,0,10,0,10,0
,,11,0,11,0,11,0,11,0,11,0,11,0,11,0,11,0,11,0,11,0,11,0,11,0,11,0,11,0,11,0,11,0,11,0,11,0,11,0,11,0,11,0,11,0,11,0,11,0,11,0,11,0,11,0,11,0,11,0,11,0,11,0,11,0,11,0,11,0,11,0,11,0,11,0,11,0,11,0,11,0,11,0,11,0,11,0,11,0,11,0,11,0,11,0,11,0,11,0,11,0,11,0,11,0,11,0,11,0,11,0,11,0,11,0,11,0,11,0,11,0,11,0,11,0,11,0,11,0,11,0,11,0,11,0,11,0,11,0,11,0,11,0,11,0,11,0,11,0,11,0,11,0,11,0,11,0,11,0,11,0,11,0,11,0,11,0,11,0,11,0,11,0,11,0,11,0,11,0,11,0,11,0,11,0,11,0,11,0,11,0,11,0,11,0,11,0,11,0,11,0,11,0,11,0,11,0,11,0,11,0,11,0,11,0,11,0,11,0,11,0,11,0,11,0,11,0,11,0,11,0,11,0,11,0,11,0,11,0,11,6,11,0,11,0,11,1,11,0,11,1,11,0,11,0,11,0,11,0,11,0,11,0,11,0,11,0,11,0,11,0,11,0,11,0,11,0,11,0,11,0,11,0,11,0,11,0,11,0,11,0,11,0,11,0,11,0,11,0,11,0,11,0,11,0,11,0,11,0,11,0,11,0,11,0,11,0,11,0,11,0,11,0,11,0,11,0,11,0,11,0,11,0,11,0,11,0,11,0,11,0,11,0,11,0,11,1,11,0,11,0,11,0,11,0,11,0,11,0,11,0,11,0,11,0,11,0,11,0,11,0,11,0,11,0,11,0,11,0,11,0,11,0,11,0,11,0,11,0,11,0,11,1,11,16,11,0,11,0,11,13,11,0,11,0,11,0,11,0,11,0,11,0,11,0,11,0,11,0,11,0,11,0,11,0,11,0,11,0,11,0,11,0,11,0,11,0,11,0,11,0,11,0,11,0,11,0,11,0,11,0,11,0,11,0,11,0,11,0,11,0,11,0,11,0,11,0,11,0,11,0,11,0,11,0,11,0,11,0,11,0,11,0,11,0,11,0,11,0,11,0,11,0,11,0,11,0,11,0,11,0,11,0,11,0,11,0,11,0,11,0,11,0,11,0,11,0,11,0,11,0,11,0,11,0,11,0,11,0,11,0,11,0,11,0,11,0,11,0,11,0,11,0,11,0,11,0,11,0,11,0,11,0,11,0,11,0,11,0,11,0,11,0,11,0,11,0,11,0,11,0,11,0,11,0,11,0,11,0,11,0,11,0,11,0,11,0,11,0,11,0,11,0,11,0,11,0,11,0,11,0,11,0,11,0,11,0,11,0,11,0,11,0,11,0,11,0,11,0,11,0,11,0,11,0,11,0,11,0,11,0,11,0,11,0,11,0,11,0,11,0,11,0,11,0,11,0,11,0,11,0,11,0,11,0,11,0,11,0,11,0,11,0,11,0,11,0,11,0,11,0,11,0,11,0,11,0,11,0,11,0,11,0,11,0,11,0,11,0,11,0,11,0,11,0,11,0,11,0,11,0,11,0,11,0,11,0,11,0,11,0,11,0,11,0,11,0,11,0,11,0,11,0,11,0,11,0,11,0,11,0,11,0,11,0,11,0,11,0,11,0,11,0,11,0,11,0,11,0,11,0,11,0,11,0,11,0,11,0,11,0,11,0,11,0,11,0,11,0,11,0,11,0,11,0,11,0,11,0,11,0,11,0,11,0,11,0,11,0,11,0,11,0,11,0,11,0,11,0,11,0,11,0,11,0,11,0,11,0,11,0,11,0,11,0,11,0,11,0,11,0,11,0,11,0,11,0,11,0,11,0,11,0,11,0,11,0,11,0,11,0,11,0,11,0,11,0,11,0,11,0,11,0,11,0,11,0,11,0,11,0,11,0,11,0,11,0,11,0,11,0,11,0,11,0,11,0,11,0,11,0,11,0,11,0,11,0,11,0,11,0,11,0,11,0,11,0,11,0,11,0,11,0,11,0,11,0,11,0,11,0,11,0,11,0,11,0,11,0,11,0,11,0,11,0,11,0,11,0,11,0,11,0,11,0,11,0,11,0,11,0,11,0,11,0,11,0,11,0,11,0,11,0,11,0,11,0,11,0,11,0,11,0,11,0,11,0,11,0,11,0,11,0,11,0,11,0,11,0,11,0,11,0,11,0,11,0,11,0,11,0,11,0,11,0,11,0,11,0,11,0,11,0,11,0,11,0,11,0,11,0,11,0,11,0,11,0,11,0,11,0,11,0,11,0,11,0,11,0,11,0,11,0,11,0,11,0,11,0,11,0,11,0,11,0,11,0,11,0,11,0,11,0,11,0,11,0,11,0,11,0,11,0,11,0,11,0,11,0,11,0,11,0,11,0,11,0,11,0,11,0,11,0,11,0,11,0,11,0
,,12,0,12,0,12,0,12,0,12,0,12,0,12,0,12,0,12,0,12,0,12,0,12,0,12,0,12,0,12,0,12,0,12,0,12,0,12,0,12,0,12,0,12,0,12,0,12,0,12,0,12,0,12,0,12,0,12,0,12,0,12,0,12,0,12,0,12,0,12,0,12,0,12,0,12,0,12,0,12,0,12,0,12,0,12,0,12,0,12,0,12,0,12,0,12,0,12,0,12,0,12,0,12,0,12,0,12,0,12,0,12,0,12,0,12,0,12,0,12,0,12,0,12,0,12,0,12,0,12,0,12,0,12,0,12,0,12,0,12,0,12,0,12,0,12,0,12,0,12,0,12,0,12,0,12,0,12,0,12,0,12,0,12,0,12,0,12,0,12,0,12,0,12,0,12,0,12,0,12,0,12,0,12,0,12,0,12,0,12,0,12,0,12,0,12,0,12,0,12,0,12,0,12,0,12,0,12,0,12,0,12,0,12,0,12,0,12,0,12,0,12,0,12,0,12,0,12,0,12,0,12,0,12,0,12,0,12,2,12,5,12,0,12,0,12,6,12,0,12,1,12,0,12,0,12,0,12,0,12,0,12,0,12,0,12,0,12,0,12,0,12,0,12,0,12,0,12,0,12,0,12,0,12,0,12,0,12,0,12,0,12,0,12,0,12,0,12,0,12,0,12,0,12,0,12,0,12,0,12,0,12,0,12,0,12,0,12,0,12,0,12,0,12,0,12,0,12,0,12,0,12,0,12,0,12,0,12,0,12,0,12,0,12,0,12,0,12,0,12,0,12,0,12,0,12,0,12,0,12,0,12,0,12,0,12,0,12,0,12,0,12,0,12,0,12,0,12,0,12,0,12,0,12,0,12,0,12,0,12,0,12,2,12,11,12,0,12,0,12,8,12,0,12,0,12,0,12,0,12,0,12,0,12,0,12,0,12,0,12,0,12,0,12,0,12,0,12,0,12,0,12,0,12,0,12,0,12,0,12,0,12,0,12,0,12,0,12,0,12,0,12,0,12,0,12,0,12,0,12,0,12,0,12,0,12,0,12,0,12,0,12,0,12,0,12,0,12,0,12,0,12,0,12,0,12,0,12,0,12,0,12,0,12,0,12,0,12,0,12,0,12,0,12,0,12,0,12,0,12,0,12,0,12,0,12,0,12,0,12,0,12,0,12,0,12,0,12,0,12,0,12,0,12,0,12,0,12,0,12,0,12,0,12,0,12,0,12,0,12,0,12,0,12,0,12,0,12,0,12,0,12,0,12,0,12,0,12,0,12,0,12,0,12,0,12,0,12,0,12,0,12,0,12,0,12,0,12,0,12,0,12,0,12,0,12,0,12,0,12,0,12,0,12,0,12,0,12,0,12,0,12,0,12,0,12,0,12,0,12,0,12,0,12,0,12,0,12,0,12,0,12,0,12,0,12,0,12,0,12,0,12,0,12,0,12,0,12,0,12,0,12,0,12,0,12,0,12,0,12,0,12,0,12,0,12,0,12,0,12,0,12,0,12,0,12,0,12,0,12,0,12,0,12,0,12,0,12,0,12,0,12,0,12,0,12,0,12,0,12,0,12,0,12,0,12,0,12,0,12,0,12,0,12,0,12,0,12,0,12,0,12,0,12,0,12,0,12,0,12,0,12,0,12,0,12,0,12,0,12,0,12,0,12,0,12,0,12,0,12,0,12,0,12,0,12,0,12,0,12,0,12,0,12,0,12,0,12,0,12,0,12,0,12,0,12,0,12,0,12,0,12,0,12,0,12,0,12,0,12,0,12,0,12,0,12,0,12,0,12,0,12,0,12,0,12,0,12,0,12,0,12,0,12,0,12,0,12,0,12,0,12,0,12,0,12,0,12,0,12,0,12,0,12,0,12,0,12,0,12,0,12,0,12,0,12,0,12,0,12,0,12,0,12,0,12,0,12,0,12,0,12,0,12,0,12,0,12,0,12,0,12,0,12,0,12,0,12,0,12,0,12,0,12,0,12,0,12,0,12,0,12,0,12,0,12,0,12,0,12,0,12,0,12,0,12,0,12,0,12,0,12,0,12,0,12,0,12,0,12,0,12,0,12,0,12,0,12,0,12,0,12,0,12,0,12,0,12,0,12,0,12,0,12,0,12,0,12,0,12,0,12,0,12,0,12,0,12,0,12,0,12,0,12,0,12,0,12,0,12,0,12,0,12,0,12,0,12,0,12,0,12,0,12,0,12,0,12,0,12,0,12,0,12,0,12,0,12,0,12,0,12,0,12,0,12,0,12,0,12,0,12,0,12,0,12,0,12,0,12,0,12,0,12,0,12,0,12,0,12,0,12,0,12,0,12,0,12,0,12,0,12,0,12,0,12,0,12,0,12,0,12,0,12,0,12,0,12,0,12,0,12,0,12,0,12,0,12,0,12,0,12,0,12,0,12,0,12,0,12,0,12,0,12,0,12,0,12,0
,,13,0,13,0,13,0,13,0,13,0,13,0,13,0,13,0,13,0,13,0,13,0,13,0,13,0,13,0,13,0,13,0,13,0,13,0,13,0,13,0,13,0,13,0,13,0,13,0,13,0,13,0,13,0,13,0,13,0,13,0,13,0,13,0,13,0,13,0,13,0,13,0,13,0,13,0,13,0,13,0,13,0,13,0,13,0,13,0,13,0,13,0,13,0,13,0,13,0,13,0,13,0,13,0,13,0,13,0,13,0,13,0,13,0,13,0,13,0,13,0,13,0,13,0,13,0,13,0,13,0,13,0,13,0,13,0,13,0,13,0,13,0,13,0,13,0,13,0,13,0,13,0,13,0,13,0,13,0,13,0,13,0,13,0,13,0,13,0,13,0,13,0,13,0,13,0,13,0,13,0,13,0,13,0,13,0,13,0,13,0,13,0,13,0,13,0,13,0,13,0,13,0,13,0,13,0,13,0,13,0,13,0,13,0,13,0,13,0,13,0,13,0,13,0,13,0,13,0,13,0,13,0,13,0,13,0,13,3,13,2,13,0,13,0,13,9,13,0,13,0,13,0,13,0,13,0,13,0,13,0,13,0,13,0,13,0,13,0,13,0,13,0,13,0,13,0,13,0,13,0,13,0,13,0,13,0,13,0,13,0,13,0,13,0,13,0,13,0,13,0,13,0,13,0,13,0,13,0,13,0,13,0,13,0,13,0,13,0,13,0,13,0,13,0,13,0,13,0,13,0,13,0,13,0,13,0,13,0,13,0,13,0,13,0,13,0,13,0,13,0,13,0,13,0,13,0,13,0,13,0,13,0,13,0,13,0,13,0,13,0,13,0,13,0,13,0,13,0,13,0,13,0,13,0,13,0,13,0,13,0,13,10,13,13,13,0,13,0,13,7,13,0,13,0,13,0,13,0,13,0,13,0,13,0,13,0,13,0,13,0,13,0,13,0,13,0,13,0,13,0,13,0,13,0,13,0,13,0,13,0,13,0,13,0,13,0,13,0,13,0,13,0,13,0,13,0,13,0,13,0,13,0,13,0,13,0,13,0,13,0,13,0,13,0,13,0,13,0,13,0,13,0,13,0,13,0,13,0,13,0,13,0,13,0,13,0,13,0,13,0,13,0,13,0,13,0,13,0,13,0,13,0,13,0,13,0,13,0,13,0,13,0,13,0,13,0,13,0,13,0,13,0,13,0,13,0,13,0,13,0,13,0,13,0,13,0,13,0,13,0,13,0,13,0,13,0,13,0,13,0,13,0,13,0,13,0,13,0,13,0,13,0,13,0,13,0,13,0,13,0,13,0,13,0,13,0,13,0,13,0,13,0,13,0,13,0,13,0,13,0,13,0,13,0,13,0,13,0,13,0,13,0,13,0,13,0,13,0,13,0,13,0,13,0,13,0,13,0,13,0,13,0,13,0,13,0,13,0,13,0,13,0,13,0,13,0,13,0,13,0,13,0,13,0,13,0,13,0,13,0,13,0,13,0,13,0,13,0,13,0,13,0,13,0,13,0,13,0,13,0,13,0,13,0,13,0,13,0,13,0,13,0,13,0,13,0,13,0,13,0,13,0,13,0,13,0,13,0,13,0,13,0,13,0,13,0,13,0,13,0,13,0,13,0,13,0,13,0,13,0,13,0,13,0,13,0,13,0,13,0,13,0,13,0,13,0,13,0,13,0,13,0,13,0,13,0,13,0,13,0,13,0,13,0,13,0,13,0,13,0,13,0,13,0,13,0,13,0,13,0,13,0,13,0,13,0,13,0,13,0,13,0,13,0,13,0,13,0,13,0,13,0,13,0,13,0,13,0,13,0,13,0,13,0,13,0,13,0,13,0,13,0,13,0,13,0,13,0,13,0,13,0,13,0,13,0,13,0,13,0,13,0,13,0,13,0,13,0,13,0,13,0,13,0,13,0,13,0,13,0,13,0,13,0,13,0,13,0,13,0,13,0,13,0,13,0,13,0,13,0,13,0,13,0,13,0,13,0,13,0,13,0,13,0,13,0,13,0,13,0,13,0,13,0,13,0,13,0,13,0,13,0,13,0,13,0,13,0,13,0,13,0,13,0,13,0,13,0,13,0,13,0,13,0,13,0,13,0,13,0,13,0,13,0,13,0,13,0,13,0,13,0,13,0,13,0,13,0,13,0,13,0,13,0,13,0,13,0,13,0,13,0,13,0,13,0,13,0,13,0,13,0,13,0,13,0,13,0,13,0,13,0,13,0,13,0,13,0,13,0,13,0,13,0,13,0,13,0,13,0,13,0,13,0,13,0,13,0,13,0,13,0,13,0,13,0,13,0,13,0,13,0,13,0,13,0,13,0,13,0,13,0,13,0,13,0,13,0,13,0,13,0,13,0,13,0,13,0,13,0,13,0,13,0,13,0,13,0,13,0,13,0,13,0,13,0,13,0,13,0,13,0,13,0,13,0,13,0
,,14,0,14,0,14,0,14,0,14,0,14,0,14,0,14,0,14,0,14,0,14,0,14,0,14,0,14,0,14,0,14,0,14,0,14,0,14,0,14,0,14,0,14,0,14,0,14,0,14,0,14,0,14,0,14,0,14,0,14,0,14,0,14,0,14,0,14,0,14,0,14,0,14,0,14,0,14,0,14,0,14,0,14,0,14,0,14,0,14,0,14,0,14,0,14,0,14,0,14,0,14,0,14,0,14,0,14,0,14,0,14,0,14,0,14,0,14,0,14,0,14,0,14,0,14,0,14,0,14,0,14,0,14,0,14,0,14,0,14,0,14,0,14,0,14,0,14,0,14,0,14,0,14,0,14,0,14,0,14,0,14,0,14,0,14,0,14,0,14,0,14,0,14,0,14,0,14,0,14,0,14,0,14,0,14,0,14,0,14,0,14,0,14,0,14,0,14,0,14,0,14,0,14,0,14,0,14,0,14,0,14,0,14,0,14,0,14,0,14,0,14,0,14,0,14,0,14,0,14,0,14,0,14,0,14,0,14,4,14,6,14,0,14,0,14,6,14,0,14,0,14,0,14,0,14,0,14,0,14,0,14,0,14,0,14,0,14,0,14,0,14,0,14,0,14,0,14,0,14,0,14,0,14,0,14,0,14,0,14,0,14,0,14,0,14,0,14,0,14,0,14,0,14,0,14,0,14,0,14,0,14,0,14,0,14,0,14,0,14,0,14,0,14,0,14,0,14,0,14,0,14,0,14,0,14,0,14,0,14,0,14,0,14,0,14,0,14,0,14,0,14,0,14,0,14,0,14,0,14,0,14,0,14,0,14,0,14,0,14,0,14,0,14,0,14,0,14,0,14,0,14,0,14,0,14,0,14,0,14,0,14,1,14,6,14,0,14,0,14,10,14,0,14,0,14,0,14,0,14,0,14,0,14,0,14,0,14,0,14,0,14,0,14,0,14,0,14,0,14,0,14,0,14,0,14,0,14,0,14,0,14,0,14,0,14,0,14,0,14,0,14,0,14,0,14,0,14,0,14,0,14,0,14,0,14,0,14,0,14,0,14,0,14,0,14,0,14,0,14,0,14,0,14,0,14,0,14,0,14,0,14,0,14,0,14,0,14,0,14,0,14,0,14,0,14,0,14,0,14,0,14,0,14,0,14,0,14,0,14,0,14,0,14,0,14,0,14,0,14,0,14,0,14,0,14,0,14,0,14,0,14,0,14,0,14,0,14,0,14,0,14,0,14,0,14,0,14,0,14,0,14,0,14,0,14,0,14,0,14,0,14,0,14,0,14,0,14,0,14,0,14,0,14,0,14,0,14,0,14,0,14,0,14,0,14,0,14,0,14,0,14,0,14,0,14,0,14,0,14,0,14,0,14,0,14,0,14,0,14,0,14,0,14,0,14,0,14,0,14,0,14,0,14,0,14,0,14,0,14,0,14,0,14,0,14,0,14,0,14,0,14,0,14,0,14,0,14,0,14,0,14,0,14,0,14,0,14,0,14,0,14,0,14,0,14,0,14,0,14,0,14,0,14,0,14,0,14,0,14,0,14,0,14,0,14,0,14,0,14,0,14,0,14,0,14,0,14,0,14,0,14,0,14,0,14,0,14,0,14,0,14,0,14,0,14,0,14,0,14,0,14,0,14,0,14,0,14,0,14,0,14,0,14,0,14,0,14,0,14,0,14,0,14,0,14,0,14,0,14,0,14,0,14,0,14,0,14,0,14,0,14,0,14,0,14,0,14,0,14,0,14,0,14,0,14,0,14,0,14,0,14,0,14,0,14,0,14,0,14,0,14,0,14,0,14,0,14,0,14,0,14,0,14,0,14,0,14,0,14,0,14,0,14,0,14,0,14,0,14,0,14,0,14,0,14,0,14,0,14,0,14,0,14,0,14,0,14,0,14,0,14,0,14,0,14,0,14,0,14,0,14,0,14,0,14,0,14,0,14,0,14,0,14,0,14,0,14,0,14,0,14,0,14,0,14,0,14,0,14,0,14,0,14,0,14,0,14,0,14,0,14,0,14,0,14,0,14,0,14,0,14,0,14,0,14,0,14,0,14,0,14,0,14,0,14,0,14,0,14,0,14,0,14,0,14,0,14,0,14,0,14,0,14,0,14,0,14,0,14,0,14,0,14,0,14,0,14,0,14,0,14,0,14,0,14,0,14,0,14,0,14,0,14,0,14,0,14,0,14,0,14,0,14,0,14,0,14,0,14,0,14,0,14,0,14,0,14,0,14,0,14,0,14,0,14,0,14,0,14,0,14,0,14,0,14,0,14,0,14,0,14,0,14,0,14,0,14,0,14,0,14,0,14,0,14,0,14,0,14,0,14,0,14,0,14,0,14,0,14,0,14,0,14,0,14,0,14,0,14,0,14,0,14,0,14,0,14,0,14,0,14,0,14,0,14,0,14,0,14,0,14,0,14,0,14,0,14,0
,,15,0,15,0,15,0,15,0,15,0,15,0,15,0,15,0,15,0,15,0,15,0,15,0,15,0,15,0,15,0,15,0,15,0,15,0,15,0,15,0,15,0,15,0,15,0,15,0,15,0,15,0,15,0,15,0,15,0,15,0,15,0,15,0,15,0,15,0,15,0,15,0,15,0,15,0,15,0,15,0,15,0,15,0,15,0,15,0,15,0,15,0,15,0,15,0,15,0,15,0,15,0,15,0,15,0,15,0,15,0,15,0,15,0,15,0,15,0,15,0,15,0,15,0,15,0,15,0,15,0,15,0,15,0,15,0,15,0,15,0,15,0,15,0,15,0,15,0,15,0,15,0,15,0,15,0,15,0,15,0,15,0,15,0,15,0,15,0,15,0,15,0,15,0,15,0,15,0,15,0,15,0,15,0,15,0,15,0,15,0,15,0,15,0,15,0,15,0,15,0,15,0,15,0,15,0,15,0,15,0,15,0,15,0,15,0,15,0,15,0,15,0,15,0,15,0,15,0,15,0,15,0,15,0,15,0,15,1,15,2,15,0,15,0,15,2,15,0,15,0,15,0,15,0,15,0,15,0,15,0,15,0,15,0,15,0,15,0,15,0,15,0,15,0,15,0,15,0,15,0,15,0,15,0,15,0,15,0,15,0,15,0,15,0,15,0,15,0,15,0,15,0,15,0,15,0,15,0,15,0,15,0,15,0,15,0,15,0,15,0,15,0,15,0,15,0,15,0,15,0,15,0,15,0,15,0,15,0,15,0,15,0,15,0,15,0,15,0,15,0,15,0,15,0,15,0,15,0,15,0,15,0,15,0,15,0,15,0,15,0,15,0,15,0,15,0,15,0,15,0,15,0,15,0,15,0,15,0,15,0,15,4,15,12,15,0,15,0,15,16,15,0,15,0,15,0,15,0,15,0,15,0,15,0,15,0,15,0,15,0,15,0,15,0,15,0,15,0,15,0,15,0,15,0,15,0,15,0,15,0,15,0,15,0,15,0,15,0,15,0,15,0,15,0,15,0,15,0,15,0,15,0,15,0,15,0,15,0,15,0,15,0,15,0,15,0,15,0,15,0,15,0,15,0,15,0,15,0,15,0,15,0,15,0,15,0,15,0,15,0,15,0,15,0,15,0,15,0,15,0,15,0,15,0,15,0,15,0,15,0,15,0,15,0,15,0,15,0,15,0,15,0,15,0,15,0,15,0,15,0,15,0,15,0,15,0,15,0,15,0,15,0,15,0,15,0,15,0,15,0,15,0,15,0,15,0,15,0,15,0,15,0,15,0,15,0,15,0,15,0,15,0,15,0,15,0,15,0,15,0,15,0,15,0,15,0,15,0,15,0,15,0,15,0,15,0,15,0,15,0,15,0,15,0,15,0,15,0,15,0,15,0,15,0,15,0,15,0,15,0,15,0,15,0,15,0,15,0,15,0,15,0,15,0,15,0,15,0,15,0,15,0,15,0,15,0,15,0,15,0,15,0,15,0,15,0,15,0,15,0,15,0,15,0,15,0,15,0,15,0,15,0,15,0,15,0,15,0,15,0,15,0,15,0,15,0,15,0,15,0,15,0,15,0,15,0,15,0,15,0,15,0,15,0,15,0,15,0,15,0,15,0,15,0,15,0,15,0,15,0,15,0,15,0,15,0,15,0,15,0,15,0,15,0,15,0,15,0,15,0,15,0,15,0,15,0,15,0,15,0,15,0,15,0,15,0,15,0,15,0,15,0,15,0,15,0,15,0,15,0,15,0,15,0,15,0,15,0,15,0,15,0,15,0,15,0,15,0,15,0,15,0,15,0,15,0,15,0,15,0,15,0,15,0,15,0,15,0,15,0,15,0,15,0,15,0,15,0,15,0,15,0,15,0,15,0,15,0,15,0,15,0,15,0,15,0,15,0,15,0,15,0,15,0,15,0,15,0,15,0,15,0,15,0,15,0,15,0,15,0,15,0,15,0,15,0,15,0,15,0,15,0,15,0,15,0,15,0,15,0,15,0,15,0,15,0,15,0,15,0,15,0,15,0,15,0,15,0,15,0,15,0,15,0,15,0,15,0,15,0,15,0,15,0,15,0,15,0,15,0,15,0,15,0,15,0,15,0,15,0,15,0,15,0,15,0,15,0,15,0,15,0,15,0,15,0,15,0,15,0,15,0,15,0,15,0,15,0,15,0,15,0,15,0,15,0,15,0,15,0,15,0,15,0,15,0,15,0,15,0,15,0,15,0,15,0,15,0,15,0,15,0,15,0,15,0,15,0,15,0,15,0,15,0,15,0,15,0,15,0,15,0,15,0,15,0,15,0,15,0,15,0,15,0,15,0,15,0,15,0,15,0,15,0,15,0,15,0,15,0,15,0,15,0,15,0,15,0,15,0,15,0,15,0,15,0,15,0,15,0,15,0,15,0,15,0,15,0,15,0,15,0,15,0,15,0,15,0
,,16,0,16,0,16,0,16,0,16,0,16,0,16,0,16,0,16,0,16,0,16,0,16,0,16,0,16,0,16,0,16,0,16,0,16,0,16,0,16,0,16,0,16,0,16,0,16,0,16,0,16,0,16,0,16,0,16,0,16,0,16,0,16,0,16,0,16,0,16,0,16,0,16,0,16,0,16,0,16,0,16,0,16,0,16,0,16,0,16,0,16,0,16,0,16,0,16,0,16,0,16,0,16,0,16,0,16,0,16,0,16,0,16,0,16,0,16,0,16,0,16,0,16,0,16,0,16,0,16,0,16,0,16,0,16,0,16,0,16,0,16,0,16,0,16,0,16,0,16,0,16,0,16,0,16,0,16,0,16,0,16,0,16,0,16,0,16,0,16,0,16,0,16,0,16,0,16,0,16,0,16,0,16,0,16,0,16,0,16,0,16,0,16,0,16,0,16,0,16,0,16,0,16,0,16,0,16,0,16,0,16,0,16,0,16,0,16,0,16,0,16,0,16,0,16,0,16,0,16,0,16,0,16,0,16,0,16,2,16,3,16,0,16,0,16,2,16,0,16,0,16,0,16,0,16,0,16,0,16,0,16,0,16,0,16,0,16,0,16,0,16,0,16,0,16,0,16,0,16,0,16,0,16,0,16,0,16,0,16,0,16,0,16,0,16,0,16,0,16,0,16,0,16,0,16,0,16,0,16,0,16,0,16,0,16,0,16,0,16,0,16,0,16,0,16,0,16,0,16,0,16,0,16,0,16,0,16,0,16,0,16,0,16,0,16,0,16,0,16,0,16,0,16,0,16,0,16,0,16,0,16,0,16,0,16,0,16,0,16,0,16,0,16,0,16,0,16,0,16,0,16,0,16,0,16,0,16,0,16,0,16,4,16,10,16,0,16,0,16,13,16,0,16,0,16,0,16,0,16,0,16,0,16,0,16,0,16,0,16,0,16,0,16,0,16,0,16,0,16,0,16,0,16,0,16,0,16,0,16,0,16,0,16,0,16,0,16,0,16,0,16,0,16,0,16,0,16,0,16,0,16,0,16,0,16,0,16,0,16,0,16,0,16,0,16,0,16,0,16,0,16,0,16,0,16,0,16,0,16,0,16,0,16,0,16,0,16,0,16,0,16,0,16,0,16,0,16,0,16,0,16,0,16,0,16,0,16,0,16,0,16,0,16,0,16,0,16,0,16,0,16,0,16,0,16,0,16,0,16,0,16,0,16,0,16,0,16,0,16,0,16,0,16,0,16,0,16,0,16,0,16,0,16,0,16,0,16,0,16,0,16,0,16,0,16,0,16,0,16,0,16,0,16,0,16,0,16,0,16,0,16,0,16,0,16,0,16,0,16,0,16,0,16,0,16,0,16,0,16,0,16,0,16,0,16,0,16,0,16,0,16,0,16,0,16,0,16,0,16,0,16,0,16,0,16,0,16,0,16,0,16,0,16,0,16,0,16,0,16,0,16,0,16,0,16,0,16,0,16,0,16,0,16,0,16,0,16,0,16,0,16,0,16,0,16,0,16,0,16,0,16,0,16,0,16,0,16,0,16,0,16,0,16,0,16,0,16,0,16,0,16,0,16,0,16,0,16,0,16,0,16,0,16,0,16,0,16,0,16,0,16,0,16,0,16,0,16,0,16,0,16,0,16,0,16,0,16,0,16,0,16,0,16,0,16,0,16,0,16,0,16,0,16,0,16,0,16,0,16,0,16,0,16,0,16,0,16,0,16,0,16,0,16,0,16,0,16,0,16,0,16,0,16,0,16,0,16,0,16,0,16,0,16,0,16,0,16,0,16,0,16,0,16,0,16,0,16,0,16,0,16,0,16,0,16,0,16,0,16,0,16,0,16,0,16,0,16,0,16,0,16,0,16,0,16,0,16,0,16,0,16,0,16,0,16,0,16,0,16,0,16,0,16,0,16,0,16,0,16,0,16,0,16,0,16,0,16,0,16,0,16,0,16,0,16,0,16,0,16,0,16,0,16,0,16,0,16,0,16,0,16,0,16,0,16,0,16,0,16,0,16,0,16,0,16,0,16,0,16,0,16,0,16,0,16,0,16,0,16,0,16,0,16,0,16,0,16,0,16,0,16,0,16,0,16,0,16,0,16,0,16,0,16,0,16,0,16,0,16,0,16,0,16,0,16,0,16,0,16,0,16,0,16,0,16,0,16,0,16,0,16,0,16,0,16,0,16,0,16,0,16,0,16,0,16,0,16,0,16,0,16,0,16,0,16,0,16,0,16,0,16,0,16,0,16,0,16,0,16,0,16,0,16,0,16,0,16,0,16,0,16,0,16,0,16,0,16,0,16,0,16,0,16,0,16,0,16,0,16,0,16,0,16,0,16,0,16,0,16,0,16,0,16,0,16,0,16,0,16,0,16,0,16,0,16,0,16,0,16,0,16,0,16,0,16,0,16,0,16,0,16,0,16,0,16,0,16,0
,,17,0,17,0,17,0,17,0,17,0,17,0,17,0,17,0,17,0,17,0,17,0,17,0,17,0,17,0,17,0,17,0,17,0,17,0,17,0,17,0,17,0,17,0,17,0,17,0,17,0,17,0,17,0,17,0,17,0,17,0,17,0,17,0,17,0,17,0,17,0,17,0,17,0,17,0,17,0,17,0,17,0,17,0,17,0,17,0,17,0,17,0,17,0,17,0,17,0,17,0,17,0,17,0,17,0,17,0,17,0,17,0,17,0,17,0,17,0,17,0,17,0,17,0,17,0,17,0,17,0,17,0,17,0,17,0,17,0,17,0,17,0,17,0,17,0,17,0,17,0,17,0,17,0,17,0,17,0,17,0,17,0,17,0,17,0,17,0,17,0,17,0,17,0,17,0,17,0,17,0,17,0,17,0,17,0,17,0,17,0,17,0,17,0,17,0,17,0,17,0,17,0,17,0,17,0,17,0,17,0,17,0,17,0,17,0,17,0,17,0,17,0,17,0,17,0,17,0,17,1,17,0,17,0,17,0,17,6,17,3,17,0,17,0,17,5,17,0,17,0,17,0,17,0,17,0,17,0,17,0,17,0,17,0,17,0,17,0,17,0,17,0,17,0,17,0,17,0,17,0,17,0,17,0,17,0,17,0,17,0,17,0,17,0,17,0,17,0,17,0,17,0,17,0,17,0,17,0,17,0,17,0,17,0,17,0,17,0,17,0,17,0,17,0,17,0,17,0,17,0,17,0,17,0,17,0,17,0,17,0,17,0,17,0,17,0,17,0,17,0,17,0,17,0,17,0,17,0,17,0,17,0,17,0,17,0,17,0,17,0,17,0,17,0,17,0,17,0,17,0,17,0,17,0,17,0,17,0,17,0,17,7,17,9,17,0,17,0,17,10,17,0,17,0,17,0,17,0,17,0,17,0,17,0,17,0,17,0,17,0,17,0,17,0,17,0,17,0,17,0,17,0,17,0,17,0,17,0,17,0,17,0,17,0,17,0,17,0,17,0,17,0,17,0,17,0,17,0,17,0,17,0,17,0,17,0,17,0,17,0,17,0,17,0,17,0,17,0,17,0,17,0,17,0,17,0,17,0,17,0,17,0,17,0,17,0,17,0,17,0,17,0,17,0,17,0,17,0,17,0,17,0,17,0,17,0,17,0,17,0,17,0,17,0,17,0,17,0,17,0,17,0,17,0,17,0,17,0,17,0,17,0,17,0,17,0,17,0,17,0,17,0,17,0,17,0,17,0,17,0,17,0,17,0,17,0,17,0,17,0,17,0,17,0,17,0,17,0,17,0,17,0,17,0,17,0,17,0,17,0,17,0,17,0,17,0,17,0,17,0,17,0,17,0,17,0,17,0,17,0,17,0,17,0,17,0,17,0,17,0,17,0,17,0,17,0,17,0,17,0,17,0,17,0,17,0,17,0,17,0,17,0,17,0,17,0,17,0,17,0,17,0,17,0,17,0,17,0,17,0,17,0,17,0,17,0,17,0,17,0,17,0,17,0,17,0,17,0,17,0,17,0,17,0,17,0,17,0,17,0,17,0,17,0,17,0,17,0,17,0,17,0,17,0,17,0,17,0,17,0,17,0,17,0,17,0,17,0,17,0,17,0,17,0,17,0,17,0,17,0,17,0,17,0,17,0,17,0,17,0,17,0,17,0,17,0,17,0,17,0,17,0,17,0,17,0,17,0,17,0,17,0,17,0,17,0,17,0,17,0,17,0,17,0,17,0,17,0,17,0,17,0,17,0,17,0,17,0,17,0,17,0,17,0,17,0,17,0,17,0,17,0,17,0,17,0,17,0,17,0,17,0,17,0,17,0,17,0,17,0,17,0,17,0,17,0,17,0,17,0,17,0,17,0,17,0,17,0,17,0,17,0,17,0,17,0,17,0,17,0,17,0,17,0,17,0,17,0,17,0,17,0,17,0,17,0,17,0,17,0,17,0,17,0,17,0,17,0,17,0,17,0,17,0,17,0,17,0,17,0,17,0,17,0,17,0,17,0,17,0,17,0,17,0,17,0,17,0,17,0,17,0,17,0,17,0,17,0,17,0,17,0,17,0,17,0,17,0,17,0,17,0,17,0,17,0,17,0,17,0,17,0,17,0,17,0,17,0,17,0,17,0,17,0,17,0,17,0,17,0,17,0,17,0,17,0,17,0,17,0,17,0,17,0,17,0,17,0,17,0,17,0,17,0,17,0,17,0,17,0,17,0,17,0,17,0,17,0,17,0,17,0,17,0,17,0,17,0,17,0,17,0,17,0,17,0,17,0,17,0,17,0,17,0,17,0,17,0,17,0,17,0,17,0,17,0,17,0,17,0,17,0,17,0,17,0,17,0,17,0,17,0,17,0,17,0,17,0,17,0,17,0,17,0,17,0,17,0,17,0,17,0,17,0,17,0,17,0,17,0,17,0,17,0,17,0,17,0
,,18,0,18,0,18,0,18,0,18,0,18,0,18,0,18,0,18,0,18,0,18,0,18,0,18,0,18,0,18,0,18,0,18,0,18,0,18,0,18,0,18,0,18,0,18,0,18,0,18,0,18,0,18,0,18,0,18,0,18,0,18,0,18,0,18,0,18,0,18,0,18,0,18,0,18,0,18,0,18,0,18,0,18,0,18,0,18,0,18,0,18,0,18,0,18,0,18,0,18,0,18,0,18,0,18,0,18,0,18,0,18,0,18,0,18,0,18,0,18,0,18,0,18,0,18,0,18,0,18,0,18,0,18,0,18,0,18,0,18,0,18,0,18,0,18,0,18,0,18,0,18,0,18,0,18,0,18,0,18,0,18,0,18,0,18,0,18,0,18,0,18,0,18,0,18,0,18,0,18,0,18,0,18,0,18,0,18,0,18,0,18,0,18,0,18,0,18,0,18,0,18,0,18,0,18,0,18,0,18,0,18,0,18,0,18,0,18,0,18,0,18,0,18,0,18,0,18,0,18,0,18,0,18,0,18,0,18,3,18,1,18,0,18,0,18,6,18,0,18,0,18,0,18,0,18,0,18,0,18,0,18,0,18,0,18,0,18,0,18,0,18,0,18,0,18,0,18,0,18,0,18,0,18,0,18,0,18,0,18,0,18,0,18,0,18,0,18,0,18,0,18,0,18,0,18,0,18,0,18,0,18,0,18,0,18,0,18,0,18,0,18,0,18,0,18,0,18,0,18,0,18,0,18,0,18,0,18,0,18,0,18,0,18,0,18,0,18,0,18,0,18,0,18,0,18,0,18,0,18,0,18,0,18,0,18,0,18,0,18,0,18,0,18,0,18,0,18,0,18,0,18,0,18,0,18,0,18,0,18,0,18,8,18,12,18,0,18,0,18,10,18,0,18,0,18,0,18,0,18,0,18,0,18,0,18,0,18,0,18,0,18,0,18,0,18,0,18,0,18,0,18,0,18,0,18,0,18,0,18,0,18,0,18,0,18,0,18,0,18,0,18,0,18,0,18,0,18,0,18,0,18,0,18,0,18,0,18,0,18,0,18,0,18,0,18,0,18,0,18,0,18,0,18,0,18,0,18,0,18,0,18,0,18,0,18,0,18,0,18,0,18,0,18,0,18,0,18,0,18,0,18,0,18,0,18,0,18,0,18,0,18,0,18,0,18,0,18,0,18,0,18,0,18,0,18,0,18,0,18,0,18,0,18,0,18,0,18,0,18,0,18,0,18,0,18,0,18,0,18,0,18,0,18,0,18,0,18,0,18,0,18,0,18,0,18,0,18,0,18,0,18,0,18,0,18,0,18,0,18,0,18,0,18,0,18,0,18,0,18,0,18,0,18,0,18,0,18,0,18,0,18,0,18,0,18,0,18,0,18,0,18,0,18,0,18,0,18,0,18,0,18,0,18,0,18,0,18,0,18,0,18,0,18,0,18,0,18,0,18,0,18,0,18,0,18,0,18,0,18,0,18,0,18,0,18,0,18,0,18,0,18,0,18,0,18,0,18,0,18,0,18,0,18,0,18,0,18,0,18,0,18,0,18,0,18,0,18,0,18,0,18,0,18,0,18,0,18,0,18,0,18,0,18,0,18,0,18,0,18,0,18,0,18,0,18,0,18,0,18,0,18,0,18,0,18,0,18,0,18,0,18,0,18,0,18,0,18,0,18,0,18,0,18,0,18,0,18,0,18,0,18,0,18,0,18,0,18,0,18,0,18,0,18,0,18,0,18,0,18,0,18,0,18,0,18,0,18,0,18,0,18,0,18,0,18,0,18,0,18,0,18,0,18,0,18,0,18,0,18,0,18,0,18,0,18,0,18,0,18,0,18,0,18,0,18,0,18,0,18,0,18,0,18,0,18,0,18,0,18,0,18,0,18,0,18,0,18,0,18,0,18,0,18,0,18,0,18,0,18,0,18,0,18,0,18,0,18,0,18,0,18,0,18,0,18,0,18,0,18,0,18,0,18,0,18,0,18,0,18,0,18,0,18,0,18,0,18,0,18,0,18,0,18,0,18,0,18,0,18,0,18,0,18,0,18,0,18,0,18,0,18,0,18,0,18,0,18,0,18,0,18,0,18,0,18,0,18,0,18,0,18,0,18,0,18,0,18,0,18,0,18,0,18,0,18,0,18,0,18,0,18,0,18,0,18,0,18,0,18,0,18,0,18,0,18,0,18,0,18,0,18,0,18,0,18,0,18,0,18,0,18,0,18,0,18,0,18,0,18,0,18,0,18,0,18,0,18,0,18,0,18,0,18,0,18,0,18,0,18,0,18,0,18,0,18,0,18,0,18,0,18,0,18,0,18,0,18,0,18,0,18,0,18,0,18,0,18,0,18,0,18,0,18,0,18,0,18,0,18,0,18,0,18,0,18,0,18,0,18,0,18,0,18,0,18,0,18,0,18,0,18,0,18,0,18,0,18,0
,,19,0,19,0,19,0,19,0,19,0,19,0,19,0,19,0,19,0,19,0,19,0,19,0,19,0,19,0,19,0,19,0,19,0,19,0,19,0,19,0,19,0,19,0,19,0,19,0,19,0,19,0,19,0,19,0,19,0,19,0,19,0,19,0,19,0,19,0,19,0,19,0,19,0,19,0,19,0,19,0,19,0,19,0,19,0,19,0,19,0,19,0,19,0,19,0,19,0,19,0,19,0,19,0,19,0,19,0,19,0,19,0,19,0,19,0,19,0,19,0,19,0,19,0,19,0,19,0,19,0,19,0,19,0,19,0,19,0,19,0,19,0,19,0,19,0,19,0,19,0,19,0,19,0,19,0,19,0,19,0,19,0,19,0,19,0,19,0,19,0,19,0,19,0,19,0,19,0,19,0,19,0,19,0,19,0,19,0,19,0,19,0,19,0,19,0,19,0,19,0,19,0,19,0,19,0,19,0,19,0,19,0,19,0,19,0,19,0,19,0,19,0,19,0,19,0,19,0,19,2,19,0,19,0,19,0,19,6,19,0,19,0,19,0,19,8,19,0,19,0,19,0,19,0,19,0,19,0,19,0,19,0,19,0,19,0,19,0,19,0,19,0,19,0,19,0,19,0,19,0,19,0,19,0,19,0,19,0,19,0,19,0,19,0,19,0,19,0,19,0,19,0,19,0,19,0,19,0,19,0,19,0,19,0,19,0,19,0,19,0,19,0,19,0,19,0,19,0,19,0,19,0,19,0,19,0,19,0,19,0,19,0,19,0,19,0,19,0,19,0,19,0,19,0,19,0,19,0,19,0,19,0,19,0,19,0,19,0,19,0,19,0,19,0,19,0,19,0,19,0,19,0,19,0,19,0,19,0,19,0,19,15,19,5,19,0,19,0,19,5,19,0,19,0,19,0,19,0,19,0,19,0,19,0,19,0,19,0,19,0,19,0,19,0,19,0,19,0,19,0,19,0,19,0,19,0,19,0,19,0,19,0,19,0,19,0,19,0,19,0,19,0,19,0,19,0,19,0,19,0,19,0,19,0,19,0,19,0,19,0,19,0,19,0,19,0,19,0,19,0,19,0,19,0,19,0,19,0,19,0,19,0,19,0,19,0,19,0,19,0,19,0,19,0,19,0,19,0,19,0,19,0,19,0,19,0,19,0,19,0,19,0,19,0,19,0,19,0,19,0,19,0,19,0,19,0,19,0,19,0,19,0,19,0,19,0,19,0,19,0,19,0,19,0,19,0,19,0,19,0,19,0,19,0,19,0,19,0,19,0,19,0,19,0,19,0,19,0,19,0,19,0,19,0,19,0,19,0,19,0,19,0,19,0,19,0,19,0,19,0,19,0,19,0,19,0,19,0,19,0,19,0,19,0,19,0,19,0,19,0,19,0,19,0,19,0,19,0,19,0,19,0,19,0,19,0,19,0,19,0,19,0,19,0,19,0,19,0,19,0,19,0,19,0,19,0,19,0,19,0,19,0,19,0,19,0,19,0,19,0,19,0,19,0,19,0,19,0,19,0,19,0,19,0,19,0,19,0,19,0,19,0,19,0,19,0,19,0,19,0,19,0,19,0,19,0,19,0,19,0,19,0,19,0,19,0,19,0,19,0,19,0,19,0,19,0,19,0,19,0,19,0,19,0,19,0,19,0,19,0,19,0,19,0,19,0,19,0,19,0,19,0,19,0,19,0,19,0,19,0,19,0,19,0,19,0,19,0,19,0,19,0,19,0,19,0,19,0,19,0,19,0,19,0,19,0,19,0,19,0,19,0,19,0,19,0,19,0,19,0,19,0,19,0,19,0,19,0,19,0,19,0,19,0,19,0,19,0,19,0,19,0,19,0,19,0,19,0,19,0,19,0,19,0,19,0,19,0,19,0,19,0,19,0,19,0,19,0,19,0,19,0,19,0,19,0,19,0,19,0,19,0,19,0,19,0,19,0,19,0,19,0,19,0,19,0,19,0,19,0,19,0,19,0,19,0,19,0,19,0,19,0,19,0,19,0,19,0,19,0,19,0,19,0,19,0,19,0,19,0,19,0,19,0,19,0,19,0,19,0,19,0,19,0,19,0,19,0,19,0,19,0,19,0,19,0,19,0,19,0,19,0,19,0,19,0,19,0,19,0,19,0,19,0,19,0,19,0,19,0,19,0,19,0,19,0,19,0,19,0,19,0,19,0,19,0,19,0,19,0,19,0,19,0,19,0,19,0,19,0,19,0,19,0,19,0,19,0,19,0,19,0,19,0,19,0,19,0,19,0,19,0,19,0,19,0,19,0,19,0,19,0,19,0,19,0,19,0,19,0,19,0,19,0,19,0,19,0,19,0,19,0,19,0,19,0,19,0,19,0,19,0,19,0,19,0,19,0,19,0,19,0,19,0,19,0,19,0,19,0,19,0,19,0,19,0,19,0,19,0,19,0,19,0,19,0,19,0
,,20,0,20,0,20,0,20,0,20,0,20,0,20,0,20,0,20,0,20,0,20,0,20,0,20,0,20,0,20,0,20,0,20,0,20,0,20,0,20,0,20,0,20,0,20,0,20,0,20,0,20,0,20,0,20,0,20,0,20,0,20,0,20,0,20,0,20,0,20,0,20,0,20,0,20,0,20,0,20,0,20,0,20,0,20,0,20,0,20,0,20,0,20,0,20,0,20,0,20,0,20,0,20,0,20,0,20,0,20,0,20,0,20,0,20,0,20,0,20,0,20,0,20,0,20,0,20,0,20,0,20,0,20,0,20,0,20,0,20,0,20,0,20,0,20,0,20,0,20,0,20,0,20,0,20,0,20,0,20,0,20,0,20,0,20,0,20,0,20,0,20,0,20,0,20,0,20,0,20,0,20,0,20,0,20,0,20,0,20,0,20,0,20,0,20,0,20,0,20,0,20,0,20,0,20,0,20,0,20,0,20,0,20,0,20,0,20,0,20,0,20,0,20,0,20,0,20,0,20,0,20,0,20,0,20,0,20,0,20,6,20,0,20,0,20,4,20,0,20,1,20,0,20,0,20,0,20,0,20,0,20,0,20,0,20,0,20,0,20,0,20,0,20,0,20,0,20,0,20,0,20,0,20,0,20,0,20,0,20,0,20,0,20,0,20,0,20,0,20,0,20,0,20,0,20,0,20,0,20,0,20,0,20,0,20,0,20,0,20,0,20,0,20,0,20,0,20,0,20,0,20,0,20,0,20,0,20,0,20,0,20,0,20,0,20,0,20,0,20,0,20,0,20,0,20,0,20,0,20,0,20,0,20,0,20,0,20,0,20,0,20,0,20,0,20,0,20,0,20,0,20,0,20,0,20,0,20,0,20,0,20,0,20,12,20,0,20,0,20,11,20,0,20,0,20,0,20,0,20,0,20,0,20,0,20,0,20,0,20,0,20,0,20,0,20,0,20,0,20,0,20,0,20,0,20,0,20,0,20,0,20,0,20,0,20,0,20,0,20,0,20,0,20,0,20,0,20,0,20,0,20,0,20,0,20,0,20,0,20,0,20,0,20,0,20,0,20,0,20,0,20,0,20,0,20,0,20,0,20,0,20,0,20,0,20,0,20,0,20,0,20,0,20,0,20,0,20,0,20,0,20,0,20,0,20,0,20,0,20,0,20,0,20,0,20,0,20,0,20,0,20,0,20,0,20,0,20,0,20,0,20,0,20,0,20,0,20,0,20,0,20,0,20,0,20,0,20,0,20,0,20,0,20,0,20,0,20,0,20,0,20,0,20,0,20,0,20,0,20,0,20,0,20,0,20,0,20,0,20,0,20,0,20,0,20,0,20,0,20,0,20,0,20,0,20,0,20,0,20,0,20,0,20,0,20,0,20,0,20,0,20,0,20,0,20,0,20,0,20,0,20,0,20,0,20,0,20,0,20,0,20,0,20,0,20,0,20,0,20,0,20,0,20,0,20,0,20,0,20,0,20,0,20,0,20,0,20,0,20,0,20,0,20,0,20,0,20,0,20,0,20,0,20,0,20,0,20,0,20,0,20,0,20,0,20,0,20,0,20,0,20,0,20,0,20,0,20,0,20,0,20,0,20,0,20,0,20,0,20,0,20,0,20,0,20,0,20,0,20,0,20,0,20,0,20,0,20,0,20,0,20,0,20,0,20,0,20,0,20,0,20,0,20,0,20,0,20,0,20,0,20,0,20,0,20,0,20,0,20,0,20,0,20,0,20,0,20,0,20,0,20,0,20,0,20,0,20,0,20,0,20,0,20,0,20,0,20,0,20,0,20,0,20,0,20,0,20,0,20,0,20,0,20,0,20,0,20,0,20,0,20,0,20,0,20,0,20,0,20,0,20,0,20,0,20,0,20,0,20,0,20,0,20,0,20,0,20,0,20,0,20,0,20,0,20,0,20,0,20,0,20,0,20,0,20,0,20,0,20,0,20,0,20,0,20,0,20,0,20,0,20,0,20,0,20,0,20,0,20,0,20,0,20,0,20,0,20,0,20,0,20,0,20,0,20,0,20,0,20,0,20,0,20,0,20,0,20,0,20,0,20,0,20,0,20,0,20,0,20,0,20,0,20,0,20,0,20,0,20,0,20,0,20,0,20,0,20,0,20,0,20,0,20,0,20,0,20,0,20,0,20,0,20,0,20,0,20,0,20,0,20,0,20,0,20,0,20,0,20,0,20,0,20,0,20,0,20,0,20,0,20,0,20,0,20,0,20,0,20,0,20,0,20,0,20,0,20,0,20,0,20,0,20,0,20,0,20,0,20,0,20,0,20,0,20,0,20,0,20,0,20,0,20,0,20,0,20,0,20,0,20,0,20,0,20,0,20,0,20,0,20,0,20,0,20,0,20,0,20,0,20,0,20,0,20,0,20,0,20,0,20,0,20,0,20,0,20,0,20,0,20,0,20,0,20,0,20,0
,,21,0,21,0,21,0,21,0,21,0,21,0,21,0,21,0,21,0,21,0,21,0,21,0,21,0,21,0,21,0,21,0,21,0,21,0,21,0,21,0,21,0,21,0,21,0,21,0,21,0,21,0,21,0,21,0,21,0,21,0,21,0,21,0,21,0,21,0,21,0,21,0,21,0,21,0,21,0,21,0,21,0,21,0,21,0,21,0,21,0,21,0,21,0,21,0,21,0,21,0,21,0,21,0,21,0,21,0,21,0,21,0,21,0,21,0,21,0,21,0,21,0,21,0,21,0,21,0,21,0,21,0,21,0,21,0,21,0,21,0,21,0,21,0,21,0,21,0,21,0,21,0,21,0,21,0,21,0,21,0,21,0,21,0,21,0,21,0,21,0,21,0,21,0,21,0,21,0,21,0,21,0,21,0,21,0,21,0,21,0,21,0,21,0,21,0,21,0,21,0,21,0,21,0,21,0,21,0,21,0,21,0,21,0,21,0,21,0,21,0,21,0,21,0,21,0,21,0,21,0,21,0,21,0,21,0,21,3,21,7,21,0,21,0,21,6,21,0,21,1,21,0,21,0,21,0,21,0,21,0,21,0,21,0,21,0,21,0,21,0,21,0,21,0,21,0,21,0,21,0,21,0,21,0,21,0,21,0,21,0,21,0,21,0,21,0,21,0,21,0,21,0,21,0,21,0,21,0,21,0,21,0,21,0,21,0,21,0,21,0,21,0,21,0,21,0,21,0,21,0,21,0,21,0,21,0,21,0,21,0,21,0,21,0,21,0,21,0,21,0,21,0,21,0,21,0,21,0,21,0,21,0,21,0,21,0,21,0,21,0,21,0,21,0,21,0,21,0,21,0,21,0,21,0,21,0,21,0,21,0,21,1,21,7,21,0,21,0,21,8,21,0,21,0,21,0,21,0,21,0,21,0,21,0,21,0,21,0,21,0,21,0,21,0,21,0,21,0,21,0,21,0,21,0,21,0,21,0,21,0,21,0,21,0,21,0,21,0,21,0,21,0,21,0,21,0,21,0,21,0,21,0,21,0,21,0,21,0,21,0,21,0,21,0,21,0,21,0,21,0,21,0,21,0,21,0,21,0,21,0,21,0,21,0,21,0,21,0,21,0,21,0,21,0,21,0,21,0,21,0,21,0,21,0,21,0,21,0,21,0,21,0,21,0,21,0,21,0,21,0,21,0,21,0,21,0,21,0,21,0,21,0,21,0,21,0,21,0,21,0,21,0,21,0,21,0,21,0,21,0,21,0,21,0,21,0,21,0,21,0,21,0,21,0,21,0,21,0,21,0,21,0,21,0,21,0,21,0,21,0,21,0,21,0,21,0,21,0,21,0,21,0,21,0,21,0,21,0,21,0,21,0,21,0,21,0,21,0,21,0,21,0,21,0,21,0,21,0,21,0,21,0,21,0,21,0,21,0,21,0,21,0,21,0,21,0,21,0,21,0,21,0,21,0,21,0,21,0,21,0,21,0,21,0,21,0,21,0,21,0,21,0,21,0,21,0,21,0,21,0,21,0,21,0,21,0,21,0,21,0,21,0,21,0,21,0,21,0,21,0,21,0,21,0,21,0,21,0,21,0,21,0,21,0,21,0,21,0,21,0,21,0,21,0,21,0,21,0,21,0,21,0,21,0,21,0,21,0,21,0,21,0,21,0,21,0,21,0,21,0,21,0,21,0,21,0,21,0,21,0,21,0,21,0,21,0,21,0,21,0,21,0,21,0,21,0,21,0,21,0,21,0,21,0,21,0,21,0,21,0,21,0,21,0,21,0,21,0,21,0,21,0,21,0,21,0,21,0,21,0,21,0,21,0,21,0,21,0,21,0,21,0,21,0,21,0,21,0,21,0,21,0,21,0,21,0,21,0,21,0,21,0,21,0,21,0,21,0,21,0,21,0,21,0,21,0,21,0,21,0,21,0,21,0,21,0,21,0,21,0,21,0,21,0,21,0,21,0,21,0,21,0,21,0,21,0,21,0,21,0,21,0,21,0,21,0,21,0,21,0,21,0,21,0,21,0,21,0,21,0,21,0,21,0,21,0,21,0,21,0,21,0,21,0,21,0,21,0,21,0,21,0,21,0,21,0,21,0,21,0,21,0,21,0,21,0,21,0,21,0,21,0,21,0,21,0,21,0,21,0,21,0,21,0,21,0,21,0,21,0,21,0,21,0,21,0,21,0,21,0,21,0,21,0,21,0,21,0,21,0,21,0,21,0,21,0,21,0,21,0,21,0,21,0,21,0,21,0,21,0,21,0,21,0,21,0,21,0,21,0,21,0,21,0,21,0,21,0,21,0,21,0,21,0,21,0,21,0,21,0,21,0,21,0,21,0,21,0,21,0,21,0,21,0,21,0,21,0,21,0,21,0,21,0,21,0,21,0,21,0,21,0,21,0,21,0,21,0,21,0,21,0,21,0,21,0,21,0
,,22,0,22,0,22,0,22,0,22,0,22,0,22,0,22,0,22,0,22,0,22,0,22,0,22,0,22,0,22,0,22,0,22,0,22,0,22,0,22,0,22,0,22,0,22,0,22,0,22,0,22,0,22,0,22,0,22,0,22,0,22,0,22,0,22,0,22,0,22,0,22,0,22,0,22,0,22,0,22,0,22,0,22,0,22,0,22,0,22,0,22,0,22,0,22,0,22,0,22,0,22,0,22,0,22,0,22,0,22,0,22,0,22,0,22,0,22,0,22,0,22,0,22,0,22,0,22,0,22,0,22,0,22,0,22,0,22,0,22,0,22,0,22,0,22,0,22,0,22,0,22,0,22,0,22,0,22,0,22,0,22,0,22,0,22,0,22,0,22,0,22,0,22,0,22,0,22,0,22,0,22,0,22,0,22,0,22,0,22,0,22,0,22,0,22,0,22,0,22,0,22,0,22,0,22,0,22,0,22,0,22,0,22,0,22,0,22,0,22,0,22,0,22,0,22,0,22,0,22,0,22,0,22,0,22,0,22,0,22,2,22,0,22,0,22,1,22,0,22,0,22,0,22,0,22,0,22,0,22,0,22,0,22,0,22,0,22,0,22,0,22,0,22,0,22,0,22,0,22,0,22,0,22,0,22,0,22,0,22,0,22,0,22,0,22,0,22,0,22,0,22,0,22,0,22,0,22,0,22,0,22,0,22,0,22,0,22,0,22,0,22,0,22,0,22,0,22,0,22,0,22,0,22,0,22,0,22,0,22,0,22,0,22,0,22,0,22,0,22,0,22,0,22,0,22,0,22,0,22,0,22,0,22,0,22,0,22,0,22,0,22,0,22,0,22,0,22,0,22,0,22,0,22,0,22,0,22,0,22,0,22,2,22,19,22,0,22,0,22,14,22,0,22,0,22,0,22,0,22,0,22,0,22,0,22,0,22,0,22,0,22,0,22,0,22,0,22,0,22,0,22,0,22,0,22,0,22,0,22,0,22,0,22,0,22,0,22,0,22,0,22,0,22,0,22,0,22,0,22,0,22,0,22,0,22,0,22,0,22,0,22,0,22,0,22,0,22,0,22,0,22,0,22,0,22,0,22,0,22,0,22,0,22,0,22,0,22,0,22,0,22,0,22,0,22,0,22,0,22,0,22,0,22,0,22,0,22,0,22,0,22,0,22,0,22,0,22,0,22,0,22,0,22,0,22,0,22,0,22,0,22,0,22,0,22,0,22,0,22,0,22,0,22,0,22,0,22,0,22,0,22,0,22,0,22,0,22,0,22,0,22,0,22,0,22,0,22,0,22,0,22,0,22,0,22,0,22,0,22,0,22,0,22,0,22,0,22,0,22,0,22,0,22,0,22,0,22,0,22,0,22,0,22,0,22,0,22,0,22,0,22,0,22,0,22,0,22,0,22,0,22,0,22,0,22,0,22,0,22,0,22,0,22,0,22,0,22,0,22,0,22,0,22,0,22,0,22,0,22,0,22,0,22,0,22,0,22,0,22,0,22,0,22,0,22,0,22,0,22,0,22,0,22,0,22,0,22,0,22,0,22,0,22,0,22,0,22,0,22,0,22,0,22,0,22,0,22,0,22,0,22,0,22,0,22,0,22,0,22,0,22,0,22,0,22,0,22,0,22,0,22,0,22,0,22,0,22,0,22,0,22,0,22,0,22,0,22,0,22,0,22,0,22,0,22,0,22,0,22,0,22,0,22,0,22,0,22,0,22,0,22,0,22,0,22,0,22,0,22,0,22,0,22,0,22,0,22,0,22,0,22,0,22,0,22,0,22,0,22,0,22,0,22,0,22,0,22,0,22,0,22,0,22,0,22,0,22,0,22,0,22,0,22,0,22,0,22,0,22,0,22,0,22,0,22,0,22,0,22,0,22,0,22,0,22,0,22,0,22,0,22,0,22,0,22,0,22,0,22,0,22,0,22,0,22,0,22,0,22,0,22,0,22,0,22,0,22,0,22,0,22,0,22,0,22,0,22,0,22,0,22,0,22,0,22,0,22,0,22,0,22,0,22,0,22,0,22,0,22,0,22,0,22,0,22,0,22,0,22,0,22,0,22,0,22,0,22,0,22,0,22,0,22,0,22,0,22,0,22,0,22,0,22,0,22,0,22,0,22,0,22,0,22,0,22,0,22,0,22,0,22,0,22,0,22,0,22,0,22,0,22,0,22,0,22,0,22,0,22,0,22,0,22,0,22,0,22,0,22,0,22,0,22,0,22,0,22,0,22,0,22,0,22,0,22,0,22,0,22,0,22,0,22,0,22,0,22,0,22,0,22,0,22,0,22,0,22,0,22,0,22,0,22,0,22,0,22,0,22,0,22,0,22,0,22,0,22,0,22,0,22,0,22,0,22,0,22,0,22,0,22,0,22,0,22,0,22,0,22,0,22,0,22,0,22,0,22,0,22,0,22,0,22,0,22,0,22,0
,,23,0,23,0,23,0,23,0,23,0,23,0,23,0,23,0,23,0,23,0,23,0,23,0,23,0,23,0,23,0,23,0,23,0,23,0,23,0,23,0,23,0,23,0,23,0,23,0,23,0,23,0,23,0,23,0,23,0,23,0,23,0,23,0,23,0,23,0,23,0,23,0,23,0,23,0,23,0,23,0,23,0,23,0,23,0,23,0,23,0,23,0,23,0,23,0,23,0,23,0,23,0,23,0,23,0,23,0,23,0,23,0,23,0,23,0,23,0,23,0,23,0,23,0,23,0,23,0,23,0,23,0,23,0,23,0,23,0,23,0,23,0,23,0,23,0,23,0,23,0,23,0,23,0,23,0,23,0,23,0,23,0,23,0,23,0,23,0,23,0,23,0,23,0,23,0,23,0,23,0,23,0,23,0,23,0,23,0,23,0,23,0,23,0,23,0,23,0,23,0,23,0,23,0,23,0,23,0,23,0,23,0,23,0,23,0,23,0,23,0,23,0,23,0,23,0,23,0,23,0,23,0,23,0,23,0,23,2,23,2,23,0,23,0,23,5,23,0,23,0,23,0,23,0,23,0,23,0,23,0,23,0,23,0,23,0,23,0,23,0,23,0,23,0,23,0,23,0,23,0,23,0,23,0,23,0,23,0,23,0,23,0,23,0,23,0,23,0,23,0,23,0,23,0,23,0,23,0,23,0,23,0,23,0,23,0,23,0,23,0,23,0,23,0,23,0,23,0,23,0,23,0,23,0,23,0,23,0,23,0,23,0,23,0,23,0,23,0,23,0,23,0,23,0,23,0,23,0,23,0,23,0,23,0,23,0,23,0,23,0,23,0,23,0,23,0,23,0,23,0,23,0,23,0,23,0,23,0,23,0,23,8,23,14,23,0,23,0,23,10,23,0,23,0,23,0,23,0,23,0,23,0,23,0,23,0,23,0,23,0,23,0,23,0,23,0,23,0,23,0,23,0,23,0,23,0,23,0,23,0,23,0,23,0,23,0,23,0,23,0,23,0,23,0,23,0,23,0,23,0,23,0,23,0,23,0,23,0,23,0,23,0,23,0,23,0,23,0,23,0,23,0,23,0,23,0,23,0,23,0,23,0,23,0,23,0,23,0,23,0,23,0,23,0,23,0,23,0,23,0,23,0,23,0,23,0,23,0,23,0,23,0,23,0,23,0,23,0,23,0,23,0,23,0,23,0,23,0,23,0,23,0,23,0,23,0,23,0,23,0,23,0,23,0,23,0,23,0,23,0,23,0,23,0,23,0,23,0,23,0,23,0,23,0,23,0,23,0,23,0,23,0,23,0,23,0,23,0,23,0,23,0,23,0,23,0,23,0,23,0,23,0,23,0,23,0,23,0,23,0,23,0,23,0,23,0,23,0,23,0,23,0,23,0,23,0,23,0,23,0,23,0,23,0,23,0,23,0,23,0,23,0,23,0,23,0,23,0,23,0,23,0,23,0,23,0,23,0,23,0,23,0,23,0,23,0,23,0,23,0,23,0,23,0,23,0,23,0,23,0,23,0,23,0,23,0,23,0,23,0,23,0,23,0,23,0,23,0,23,0,23,0,23,0,23,0,23,0,23,0,23,0,23,0,23,0,23,0,23,0,23,0,23,0,23,0,23,0,23,0,23,0,23,0,23,0,23,0,23,0,23,0,23,0,23,0,23,0,23,0,23,0,23,0,23,0,23,0,23,0,23,0,23,0,23,0,23,0,23,0,23,0,23,0,23,0,23,0,23,0,23,0,23,0,23,0,23,0,23,0,23,0,23,0,23,0,23,0,23,0,23,0,23,0,23,0,23,0,23,0,23,0,23,0,23,0,23,0,23,0,23,0,23,0,23,0,23,0,23,0,23,0,23,0,23,0,23,0,23,0,23,0,23,0,23,0,23,0,23,0,23,0,23,0,23,0,23,0,23,0,23,0,23,0,23,0,23,0,23,0,23,0,23,0,23,0,23,0,23,0,23,0,23,0,23,0,23,0,23,0,23,0,23,0,23,0,23,0,23,0,23,0,23,0,23,0,23,0,23,0,23,0,23,0,23,0,23,0,23,0,23,0,23,0,23,0,23,0,23,0,23,0,23,0,23,0,23,0,23,0,23,0,23,0,23,0,23,0,23,0,23,0,23,0,23,0,23,0,23,0,23,0,23,0,23,0,23,0,23,0,23,0,23,0,23,0,23,0,23,0,23,0,23,0,23,0,23,0,23,0,23,0,23,0,23,0,23,0,23,0,23,0,23,0,23,0,23,0,23,0,23,0,23,0,23,0,23,0,23,0,23,0,23,0,23,0,23,0,23,0,23,0,23,0,23,0,23,0,23,0,23,0,23,0,23,0,23,0,23,0,23,0,23,0,23,0,23,0,23,0,23,0,23,0,23,0,23,0,23,0,23,0,23,0,23,0,23,0,23,0,23,0,23,0,23,0,23,0
,,24,0,24,0,24,0,24,0,24,0,24,0,24,0,24,0,24,0,24,0,24,0,24,0,24,0,24,0,24,0,24,0,24,0,24,0,24,0,24,0,24,0,24,0,24,0,24,0,24,0,24,0,24,0,24,0,24,0,24,0,24,0,24,0,24,0,24,0,24,0,24,0,24,0,24,0,24,0,24,0,24,0,24,0,24,0,24,0,24,0,24,0,24,0,24,0,24,0,24,0,24,0,24,0,24,0,24,0,24,0,24,0,24,0,24,0,24,0,24,0,24,0,24,0,24,0,24,0,24,0,24,0,24,0,24,0,24,0,24,0,24,0,24,0,24,0,24,0,24,0,24,0,24,0,24,0,24,0,24,0,24,0,24,0,24,0,24,0,24,0,24,0,24,0,24,0,24,0,24,0,24,0,24,0,24,0,24,0,24,0,24,0,24,0,24,0,24,0,24,0,24,0,24,0,24,0,24,0,24,0,24,0,24,0,24,0,24,0,24,0,24,0,24,0,24,0,24,0,24,0,24,0,24,0,24,0,24,5,24,5,24,0,24,0,24,7,24,0,24,0,24,0,24,0,24,0,24,0,24,0,24,0,24,0,24,0,24,0,24,0,24,0,24,0,24,0,24,0,24,0,24,0,24,0,24,0,24,0,24,0,24,0,24,0,24,0,24,0,24,0,24,0,24,0,24,0,24,0,24,0,24,0,24,0,24,0,24,0,24,0,24,0,24,0,24,0,24,0,24,0,24,0,24,0,24,0,24,0,24,0,24,0,24,0,24,0,24,0,24,0,24,0,24,0,24,0,24,0,24,0,24,0,24,0,24,0,24,0,24,0,24,0,24,0,24,0,24,0,24,0,24,0,24,0,24,0,24,0,24,0,24,4,24,9,24,0,24,0,24,9,24,0,24,0,24,0,24,0,24,0,24,0,24,0,24,0,24,0,24,0,24,0,24,0,24,0,24,0,24,0,24,0,24,0,24,0,24,0,24,0,24,0,24,0,24,0,24,0,24,0,24,0,24,0,24,0,24,0,24,0,24,0,24,0,24,0,24,0,24,0,24,0,24,0,24,0,24,0,24,0,24,0,24,0,24,0,24,0,24,0,24,0,24,0,24,0,24,0,24,0,24,0,24,0,24,0,24,0,24,0,24,0,24,0,24,0,24,0,24,0,24,0,24,0,24,0,24,0,24,0,24,0,24,0,24,0,24,0,24,0,24,0,24,0,24,0,24,0,24,0,24,0,24,0,24,0,24,0,24,0,24,0,24,0,24,0,24,0,24,0,24,0,24,0,24,0,24,0,24,0,24,0,24,0,24,0,24,0,24,0,24,0,24,0,24,0,24,0,24,0,24,0,24,0,24,0,24,0,24,0,24,0,24,0,24,0,24,0,24,0,24,0,24,0,24,0,24,0,24,0,24,0,24,0,24,0,24,0,24,0,24,0,24,0,24,0,24,0,24,0,24,0,24,0,24,0,24,0,24,0,24,0,24,0,24,0,24,0,24,0,24,0,24,0,24,0,24,0,24,0,24,0,24,0,24,0,24,0,24,0,24,0,24,0,24,0,24,0,24,0,24,0,24,0,24,0,24,0,24,0,24,0,24,0,24,0,24,0,24,0,24,0,24,0,24,0,24,0,24,0,24,0,24,0,24,0,24,0,24,0,24,0,24,0,24,0,24,0,24,0,24,0,24,0,24,0,24,0,24,0,24,0,24,0,24,0,24,0,24,0,24,0,24,0,24,0,24,0,24,0,24,0,24,0,24,0,24,0,24,0,24,0,24,0,24,0,24,0,24,0,24,0,24,0,24,0,24,0,24,0,24,0,24,0,24,0,24,0,24,0,24,0,24,0,24,0,24,0,24,0,24,0,24,0,24,0,24,0,24,0,24,0,24,0,24,0,24,0,24,0,24,0,24,0,24,0,24,0,24,0,24,0,24,0,24,0,24,0,24,0,24,0,24,0,24,0,24,0,24,0,24,0,24,0,24,0,24,0,24,0,24,0,24,0,24,0,24,0,24,0,24,0,24,0,24,0,24,0,24,0,24,0,24,0,24,0,24,0,24,0,24,0,24,0,24,0,24,0,24,0,24,0,24,0,24,0,24,0,24,0,24,0,24,0,24,0,24,0,24,0,24,0,24,0,24,0,24,0,24,0,24,0,24,0,24,0,24,0,24,0,24,0,24,0,24,0,24,0,24,0,24,0,24,0,24,0,24,0,24,0,24,0,24,0,24,0,24,0,24,0,24,0,24,0,24,0,24,0,24,0,24,0,24,0,24,0,24,0,24,0,24,0,24,0,24,0,24,0,24,0,24,0,24,0,24,0,24,0,24,0,24,0,24,0,24,0,24,0,24,0,24,0,24,0,24,0,24,0,24,0,24,0,24,0,24,0,24,0,24,0,24,0,24,0,24,0,24,0,24,0,24,0,24,0,24,0,24,0
,,25,0,25,0,25,0,25,0,25,0,25,0,25,0,25,0,25,0,25,0,25,0,25,0,25,0,25,0,25,0,25,0,25,0,25,0,25,0,25,0,25,0,25,0,25,0,25,0,25,0,25,0,25,0,25,0,25,0,25,0,25,0,25,0,25,0,25,0,25,0,25,0,25,0,25,0,25,0,25,0,25,0,25,0,25,0,25,0,25,0,25,0,25,0,25,0,25,0,25,0,25,0,25,0,25,0,25,0,25,0,25,0,25,0,25,0,25,0,25,0,25,0,25,0,25,0,25,0,25,0,25,0,25,0,25,0,25,0,25,0,25,0,25,0,25,0,25,0,25,0,25,0,25,0,25,0,25,0,25,0,25,0,25,0,25,0,25,0,25,0,25,0,25,0,25,0,25,0,25,0,25,0,25,0,25,0,25,0,25,0,25,0,25,0,25,0,25,0,25,0,25,0,25,0,25,0,25,0,25,0,25,0,25,0,25,0,25,0,25,0,25,0,25,0,25,0,25,0,25,2,25,0,25,0,25,0,25,8,25,1,25,0,25,0,25,7,25,0,25,0,25,0,25,0,25,0,25,0,25,0,25,0,25,0,25,0,25,0,25,0,25,0,25,0,25,0,25,0,25,0,25,0,25,0,25,0,25,0,25,0,25,0,25,0,25,0,25,0,25,0,25,0,25,0,25,0,25,0,25,0,25,0,25,0,25,0,25,0,25,0,25,0,25,0,25,0,25,0,25,0,25,0,25,0,25,0,25,0,25,0,25,0,25,0,25,0,25,0,25,0,25,0,25,0,25,0,25,0,25,0,25,0,25,0,25,0,25,0,25,0,25,0,25,0,25,0,25,0,25,0,25,0,25,0,25,0,25,0,25,0,25,7,25,4,25,0,25,0,25,9,25,0,25,0,25,0,25,0,25,0,25,0,25,0,25,0,25,0,25,0,25,0,25,0,25,0,25,0,25,0,25,0,25,0,25,0,25,0,25,0,25,0,25,0,25,0,25,0,25,0,25,0,25,0,25,0,25,0,25,0,25,0,25,0,25,0,25,0,25,0,25,0,25,0,25,0,25,0,25,0,25,0,25,0,25,0,25,0,25,0,25,0,25,0,25,0,25,0,25,0,25,0,25,0,25,0,25,0,25,0,25,0,25,0,25,0,25,0,25,0,25,0,25,0,25,0,25,0,25,0,25,0,25,0,25,0,25,0,25,0,25,0,25,0,25,0,25,0,25,0,25,0,25,0,25,0,25,0,25,0,25,0,25,0,25,0,25,0,25,0,25,0,25,0,25,0,25,0,25,0,25,0,25,0,25,0,25,0,25,0,25,0,25,0,25,0,25,0,25,0,25,0,25,0,25,0,25,0,25,0,25,0,25,0,25,0,25,0,25,0,25,0,25,0,25,0,25,0,25,0,25,0,25,0,25,0,25,0,25,0,25,0,25,0,25,0,25,0,25,0,25,0,25,0,25,0,25,0,25,0,25,0,25,0,25,0,25,0,25,0,25,0,25,0,25,0,25,0,25,0,25,0,25,0,25,0,25,0,25,0,25,0,25,0,25,0,25,0,25,0,25,0,25,0,25,0,25,0,25,0,25,0,25,0,25,0,25,0,25,0,25,0,25,0,25,0,25,0,25,0,25,0,25,0,25,0,25,0,25,0,25,0,25,0,25,0,25,0,25,0,25,0,25,0,25,0,25,0,25,0,25,0,25,0,25,0,25,0,25,0,25,0,25,0,25,0,25,0,25,0,25,0,25,0,25,0,25,0,25,0,25,0,25,0,25,0,25,0,25,0,25,0,25,0,25,0,25,0,25,0,25,0,25,0,25,0,25,0,25,0,25,0,25,0,25,0,25,0,25,0,25,0,25,0,25,0,25,0,25,0,25,0,25,0,25,0,25,0,25,0,25,0,25,0,25,0,25,0,25,0,25,0,25,0,25,0,25,0,25,0,25,0,25,0,25,0,25,0,25,0,25,0,25,0,25,0,25,0,25,0,25,0,25,0,25,0,25,0,25,0,25,0,25,0,25,0,25,0,25,0,25,0,25,0,25,0,25,0,25,0,25,0,25,0,25,0,25,0,25,0,25,0,25,0,25,0,25,0,25,0,25,0,25,0,25,0,25,0,25,0,25,0,25,0,25,0,25,0,25,0,25,0,25,0,25,0,25,0,25,0,25,0,25,0,25,0,25,0,25,0,25,0,25,0,25,0,25,0,25,0,25,0,25,0,25,0,25,0,25,0,25,0,25,0,25,0,25,0,25,0,25,0,25,0,25,0,25,0,25,0,25,0,25,0,25,0,25,0,25,0,25,0,25,0,25,0,25,0,25,0,25,0,25,0,25,0,25,0,25,0,25,0,25,0,25,0,25,0,25,0,25,0,25,0,25,0,25,0,25,0,25,0,25,0,25,0,25,0,25,0,25,0,25,0,25,0,25,0
,,26,0,26,0,26,0,26,0,26,0,26,0,26,0,26,0,26,0,26,0,26,0,26,0,26,0,26,0,26,0,26,0,26,0,26,0,26,0,26,0,26,0,26,0,26,0,26,0,26,0,26,0,26,0,26,0,26,0,26,0,26,0,26,0,26,0,26,0,26,0,26,0,26,0,26,0,26,0,26,0,26,0,26,0,26,0,26,0,26,0,26,0,26,0,26,0,26,0,26,0,26,0,26,0,26,0,26,0,26,0,26,0,26,0,26,0,26,0,26,0,26,0,26,0,26,0,26,0,26,0,26,0,26,0,26,0,26,0,26,0,26,0,26,0,26,0,26,0,26,0,26,0,26,0,26,0,26,0,26,0,26,0,26,0,26,0,26,0,26,0,26,0,26,0,26,0,26,0,26,0,26,0,26,0,26,0,26,0,26,0,26,0,26,0,26,0,26,0,26,0,26,0,26,0,26,0,26,0,26,0,26,0,26,0,26,0,26,0,26,0,26,0,26,0,26,0,26,0,26,0,26,0,26,0,26,0,26,6,26,4,26,0,26,0,26,9,26,0,26,0,26,0,26,0,26,0,26,0,26,0,26,0,26,0,26,0,26,0,26,0,26,0,26,0,26,0,26,0,26,0,26,0,26,0,26,0,26,0,26,0,26,0,26,0,26,0,26,0,26,0,26,0,26,0,26,0,26,0,26,0,26,0,26,0,26,0,26,0,26,0,26,0,26,0,26,0,26,0,26,0,26,0,26,0,26,0,26,0,26,0,26,0,26,0,26,0,26,0,26,0,26,0,26,0,26,0,26,0,26,0,26,0,26,0,26,0,26,0,26,0,26,0,26,0,26,0,26,0,26,0,26,0,26,0,26,0,26,0,26,0,26,5,26,6,26,0,26,0,26,8,26,0,26,0,26,0,26,0,26,0,26,0,26,0,26,0,26,0,26,0,26,0,26,0,26,0,26,0,26,0,26,0,26,0,26,0,26,0,26,0,26,0,26,0,26,0,26,0,26,0,26,0,26,0,26,0,26,0,26,0,26,0,26,0,26,0,26,0,26,0,26,0,26,0,26,0,26,0,26,0,26,0,26,0,26,0,26,0,26,0,26,0,26,0,26,0,26,0,26,0,26,0,26,0,26,0,26,0,26,0,26,0,26,0,26,0,26,0,26,0,26,0,26,0,26,0,26,0,26,0,26,0,26,0,26,0,26,0,26,0,26,0,26,0,26,0,26,0,26,0,26,0,26,0,26,0,26,0,26,0,26,0,26,0,26,0,26,0,26,0,26,0,26,0,26,0,26,0,26,0,26,0,26,0,26,0,26,0,26,0,26,0,26,0,26,0,26,0,26,0,26,0,26,0,26,0,26,0,26,0,26,0,26,0,26,0,26,0,26,0,26,0,26,0,26,0,26,0,26,0,26,0,26,0,26,0,26,0,26,0,26,0,26,0,26,0,26,0,26,0,26,0,26,0,26,0,26,0,26,0,26,0,26,0,26,0,26,0,26,0,26,0,26,0,26,0,26,0,26,0,26,0,26,0,26,0,26,0,26,0,26,0,26,0,26,0,26,0,26,0,26,0,26,0,26,0,26,0,26,0,26,0,26,0,26,0,26,0,26,0,26,0,26,0,26,0,26,0,26,0,26,0,26,0,26,0,26,0,26,0,26,0,26,0,26,0,26,0,26,0,26,0,26,0,26,0,26,0,26,0,26,0,26,0,26,0,26,0,26,0,26,0,26,0,26,0,26,0,26,0,26,0,26,0,26,0,26,0,26,0,26,0,26,0,26,0,26,0,26,0,26,0,26,0,26,0,26,0,26,0,26,0,26,0,26,0,26,0,26,0,26,0,26,0,26,0,26,0,26,0,26,0,26,0,26,0,26,0,26,0,26,0,26,0,26,0,26,0,26,0,26,0,26,0,26,0,26,0,26,0,26,0,26,0,26,0,26,0,26,0,26,0,26,0,26,0,26,0,26,0,26,0,26,0,26,0,26,0,26,0,26,0,26,0,26,0,26,0,26,0,26,0,26,0,26,0,26,0,26,0,26,0,26,0,26,0,26,0,26,0,26,0,26,0,26,0,26,0,26,0,26,0,26,0,26,0,26,0,26,0,26,0,26,0,26,0,26,0,26,0,26,0,26,0,26,0,26,0,26,0,26,0,26,0,26,0,26,0,26,0,26,0,26,0,26,0,26,0,26,0,26,0,26,0,26,0,26,0,26,0,26,0,26,0,26,0,26,0,26,0,26,0,26,0,26,0,26,0,26,0,26,0,26,0,26,0,26,0,26,0,26,0,26,0,26,0,26,0,26,0,26,0,26,0,26,0,26,0,26,0,26,0,26,0,26,0,26,0,26,0,26,0,26,0,26,0,26,0,26,0,26,0,26,0,26,0,26,0,26,0,26,0,26,0,26,0,26,0,26,0,26,0,26,0,26,0,26,0
,,27,0,27,0,27,0,27,0,27,0,27,0,27,0,27,0,27,0,27,0,27,0,27,0,27,0,27,0,27,0,27,0,27,0,27,0,27,0,27,0,27,0,27,0,27,0,27,0,27,0,27,0,27,0,27,0,27,0,27,0,27,0,27,0,27,0,27,0,27,0,27,0,27,0,27,0,27,0,27,0,27,0,27,0,27,0,27,0,27,0,27,0,27,0,27,0,27,0,27,0,27,0,27,0,27,0,27,0,27,0,27,0,27,0,27,0,27,0,27,0,27,0,27,0,27,0,27,0,27,0,27,0,27,0,27,0,27,0,27,0,27,0,27,0,27,0,27,0,27,0,27,0,27,0,27,0,27,0,27,0,27,0,27,0,27,0,27,0,27,0,27,0,27,0,27,0,27,0,27,0,27,0,27,0,27,0,27,0,27,0,27,0,27,0,27,0,27,0,27,0,27,0,27,0,27,0,27,0,27,0,27,0,27,0,27,0,27,0,27,0,27,0,27,0,27,0,27,0,27,0,27,0,27,0,27,0,27,2,27,4,27,0,27,0,27,5,27,0,27,0,27,0,27,0,27,0,27,0,27,0,27,0,27,0,27,0,27,0,27,0,27,0,27,0,27,0,27,0,27,0,27,0,27,0,27,0,27,0,27,0,27,0,27,0,27,0,27,0,27,0,27,0,27,0,27,0,27,0,27,0,27,0,27,0,27,0,27,0,27,0,27,0,27,0,27,0,27,0,27,0,27,0,27,0,27,0,27,0,27,0,27,0,27,0,27,0,27,0,27,0,27,0,27,0,27,0,27,0,27,0,27,0,27,0,27,0,27,0,27,0,27,0,27,0,27,0,27,0,27,0,27,0,27,0,27,0,27,0,27,0,27,4,27,17,27,0,27,0,27,9,27,0,27,0,27,0,27,0,27,0,27,0,27,0,27,0,27,0,27,0,27,0,27,0,27,0,27,0,27,0,27,0,27,0,27,0,27,0,27,0,27,0,27,0,27,0,27,0,27,0,27,0,27,0,27,0,27,0,27,0,27,0,27,0,27,0,27,0,27,0,27,0,27,0,27,0,27,0,27,0,27,0,27,0,27,0,27,0,27,0,27,0,27,0,27,0,27,0,27,0,27,0,27,0,27,0,27,0,27,0,27,0,27,0,27,0,27,0,27,0,27,0,27,0,27,0,27,0,27,0,27,0,27,0,27,0,27,0,27,0,27,0,27,0,27,0,27,0,27,0,27,0,27,0,27,0,27,0,27,0,27,0,27,0,27,0,27,0,27,0,27,0,27,0,27,0,27,0,27,0,27,0,27,0,27,0,27,0,27,0,27,0,27,0,27,0,27,0,27,0,27,0,27,0,27,0,27,0,27,0,27,0,27,0,27,0,27,0,27,0,27,0,27,0,27,0,27,0,27,0,27,0,27,0,27,0,27,0,27,0,27,0,27,0,27,0,27,0,27,0,27,0,27,0,27,0,27,0,27,0,27,0,27,0,27,0,27,0,27,0,27,0,27,0,27,0,27,0,27,0,27,0,27,0,27,0,27,0,27,0,27,0,27,0,27,0,27,0,27,0,27,0,27,0,27,0,27,0,27,0,27,0,27,0,27,0,27,0,27,0,27,0,27,0,27,0,27,0,27,0,27,0,27,0,27,0,27,0,27,0,27,0,27,0,27,0,27,0,27,0,27,0,27,0,27,0,27,0,27,0,27,0,27,0,27,0,27,0,27,0,27,0,27,0,27,0,27,0,27,0,27,0,27,0,27,0,27,0,27,0,27,0,27,0,27,0,27,0,27,0,27,0,27,0,27,0,27,0,27,0,27,0,27,0,27,0,27,0,27,0,27,0,27,0,27,0,27,0,27,0,27,0,27,0,27,0,27,0,27,0,27,0,27,0,27,0,27,0,27,0,27,0,27,0,27,0,27,0,27,0,27,0,27,0,27,0,27,0,27,0,27,0,27,0,27,0,27,0,27,0,27,0,27,0,27,0,27,0,27,0,27,0,27,0,27,0,27,0,27,0,27,0,27,0,27,0,27,0,27,0,27,0,27,0,27,0,27,0,27,0,27,0,27,0,27,0,27,0,27,0,27,0,27,0,27,0,27,0,27,0,27,0,27,0,27,0,27,0,27,0,27,0,27,0,27,0,27,0,27,0,27,0,27,0,27,0,27,0,27,0,27,0,27,0,27,0,27,0,27,0,27,0,27,0,27,0,27,0,27,0,27,0,27,0,27,0,27,0,27,0,27,0,27,0,27,0,27,0,27,0,27,0,27,0,27,0,27,0,27,0,27,0,27,0,27,0,27,0,27,0,27,0,27,0,27,0,27,0,27,0,27,0,27,0,27,0,27,0,27,0,27,0,27,0,27,0,27,0,27,0,27,0,27,0,27,0,27,0,27,0,27,0,27,0,27,0,27,0,27,0,27,0,27,0,27,0,27,0
,,28,0,28,0,28,0,28,0,28,0,28,0,28,0,28,0,28,0,28,0,28,0,28,0,28,0,28,0,28,0,28,0,28,0,28,0,28,0,28,0,28,0,28,0,28,0,28,0,28,0,28,0,28,0,28,0,28,0,28,0,28,0,28,0,28,0,28,0,28,0,28,0,28,0,28,0,28,0,28,0,28,0,28,0,28,0,28,0,28,0,28,0,28,0,28,0,28,0,28,0,28,0,28,0,28,0,28,0,28,0,28,0,28,0,28,0,28,0,28,0,28,0,28,0,28,0,28,0,28,0,28,0,28,0,28,0,28,0,28,0,28,0,28,0,28,0,28,0,28,0,28,0,28,0,28,0,28,0,28,0,28,0,28,0,28,0,28,0,28,0,28,0,28,0,28,0,28,0,28,0,28,0,28,0,28,0,28,0,28,0,28,0,28,0,28,0,28,0,28,0,28,0,28,0,28,0,28,0,28,0,28,0,28,0,28,0,28,0,28,0,28,0,28,0,28,0,28,0,28,0,28,0,28,0,28,0,28,2,28,2,28,0,28,0,28,8,28,0,28,0,28,0,28,0,28,0,28,0,28,0,28,0,28,0,28,0,28,0,28,0,28,0,28,0,28,0,28,0,28,0,28,0,28,0,28,0,28,0,28,0,28,0,28,0,28,0,28,0,28,0,28,0,28,0,28,0,28,0,28,0,28,0,28,0,28,0,28,0,28,0,28,0,28,0,28,0,28,0,28,0,28,0,28,0,28,0,28,0,28,0,28,0,28,0,28,0,28,0,28,0,28,0,28,0,28,0,28,0,28,0,28,0,28,0,28,0,28,0,28,0,28,0,28,0,28,0,28,0,28,0,28,0,28,0,28,0,28,0,28,0,28,10,28,14,28,0,28,0,28,5,28,0,28,0,28,0,28,0,28,0,28,0,28,0,28,0,28,0,28,0,28,0,28,0,28,0,28,0,28,0,28,0,28,0,28,0,28,0,28,0,28,0,28,0,28,0,28,0,28,0,28,0,28,0,28,0,28,0,28,0,28,0,28,0,28,0,28,0,28,0,28,0,28,0,28,0,28,0,28,0,28,0,28,0,28,0,28,0,28,0,28,0,28,0,28,0,28,0,28,0,28,0,28,0,28,0,28,0,28,0,28,0,28,0,28,0,28,0,28,0,28,0,28,0,28,0,28,0,28,0,28,0,28,0,28,0,28,0,28,0,28,0,28,0,28,0,28,0,28,0,28,0,28,0,28,0,28,0,28,0,28,0,28,0,28,0,28,0,28,0,28,0,28,0,28,0,28,0,28,0,28,0,28,0,28,0,28,0,28,0,28,0,28,0,28,0,28,0,28,0,28,0,28,0,28,0,28,0,28,0,28,0,28,0,28,0,28,0,28,0,28,0,28,0,28,0,28,0,28,0,28,0,28,0,28,0,28,0,28,0,28,0,28,0,28,0,28,0,28,0,28,0,28,0,28,0,28,0,28,0,28,0,28,0,28,0,28,0,28,0,28,0,28,0,28,0,28,0,28,0,28,0,28,0,28,0,28,0,28,0,28,0,28,0,28,0,28,0,28,0,28,0,28,0,28,0,28,0,28,0,28,0,28,0,28,0,28,0,28,0,28,0,28,0,28,0,28,0,28,0,28,0,28,0,28,0,28,0,28,0,28,0,28,0,28,0,28,0,28,0,28,0,28,0,28,0,28,0,28,0,28,0,28,0,28,0,28,0,28,0,28,0,28,0,28,0,28,0,28,0,28,0,28,0,28,0,28,0,28,0,28,0,28,0,28,0,28,0,28,0,28,0,28,0,28,0,28,0,28,0,28,0,28,0,28,0,28,0,28,0,28,0,28,0,28,0,28,0,28,0,28,0,28,0,28,0,28,0,28,0,28,0,28,0,28,0,28,0,28,0,28,0,28,0,28,0,28,0,28,0,28,0,28,0,28,0,28,0,28,0,28,0,28,0,28,0,28,0,28,0,28,0,28,0,28,0,28,0,28,0,28,0,28,0,28,0,28,0,28,0,28,0,28,0,28,0,28,0,28,0,28,0,28,0,28,0,28,0,28,0,28,0,28,0,28,0,28,0,28,0,28,0,28,0,28,0,28,0,28,0,28,0,28,0,28,0,28,0,28,0,28,0,28,0,28,0,28,0,28,0,28,0,28,0,28,0,28,0,28,0,28,0,28,0,28,0,28,0,28,0,28,0,28,0,28,0,28,0,28,0,28,0,28,0,28,0,28,0,28,0,28,0,28,0,28,0,28,0,28,0,28,0,28,0,28,0,28,0,28,0,28,0,28,0,28,0,28,0,28,0,28,0,28,0,28,0,28,0,28,0,28,0,28,0,28,0,28,0,28,0,28,0,28,0,28,0,28,0,28,0,28,0,28,0,28,0,28,0,28,0,28,0,28,0,28,0,28,0,28,0,28,0,28,0,28,0,28,0
,,29,0,29,0,29,0,29,0,29,0,29,0,29,0,29,0,29,0,29,0,29,0,29,0,29,0,29,0,29,0,29,0,29,0,29,0,29,0,29,0,29,0,29,0,29,0,29,0,29,0,29,0,29,0,29,0,29,0,29,0,29,0,29,0,29,0,29,0,29,0,29,0,29,0,29,0,29,0,29,0,29,0,29,0,29,0,29,0,29,0,29,0,29,0,29,0,29,0,29,0,29,0,29,0,29,0,29,0,29,0,29,0,29,0,29,0,29,0,29,0,29,0,29,0,29,0,29,0,29,0,29,0,29,0,29,0,29,0,29,0,29,0,29,0,29,0,29,0,29,0,29,0,29,0,29,0,29,0,29,0,29,0,29,0,29,0,29,0,29,0,29,0,29,0,29,0,29,0,29,0,29,0,29,0,29,0,29,0,29,0,29,0,29,0,29,0,29,0,29,0,29,0,29,0,29,0,29,0,29,0,29,0,29,0,29,0,29,0,29,0,29,0,29,0,29,0,29,0,29,1,29,0,29,0,29,0,29,2,29,0,29,0,29,0,29,2,29,0,29,0,29,0,29,0,29,0,29,0,29,0,29,0,29,0,29,0,29,0,29,0,29,0,29,0,29,0,29,0,29,0,29,0,29,0,29,0,29,0,29,0,29,0,29,0,29,0,29,0,29,0,29,0,29,0,29,0,29,0,29,0,29,0,29,0,29,0,29,0,29,0,29,0,29,0,29,0,29,0,29,0,29,0,29,0,29,0,29,0,29,0,29,0,29,0,29,0,29,0,29,0,29,0,29,0,29,0,29,0,29,0,29,0,29,0,29,0,29,0,29,0,29,0,29,0,29,0,29,0,29,0,29,0,29,0,29,0,29,0,29,0,29,7,29,11,29,0,29,0,29,16,29,0,29,0,29,0,29,0,29,0,29,0,29,0,29,0,29,0,29,0,29,0,29,0,29,0,29,0,29,0,29,0,29,0,29,0,29,0,29,0,29,0,29,0,29,0,29,0,29,0,29,0,29,0,29,0,29,0,29,0,29,0,29,0,29,0,29,0,29,0,29,0,29,0,29,0,29,0,29,0,29,0,29,0,29,0,29,0,29,0,29,0,29,0,29,0,29,0,29,0,29,0,29,0,29,0,29,0,29,0,29,0,29,0,29,0,29,0,29,0,29,0,29,0,29,0,29,0,29,0,29,0,29,0,29,0,29,0,29,0,29,0,29,0,29,0,29,0,29,0,29,0,29,0,29,0,29,0,29,0,29,0,29,0,29,0,29,0,29,0,29,0,29,0,29,0,29,0,29,0,29,0,29,0,29,0,29,0,29,0,29,0,29,0,29,0,29,0,29,0,29,0,29,0,29,0,29,0,29,0,29,0,29,0,29,0,29,0,29,0,29,0,29,0,29,0,29,0,29,0,29,0,29,0,29,0,29,0,29,0,29,0,29,0,29,0,29,0,29,0,29,0,29,0,29,0,29,0,29,0,29,0,29,0,29,0,29,0,29,0,29,0,29,0,29,0,29,0,29,0,29,0,29,0,29,0,29,0,29,0,29,0,29,0,29,0,29,0,29,0,29,0,29,0,29,0,29,0,29,0,29,0,29,0,29,0,29,0,29,0,29,0,29,0,29,0,29,0,29,0,29,0,29,0,29,0,29,0,29,0,29,0,29,0,29,0,29,0,29,0,29,0,29,0,29,0,29,0,29,0,29,0,29,0,29,0,29,0,29,0,29,0,29,0,29,0,29,0,29,0,29,0,29,0,29,0,29,0,29,0,29,0,29,0,29,0,29,0,29,0,29,0,29,0,29,0,29,0,29,0,29,0,29,0,29,0,29,0,29,0,29,0,29,0,29,0,29,0,29,0,29,0,29,0,29,0,29,0,29,0,29,0,29,0,29,0,29,0,29,0,29,0,29,0,29,0,29,0,29,0,29,0,29,0,29,0,29,0,29,0,29,0,29,0,29,0,29,0,29,0,29,0,29,0,29,0,29,0,29,0,29,0,29,0,29,0,29,0,29,0,29,0,29,0,29,0,29,0,29,0,29,0,29,0,29,0,29,0,29,0,29,0,29,0,29,0,29,0,29,0,29,0,29,0,29,0,29,0,29,0,29,0,29,0,29,0,29,0,29,0,29,0,29,0,29,0,29,0,29,0,29,0,29,0,29,0,29,0,29,0,29,0,29,0,29,0,29,0,29,0,29,0,29,0,29,0,29,0,29,0,29,0,29,0,29,0,29,0,29,0,29,0,29,0,29,0,29,0,29,0,29,0,29,0,29,0,29,0,29,0,29,0,29,0,29,0,29,0,29,0,29,0,29,0,29,0,29,0,29,0,29,0,29,0,29,0,29,0,29,0,29,0,29,0,29,0,29,0,29,0,29,0,29,0,29,0,29,0,29,0,29,0,29,0,29,0,29,0,29,0,29,0,29,0,29,0,29,0
,,30,0,30,0,30,0,30,0,30,0,30,0,30,0,30,0,30,0,30,0,30,0,30,0,30,0,30,0,30,0,30,0,30,0,30,0,30,0,30,0,30,0,30,0,30,0,30,0,30,0,30,0,30,0,30,0,30,0,30,0,30,0,30,0,30,0,30,0,30,0,30,0,30,0,30,0,30,0,30,0,30,0,30,0,30,0,30,0,30,0,30,0,30,0,30,0,30,0,30,0,30,0,30,0,30,0,30,0,30,0,30,0,30,0,30,0,30,0,30,0,30,0,30,0,30,0,30,0,30,0,30,0,30,0,30,0,30,0,30,0,30,0,30,0,30,0,30,0,30,0,30,0,30,0,30,0,30,0,30,0,30,0,30,0,30,0,30,0,30,0,30,0,30,0,30,0,30,0,30,0,30,0,30,0,30,0,30,0,30,0,30,0,30,0,30,0,30,0,30,0,30,0,30,0,30,0,30,0,30,0,30,0,30,0,30,0,30,0,30,0,30,0,30,0,30,0,30,0,30,2,30,0,30,0,30,0,30,8,30,0,30,0,30,0,30,5,30,0,30,0,30,0,30,0,30,0,30,0,30,0,30,0,30,0,30,0,30,0,30,0,30,0,30,0,30,0,30,0,30,0,30,0,30,0,30,0,30,0,30,0,30,0,30,0,30,0,30,0,30,0,30,0,30,0,30,0,30,0,30,0,30,0,30,0,30,0,30,0,30,0,30,0,30,0,30,0,30,0,30,0,30,0,30,0,30,0,30,0,30,0,30,0,30,0,30,0,30,0,30,0,30,0,30,0,30,0,30,0,30,0,30,0,30,0,30,0,30,0,30,0,30,0,30,0,30,0,30,0,30,0,30,0,30,0,30,0,30,0,30,0,30,10,30,3,30,0,30,0,30,9,30,0,30,0,30,0,30,0,30,0,30,0,30,0,30,0,30,0,30,0,30,0,30,0,30,0,30,0,30,0,30,0,30,0,30,0,30,0,30,0,30,0,30,0,30,0,30,0,30,0,30,0,30,0,30,0,30,0,30,0,30,0,30,0,30,0,30,0,30,0,30,0,30,0,30,0,30,0,30,0,30,0,30,0,30,0,30,0,30,0,30,0,30,0,30,0,30,0,30,0,30,0,30,0,30,0,30,0,30,0,30,0,30,0,30,0,30,0,30,0,30,0,30,0,30,0,30,0,30,0,30,0,30,0,30,0,30,0,30,0,30,0,30,0,30,0,30,0,30,0,30,0,30,0,30,0,30,0,30,0,30,0,30,0,30,0,30,0,30,0,30,0,30,0,30,0,30,0,30,0,30,0,30,0,30,0,30,0,30,0,30,0,30,0,30,0,30,0,30,0,30,0,30,0,30,0,30,0,30,0,30,0,30,0,30,0,30,0,30,0,30,0,30,0,30,0,30,0,30,0,30,0,30,0,30,0,30,0,30,0,30,0,30,0,30,0,30,0,30,0,30,0,30,0,30,0,30,0,30,0,30,0,30,0,30,0,30,0,30,0,30,0,30,0,30,0,30,0,30,0,30,0,30,0,30,0,30,0,30,0,30,0,30,0,30,0,30,0,30,0,30,0,30,0,30,0,30,0,30,0,30,0,30,0,30,0,30,0,30,0,30,0,30,0,30,0,30,0,30,0,30,0,30,0,30,0,30,0,30,0,30,0,30,0,30,0,30,0,30,0,30,0,30,0,30,0,30,0,30,0,30,0,30,0,30,0,30,0,30,0,30,0,30,0,30,0,30,0,30,0,30,0,30,0,30,0,30,0,30,0,30,0,30,0,30,0,30,0,30,0,30,0,30,0,30,0,30,0,30,0,30,0,30,0,30,0,30,0,30,0,30,0,30,0,30,0,30,0,30,0,30,0,30,0,30,0,30,0,30,0,30,0,30,0,30,0,30,0,30,0,30,0,30,0,30,0,30,0,30,0,30,0,30,0,30,0,30,0,30,0,30,0,30,0,30,0,30,0,30,0,30,0,30,0,30,0,30,0,30,0,30,0,30,0,30,0,30,0,30,0,30,0,30,0,30,0,30,0,30,0,30,0,30,0,30,0,30,0,30,0,30,0,30,0,30,0,30,0,30,0,30,0,30,0,30,0,30,0,30,0,30,0,30,0,30,0,30,0,30,0,30,0,30,0,30,0,30,0,30,0,30,0,30,0,30,0,30,0,30,0,30,0,30,0,30,0,30,0,30,0,30,0,30,0,30,0,30,0,30,0,30,0,30,0,30,0,30,0,30,0,30,0,30,0,30,0,30,0,30,0,30,0,30,0,30,0,30,0,30,0,30,0,30,0,30,0,30,0,30,0,30,0,30,0,30,0,30,0,30,0,30,0,30,0,30,0,30,0,30,0,30,0,30,0,30,0,30,0,30,0,30,0,30,0,30,0,30,0,30,0,30,0,30,0,30,0,30,0,30,0,30,0,30,0,30,0,30,0
,,31,0,31,0,31,0,31,0,31,0,31,0,31,0,31,0,31,0,31,0,31,0,31,0,31,0,31,0,31,0,31,0,31,0,31,0,31,0,31,0,31,0,31,0,31,0,31,0,31,0,31,0,31,0,31,0,31,0,31,0,31,0,31,0,31,0,31,0,31,0,31,0,31,0,31,0,31,0,31,0,31,0,31,0,31,0,31,0,31,0,31,0,31,0,31,0,31,0,31,0,31,0,31,0,31,0,31,0,31,0,31,0,31,0,31,0,31,0,31,0,31,0,31,0,31,0,31,0,31,0,31,0,31,0,31,0,31,0,31,0,31,0,31,0,31,0,31,0,31,0,31,0,31,0,31,0,31,0,31,0,31,0,31,0,31,0,31,0,31,0,31,0,31,0,31,0,31,0,31,0,31,0,31,0,31,0,31,0,31,0,31,0,31,0,31,0,31,0,31,0,31,0,31,0,31,0,31,0,31,0,31,0,31,0,31,0,31,0,31,0,31,0,31,0,31,0,31,0,31,0,31,0,31,0,31,0,31,2,31,5,31,0,31,0,31,5,31,0,31,1,31,0,31,0,31,0,31,0,31,0,31,0,31,0,31,0,31,0,31,0,31,0,31,0,31,0,31,0,31,0,31,0,31,0,31,0,31,0,31,0,31,0,31,0,31,0,31,0,31,0,31,0,31,0,31,0,31,0,31,0,31,0,31,0,31,0,31,0,31,0,31,0,31,0,31,0,31,0,31,0,31,0,31,0,31,0,31,0,31,0,31,0,31,0,31,0,31,0,31,0,31,0,31,0,31,0,31,0,31,0,31,0,31,0,31,0,31,0,31,0,31,0,31,0,31,0,31,0,31,0,31,0,31,0,31,0,31,0,31,0,31,3,31,11,31,0,31,0,31,10,31,0,31,0,31,0,31,0,31,0,31,0,31,0,31,0,31,0,31,0,31,0,31,0,31,0,31,0,31,0,31,0,31,0,31,0,31,0,31,0,31,0,31,0,31,0,31,0,31,0,31,0,31,0,31,0,31,0,31,0,31,0,31,0,31,0,31,0,31,0,31,0,31,0,31,0,31,0,31,0,31,0,31,0,31,0,31,0,31,0,31,0,31,0,31,0,31,0,31,0,31,0,31,0,31,0,31,0,31,0,31,0,31,0,31,0,31,0,31,0,31,0,31,0,31,0,31,0,31,0,31,0,31,0,31,0,31,0,31,0,31,0,31,0,31,0,31,0,31,0,31,0,31,0,31,0,31,0,31,0,31,0,31,0,31,0,31,0,31,0,31,0,31,0,31,0,31,0,31,0,31,0,31,0,31,0,31,0,31,0,31,0,31,0,31,0,31,0,31,0,31,0,31,0,31,0,31,0,31,0,31,0,31,0,31,0,31,0,31,0,31,0,31,0,31,0,31,0,31,0,31,0,31,0,31,0,31,0,31,0,31,0,31,0,31,0,31,0,31,0,31,0,31,0,31,0,31,0,31,0,31,0,31,0,31,0,31,0,31,0,31,0,31,0,31,0,31,0,31,0,31,0,31,0,31,0,31,0,31,0,31,0,31,0,31,0,31,0,31,0,31,0,31,0,31,0,31,0,31,0,31,0,31,0,31,0,31,0,31,0,31,0,31,0,31,0,31,0,31,0,31,0,31,0,31,0,31,0,31,0,31,0,31,0,31,0,31,0,31,0,31,0,31,0,31,0,31,0,31,0,31,0,31,0,31,0,31,0,31,0,31,0,31,0,31,0,31,0,31,0,31,0,31,0,31,0,31,0,31,0,31,0,31,0,31,0,31,0,31,0,31,0,31,0,31,0,31,0,31,0,31,0,31,0,31,0,31,0,31,0,31,0,31,0,31,0,31,0,31,0,31,0,31,0,31,0,31,0,31,0,31,0,31,0,31,0,31,0,31,0,31,0,31,0,31,0,31,0,31,0,31,0,31,0,31,0,31,0,31,0,31,0,31,0,31,0,31,0,31,0,31,0,31,0,31,0,31,0,31,0,31,0,31,0,31,0,31,0,31,0,31,0,31,0,31,0,31,0,31,0,31,0,31,0,31,0,31,0,31,0,31,0,31,0,31,0,31,0,31,0,31,0,31,0,31,0,31,0,31,0,31,0,31,0,31,0,31,0,31,0,31,0,31,0,31,0,31,0,31,0,31,0,31,0,31,0,31,0,31,0,31,0,31,0,31,0,31,0,31,0,31,0,31,0,31,0,31,0,31,0,31,0,31,0,31,0,31,0,31,0,31,0,31,0,31,0,31,0,31,0,31,0,31,0,31,0,31,0,31,0,31,0,31,0,31,0,31,0,31,0,31,0,31,0,31,0,31,0,31,0,31,0,31,0,31,0,31,0,31,0,31,0,31,0,31,0,31,0,31,0,31,0,31,0,31,0,31,0,31,0,31,0,31,0,31,0,31,0,31,0,31,0,31,0,31,0,31,0
,,32,0,32,0,32,0,32,0,32,0,32,0,32,0,32,0,32,0,32,0,32,0,32,0,32,0,32,0,32,0,32,0,32,0,32,0,32,0,32,0,32,0,32,0,32,0,32,0,32,0,32,0,32,0,32,0,32,0,32,0,32,0,32,0,32,0,32,0,32,0,32,0,32,0,32,0,32,0,32,0,32,0,32,0,32,0,32,0,32,0,32,0,32,0,32,0,32,0,32,0,32,0,32,0,32,0,32,0,32,0,32,0,32,0,32,0,32,0,32,0,32,0,32,0,32,0,32,0,32,0,32,0,32,0,32,0,32,0,32,0,32,0,32,0,32,0,32,0,32,0,32,0,32,0,32,0,32,0,32,0,32,0,32,0,32,0,32,0,32,0,32,0,32,0,32,0,32,0,32,0,32,0,32,0,32,0,32,0,32,0,32,0,32,0,32,0,32,0,32,0,32,0,32,0,32,0,32,0,32,0,32,0,32,0,32,0,32,0,32,0,32,0,32,0,32,0,32,0,32,0,32,0,32,0,32,0,32,4,32,3,32,0,32,0,32,2,32,0,32,0,32,0,32,0,32,0,32,0,32,0,32,0,32,0,32,0,32,0,32,0,32,0,32,0,32,0,32,0,32,0,32,0,32,0,32,0,32,0,32,0,32,0,32,0,32,0,32,0,32,0,32,0,32,0,32,0,32,0,32,0,32,0,32,0,32,0,32,0,32,0,32,0,32,0,32,0,32,0,32,0,32,0,32,0,32,0,32,0,32,0,32,0,32,0,32,0,32,0,32,0,32,0,32,0,32,0,32,0,32,0,32,0,32,0,32,0,32,0,32,0,32,0,32,0,32,0,32,0,32,0,32,0,32,0,32,0,32,0,32,0,32,3,32,6,32,0,32,0,32,15,32,0,32,0,32,0,32,0,32,0,32,0,32,0,32,0,32,0,32,0,32,0,32,0,32,0,32,0,32,0,32,0,32,0,32,0,32,0,32,0,32,0,32,0,32,0,32,0,32,0,32,0,32,0,32,0,32,0,32,0,32,0,32,0,32,0,32,0,32,0,32,0,32,0,32,0,32,0,32,0,32,0,32,0,32,0,32,0,32,0,32,0,32,0,32,0,32,0,32,0,32,0,32,0,32,0,32,0,32,0,32,0,32,0,32,0,32,0,32,0,32,0,32,0,32,0,32,0,32,0,32,0,32,0,32,0,32,0,32,0,32,0,32,0,32,0,32,0,32,0,32,0,32,0,32,0,32,0,32,0,32,0,32,0,32,0,32,0,32,0,32,0,32,0,32,0,32,0,32,0,32,0,32,0,32,0,32,0,32,0,32,0,32,0,32,0,32,0,32,0,32,0,32,0,32,0,32,0,32,0,32,0,32,0,32,0,32,0,32,0,32,0,32,0,32,0,32,0,32,0,32,0,32,0,32,0,32,0,32,0,32,0,32,0,32,0,32,0,32,0,32,0,32,0,32,0,32,0,32,0,32,0,32,0,32,0,32,0,32,0,32,0,32,0,32,0,32,0,32,0,32,0,32,0,32,0,32,0,32,0,32,0,32,0,32,0,32,0,32,0,32,0,32,0,32,0,32,0,32,0,32,0,32,0,32,0,32,0,32,0,32,0,32,0,32,0,32,0,32,0,32,0,32,0,32,0,32,0,32,0,32,0,32,0,32,0,32,0,32,0,32,0,32,0,32,0,32,0,32,0,32,0,32,0,32,0,32,0,32,0,32,0,32,0,32,0,32,0,32,0,32,0,32,0,32,0,32,0,32,0,32,0,32,0,32,0,32,0,32,0,32,0,32,0,32,0,32,0,32,0,32,0,32,0,32,0,32,0,32,0,32,0,32,0,32,0,32,0,32,0,32,0,32,0,32,0,32,0,32,0,32,0,32,0,32,0,32,0,32,0,32,0,32,0,32,0,32,0,32,0,32,0,32,0,32,0,32,0,32,0,32,0,32,0,32,0,32,0,32,0,32,0,32,0,32,0,32,0,32,0,32,0,32,0,32,0,32,0,32,0,32,0,32,0,32,0,32,0,32,0,32,0,32,0,32,0,32,0,32,0,32,0,32,0,32,0,32,0,32,0,32,0,32,0,32,0,32,0,32,0,32,0,32,0,32,0,32,0,32,0,32,0,32,0,32,0,32,0,32,0,32,0,32,0,32,0,32,0,32,0,32,0,32,0,32,0,32,0,32,0,32,0,32,0,32,0,32,0,32,0,32,0,32,0,32,0,32,0,32,0,32,0,32,0,32,0,32,0,32,0,32,0,32,0,32,0,32,0,32,0,32,0,32,0,32,0,32,0,32,0,32,0,32,0,32,0,32,0,32,0,32,0,32,0,32,0,32,0,32,0,32,0,32,0,32,0,32,0,32,0,32,0,32,0,32,0,32,0,32,0,32,0,32,0,32,0,32,0,32,0,32,0,32,0,32,0,32,0
,,33,0,33,0,33,0,33,0,33,0,33,0,33,0,33,0,33,0,33,0,33,0,33,0,33,0,33,0,33,0,33,0,33,0,33,0,33,0,33,0,33,0,33,0,33,0,33,0,33,0,33,0,33,0,33,0,33,0,33,0,33,0,33,0,33,0,33,0,33,0,33,0,33,0,33,0,33,0,33,0,33,0,33,0,33,0,33,0,33,0,33,0,33,0,33,0,33,0,33,0,33,0,33,0,33,0,33,0,33,0,33,0,33,0,33,0,33,0,33,0,33,0,33,0,33,0,33,0,33,0,33,0,33,0,33,0,33,0,33,0,33,0,33,0,33,0,33,0,33,0,33,0,33,0,33,0,33,0,33,0,33,0,33,0,33,0,33,0,33,0,33,0,33,0,33,0,33,0,33,0,33,0,33,0,33,0,33,0,33,0,33,0,33,0,33,0,33,0,33,0,33,0,33,0,33,0,33,0,33,0,33,0,33,0,33,0,33,0,33,0,33,0,33,0,33,0,33,0,33,8,33,0,33,0,33,0,33,8,33,0,33,0,33,0,33,4,33,0,33,0,33,0,33,0,33,0,33,0,33,0,33,0,33,0,33,0,33,0,33,0,33,0,33,0,33,0,33,0,33,0,33,0,33,0,33,0,33,0,33,0,33,0,33,0,33,0,33,0,33,0,33,0,33,0,33,0,33,0,33,0,33,0,33,0,33,0,33,0,33,0,33,0,33,0,33,0,33,0,33,0,33,0,33,0,33,0,33,0,33,0,33,0,33,0,33,0,33,0,33,0,33,0,33,0,33,0,33,0,33,0,33,0,33,0,33,0,33,0,33,0,33,0,33,0,33,0,33,0,33,0,33,0,33,0,33,0,33,0,33,0,33,14,33,0,33,0,33,0,33,6,33,0,33,0,33,0,33,0,33,0,33,0,33,0,33,0,33,0,33,0,33,0,33,0,33,0,33,0,33,0,33,0,33,0,33,0,33,0,33,0,33,0,33,0,33,0,33,0,33,0,33,0,33,0,33,0,33,0,33,0,33,0,33,0,33,0,33,0,33,0,33,0,33,0,33,0,33,0,33,0,33,0,33,0,33,0,33,0,33,0,33,0,33,0,33,0,33,0,33,0,33,0,33,0,33,0,33,0,33,0,33,0,33,0,33,0,33,0,33,0,33,0,33,0,33,0,33,0,33,0,33,0,33,0,33,0,33,0,33,0,33,0,33,0,33,0,33,0,33,0,33,0,33,0,33,0,33,0,33,0,33,0,33,0,33,0,33,0,33,0,33,0,33,0,33,0,33,0,33,0,33,0,33,0,33,0,33,0,33,0,33,0,33,0,33,0,33,0,33,0,33,0,33,0,33,0,33,0,33,0,33,0,33,0,33,0,33,0,33,0,33,0,33,0,33,0,33,0,33,0,33,0,33,0,33,0,33,0,33,0,33,0,33,0,33,0,33,0,33,0,33,0,33,0,33,0,33,0,33,0,33,0,33,0,33,0,33,0,33,0,33,0,33,0,33,0,33,0,33,0,33,0,33,0,33,0,33,0,33,0,33,0,33,0,33,0,33,0,33,0,33,0,33,0,33,0,33,0,33,0,33,0,33,0,33,0,33,0,33,0,33,0,33,0,33,0,33,0,33,0,33,0,33,0,33,0,33,0,33,0,33,0,33,0,33,0,33,0,33,0,33,0,33,0,33,0,33,0,33,0,33,0,33,0,33,0,33,0,33,0,33,0,33,0,33,0,33,0,33,0,33,0,33,0,33,0,33,0,33,0,33,0,33,0,33,0,33,0,33,0,33,0,33,0,33,0,33,0,33,0,33,0,33,0,33,0,33,0,33,0,33,0,33,0,33,0,33,0,33,0,33,0,33,0,33,0,33,0,33,0,33,0,33,0,33,0,33,0,33,0,33,0,33,0,33,0,33,0,33,0,33,0,33,0,33,0,33,0,33,0,33,0,33,0,33,0,33,0,33,0,33,0,33,0,33,0,33,0,33,0,33,0,33,0,33,0,33,0,33,0,33,0,33,0,33,0,33,0,33,0,33,0,33,0,33,0,33,0,33,0,33,0,33,0,33,0,33,0,33,0,33,0,33,0,33,0,33,0,33,0,33,0,33,0,33,0,33,0,33,0,33,0,33,0,33,0,33,0,33,0,33,0,33,0,33,0,33,0,33,0,33,0,33,0,33,0,33,0,33,0,33,0,33,0,33,0,33,0,33,0,33,0,33,0,33,0,33,0,33,0,33,0,33,0,33,0,33,0,33,0,33,0,33,0,33,0,33,0,33,0,33,0,33,0,33,0,33,0,33,0,33,0,33,0,33,0,33,0,33,0,33,0,33,0,33,0,33,0,33,0,33,0,33,0,33,0,33,0,33,0,33,0,33,0,33,0,33,0,33,0,33,0,33,0,33,0,33,0,33,0,33,0,33,0,33,0,33,0
,,34,0,34,0,34,0,34,0,34,0,34,0,34,0,34,0,34,0,34,0,34,0,34,0,34,0,34,0,34,0,34,0,34,0,34,0,34,0,34,0,34,0,34,0,34,0,34,0,34,0,34,0,34,0,34,0,34,0,34,0,34,0,34,0,34,0,34,0,34,0,34,0,34,0,34,0,34,0,34,0,34,0,34,0,34,0,34,0,34,0,34,0,34,0,34,0,34,0,34,0,34,0,34,0,34,0,34,0,34,0,34,0,34,0,34,0,34,0,34,0,34,0,34,0,34,0,34,0,34,0,34,0,34,0,34,0,34,0,34,0,34,0,34,0,34,0,34,0,34,0,34,0,34,0,34,0,34,0,34,0,34,0,34,0,34,0,34,0,34,0,34,0,34,0,34,0,34,0,34,0,34,0,34,0,34,0,34,0,34,0,34,0,34,0,34,0,34,0,34,0,34,0,34,0,34,0,34,0,34,0,34,0,34,0,34,0,34,0,34,0,34,0,34,0,34,0,34,0,34,4,34,0,34,0,34,0,34,8,34,0,34,0,34,0,34,3,34,0,34,0,34,0,34,0,34,0,34,0,34,0,34,0,34,0,34,0,34,0,34,0,34,0,34,0,34,0,34,0,34,0,34,0,34,0,34,0,34,0,34,0,34,0,34,0,34,0,34,0,34,0,34,0,34,0,34,0,34,0,34,0,34,0,34,0,34,0,34,0,34,0,34,0,34,0,34,0,34,0,34,0,34,0,34,0,34,0,34,0,34,0,34,0,34,0,34,0,34,0,34,0,34,0,34,0,34,0,34,0,34,0,34,0,34,0,34,0,34,0,34,0,34,0,34,0,34,0,34,0,34,0,34,0,34,0,34,0,34,0,34,0,34,5,34,1,34,0,34,0,34,11,34,0,34,0,34,0,34,0,34,0,34,0,34,0,34,0,34,0,34,0,34,0,34,0,34,0,34,0,34,0,34,0,34,0,34,0,34,0,34,0,34,0,34,0,34,0,34,0,34,0,34,0,34,0,34,0,34,0,34,0,34,0,34,0,34,0,34,0,34,0,34,0,34,0,34,0,34,0,34,0,34,0,34,0,34,0,34,0,34,0,34,0,34,0,34,0,34,0,34,0,34,0,34,0,34,0,34,0,34,0,34,0,34,0,34,0,34,0,34,0,34,0,34,0,34,0,34,0,34,0,34,0,34,0,34,0,34,0,34,0,34,0,34,0,34,0,34,0,34,0,34,0,34,0,34,0,34,0,34,0,34,0,34,0,34,0,34,0,34,0,34,0,34,0,34,0,34,0,34,0,34,0,34,0,34,0,34,0,34,0,34,0,34,0,34,0,34,0,34,0,34,0,34,0,34,0,34,0,34,0,34,0,34,0,34,0,34,0,34,0,34,0,34,0,34,0,34,0,34,0,34,0,34,0,34,0,34,0,34,0,34,0,34,0,34,0,34,0,34,0,34,0,34,0,34,0,34,0,34,0,34,0,34,0,34,0,34,0,34,0,34,0,34,0,34,0,34,0,34,0,34,0,34,0,34,0,34,0,34,0,34,0,34,0,34,0,34,0,34,0,34,0,34,0,34,0,34,0,34,0,34,0,34,0,34,0,34,0,34,0,34,0,34,0,34,0,34,0,34,0,34,0,34,0,34,0,34,0,34,0,34,0,34,0,34,0,34,0,34,0,34,0,34,0,34,0,34,0,34,0,34,0,34,0,34,0,34,0,34,0,34,0,34,0,34,0,34,0,34,0,34,0,34,0,34,0,34,0,34,0,34,0,34,0,34,0,34,0,34,0,34,0,34,0,34,0,34,0,34,0,34,0,34,0,34,0,34,0,34,0,34,0,34,0,34,0,34,0,34,0,34,0,34,0,34,0,34,0,34,0,34,0,34,0,34,0,34,0,34,0,34,0,34,0,34,0,34,0,34,0,34,0,34,0,34,0,34,0,34,0,34,0,34,0,34,0,34,0,34,0,34,0,34,0,34,0,34,0,34,0,34,0,34,0,34,0,34,0,34,0,34,0,34,0,34,0,34,0,34,0,34,0,34,0,34,0,34,0,34,0,34,0,34,0,34,0,34,0,34,0,34,0,34,0,34,0,34,0,34,0,34,0,34,0,34,0,34,0,34,0,34,0,34,0,34,0,34,0,34,0,34,0,34,0,34,0,34,0,34,0,34,0,34,0,34,0,34,0,34,0,34,0,34,0,34,0,34,0,34,0,34,0,34,0,34,0,34,0,34,0,34,0,34,0,34,0,34,0,34,0,34,0,34,0,34,0,34,0,34,0,34,0,34,0,34,0,34,0,34,0,34,0,34,0,34,0,34,0,34,0,34,0,34,0,34,0,34,0,34,0,34,0,34,0,34,0,34,0,34,0,34,0,34,0,34,0,34,0,34,0,34,0,34,0,34,0,34,0,34,0,34,0,34,0,34,0,34,0
,,35,0,35,0,35,0,35,0,35,0,35,0,35,0,35,0,35,0,35,0,35,0,35,0,35,0,35,0,35,0,35,0,35,0,35,0,35,0,35,0,35,0,35,0,35,0,35,0,35,0,35,0,35,0,35,0,35,0,35,0,35,0,35,0,35,0,35,0,35,0,35,0,35,0,35,0,35,0,35,0,35,0,35,0,35,0,35,0,35,0,35,0,35,0,35,0,35,0,35,0,35,0,35,0,35,0,35,0,35,0,35,0,35,0,35,0,35,0,35,0,35,0,35,0,35,0,35,0,35,0,35,0,35,0,35,0,35,0,35,0,35,0,35,0,35,0,35,0,35,0,35,0,35,0,35,0,35,0,35,0,35,0,35,0,35,0,35,0,35,0,35,0,35,0,35,0,35,0,35,0,35,0,35,0,35,0,35,0,35,0,35,0,35,0,35,0,35,0,35,0,35,0,35,0,35,0,35,0,35,0,35,0,35,0,35,0,35,0,35,0,35,0,35,0,35,0,35,0,35,0,35,0,35,0,35,0,35,1,35,6,35,0,35,0,35,2,35,0,35,0,35,0,35,0,35,0,35,0,35,0,35,0,35,0,35,0,35,0,35,0,35,0,35,0,35,0,35,0,35,0,35,0,35,0,35,0,35,0,35,0,35,0,35,0,35,0,35,0,35,0,35,0,35,0,35,0,35,0,35,0,35,0,35,0,35,0,35,0,35,0,35,0,35,0,35,0,35,0,35,0,35,0,35,0,35,0,35,0,35,0,35,0,35,0,35,0,35,0,35,0,35,0,35,0,35,0,35,0,35,0,35,0,35,0,35,0,35,0,35,0,35,0,35,0,35,0,35,0,35,0,35,0,35,0,35,0,35,0,35,0,35,1,35,11,35,0,35,0,35,16,35,0,35,0,35,0,35,0,35,0,35,0,35,0,35,0,35,0,35,0,35,0,35,0,35,0,35,0,35,0,35,0,35,0,35,0,35,0,35,0,35,0,35,0,35,0,35,0,35,0,35,0,35,0,35,0,35,0,35,0,35,0,35,0,35,0,35,0,35,0,35,0,35,0,35,0,35,0,35,0,35,0,35,0,35,0,35,0,35,0,35,0,35,0,35,0,35,0,35,0,35,0,35,0,35,0,35,0,35,0,35,0,35,0,35,0,35,0,35,0,35,0,35,0,35,0,35,0,35,0,35,0,35,0,35,0,35,0,35,0,35,0,35,0,35,0,35,0,35,0,35,0,35,0,35,0,35,0,35,0,35,0,35,0,35,0,35,0,35,0,35,0,35,0,35,0,35,0,35,0,35,0,35,0,35,0,35,0,35,0,35,0,35,0,35,0,35,0,35,0,35,0,35,0,35,0,35,0,35,0,35,0,35,0,35,0,35,0,35,0,35,0,35,0,35,0,35,0,35,0,35,0,35,0,35,0,35,0,35,0,35,0,35,0,35,0,35,0,35,0,35,0,35,0,35,0,35,0,35,0,35,0,35,0,35,0,35,0,35,0,35,0,35,0,35,0,35,0,35,0,35,0,35,0,35,0,35,0,35,0,35,0,35,0,35,0,35,0,35,0,35,0,35,0,35,0,35,0,35,0,35,0,35,0,35,0,35,0,35,0,35,0,35,0,35,0,35,0,35,0,35,0,35,0,35,0,35,0,35,0,35,0,35,0,35,0,35,0,35,0,35,0,35,0,35,0,35,0,35,0,35,0,35,0,35,0,35,0,35,0,35,0,35,0,35,0,35,0,35,0,35,0,35,0,35,0,35,0,35,0,35,0,35,0,35,0,35,0,35,0,35,0,35,0,35,0,35,0,35,0,35,0,35,0,35,0,35,0,35,0,35,0,35,0,35,0,35,0,35,0,35,0,35,0,35,0,35,0,35,0,35,0,35,0,35,0,35,0,35,0,35,0,35,0,35,0,35,0,35,0,35,0,35,0,35,0,35,0,35,0,35,0,35,0,35,0,35,0,35,0,35,0,35,0,35,0,35,0,35,0,35,0,35,0,35,0,35,0,35,0,35,0,35,0,35,0,35,0,35,0,35,0,35,0,35,0,35,0,35,0,35,0,35,0,35,0,35,0,35,0,35,0,35,0,35,0,35,0,35,0,35,0,35,0,35,0,35,0,35,0,35,0,35,0,35,0,35,0,35,0,35,0,35,0,35,0,35,0,35,0,35,0,35,0,35,0,35,0,35,0,35,0,35,0,35,0,35,0,35,0,35,0,35,0,35,0,35,0,35,0,35,0,35,0,35,0,35,0,35,0,35,0,35,0,35,0,35,0,35,0,35,0,35,0,35,0,35,0,35,0,35,0,35,0,35,0,35,0,35,0,35,0,35,0,35,0,35,0,35,0,35,0,35,0,35,0,35,0,35,0,35,0,35,0,35,0,35,0,35,0,35,0,35,0,35,0,35,0,35,0,35,0,35,0,35,0,35,0
,,36,0,36,0,36,0,36,0,36,0,36,0,36,0,36,0,36,0,36,0,36,0,36,0,36,0,36,0,36,0,36,0,36,0,36,0,36,0,36,0,36,0,36,0,36,0,36,0,36,0,36,0,36,0,36,0,36,0,36,0,36,0,36,0,36,0,36,0,36,0,36,0,36,0,36,0,36,0,36,0,36,0,36,0,36,0,36,0,36,0,36,0,36,0,36,0,36,0,36,0,36,0,36,0,36,0,36,0,36,0,36,0,36,0,36,0,36,0,36,0,36,0,36,0,36,0,36,0,36,0,36,0,36,0,36,0,36,0,36,0,36,0,36,0,36,0,36,0,36,0,36,0,36,0,36,0,36,0,36,0,36,0,36,0,36,0,36,0,36,0,36,0,36,0,36,0,36,0,36,0,36,0,36,0,36,0,36,0,36,0,36,0,36,0,36,0,36,0,36,0,36,0,36,0,36,0,36,0,36,0,36,0,36,0,36,0,36,0,36,0,36,0,36,0,36,0,36,0,36,0,36,0,36,0,36,0,36,2,36,2,36,0,36,0,36,8,36,0,36,0,36,0,36,0,36,0,36,0,36,0,36,0,36,0,36,0,36,0,36,0,36,0,36,0,36,0,36,0,36,0,36,0,36,0,36,0,36,0,36,0,36,0,36,0,36,0,36,0,36,0,36,0,36,0,36,0,36,0,36,0,36,0,36,0,36,0,36,0,36,0,36,0,36,0,36,0,36,0,36,0,36,0,36,0,36,0,36,0,36,0,36,0,36,0,36,0,36,0,36,0,36,0,36,0,36,0,36,0,36,0,36,0,36,0,36,0,36,0,36,0,36,0,36,0,36,0,36,0,36,0,36,0,36,0,36,0,36,0,36,0,36,10,36,15,36,0,36,0,36,7,36,0,36,0,36,0,36,0,36,0,36,0,36,0,36,0,36,0,36,0,36,0,36,0,36,0,36,0,36,0,36,0,36,0,36,0,36,0,36,0,36,0,36,0,36,0,36,0,36,0,36,0,36,0,36,0,36,0,36,0,36,0,36,0,36,0,36,0,36,0,36,0,36,0,36,0,36,0,36,0,36,0,36,0,36,0,36,0,36,0,36,0,36,0,36,0,36,0,36,0,36,0,36,0,36,0,36,0,36,0,36,0,36,0,36,0,36,0,36,0,36,0,36,0,36,0,36,0,36,0,36,0,36,0,36,0,36,0,36,0,36,0,36,0,36,0,36,0,36,0,36,0,36,0,36,0,36,0,36,0,36,0,36,0,36,0,36,0,36,0,36,0,36,0,36,0,36,0,36,0,36,0,36,0,36,0,36,0,36,0,36,0,36,0,36,0,36,0,36,0,36,0,36,0,36,0,36,0,36,0,36,0,36,0,36,0,36,0,36,0,36,0,36,0,36,0,36,0,36,0,36,0,36,0,36,0,36,0,36,0,36,0,36,0,36,0,36,0,36,0,36,0,36,0,36,0,36,0,36,0,36,0,36,0,36,0,36,0,36,0,36,0,36,0,36,0,36,0,36,0,36,0,36,0,36,0,36,0,36,0,36,0,36,0,36,0,36,0,36,0,36,0,36,0,36,0,36,0,36,0,36,0,36,0,36,0,36,0,36,0,36,0,36,0,36,0,36,0,36,0,36,0,36,0,36,0,36,0,36,0,36,0,36,0,36,0,36,0,36,0,36,0,36,0,36,0,36,0,36,0,36,0,36,0,36,0,36,0,36,0,36,0,36,0,36,0,36,0,36,0,36,0,36,0,36,0,36,0,36,0,36,0,36,0,36,0,36,0,36,0,36,0,36,0,36,0,36,0,36,0,36,0,36,0,36,0,36,0,36,0,36,0,36,0,36,0,36,0,36,0,36,0,36,0,36,0,36,0,36,0,36,0,36,0,36,0,36,0,36,0,36,0,36,0,36,0,36,0,36,0,36,0,36,0,36,0,36,0,36,0,36,0,36,0,36,0,36,0,36,0,36,0,36,0,36,0,36,0,36,0,36,0,36,0,36,0,36,0,36,0,36,0,36,0,36,0,36,0,36,0,36,0,36,0,36,0,36,0,36,0,36,0,36,0,36,0,36,0,36,0,36,0,36,0,36,0,36,0,36,0,36,0,36,0,36,0,36,0,36,0,36,0,36,0,36,0,36,0,36,0,36,0,36,0,36,0,36,0,36,0,36,0,36,0,36,0,36,0,36,0,36,0,36,0,36,0,36,0,36,0,36,0,36,0,36,0,36,0,36,0,36,0,36,0,36,0,36,0,36,0,36,0,36,0,36,0,36,0,36,0,36,0,36,0,36,0,36,0,36,0,36,0,36,0,36,0,36,0,36,0,36,0,36,0,36,0,36,0,36,0,36,0,36,0,36,0,36,0,36,0,36,0,36,0,36,0,36,0,36,0,36,0,36,0,36,0,36,0,36,0,36,0,36,0,36,0,36,0
,,37,0,37,0,37,0,37,0,37,0,37,0,37,0,37,0,37,0,37,0,37,0,37,0,37,0,37,0,37,0,37,0,37,0,37,0,37,0,37,0,37,0,37,0,37,0,37,0,37,0,37,0,37,0,37,0,37,0,37,0,37,0,37,0,37,0,37,0,37,0,37,0,37,0,37,0,37,0,37,0,37,0,37,0,37,0,37,0,37,0,37,0,37,0,37,0,37,0,37,0,37,0,37,0,37,0,37,0,37,0,37,0,37,0,37,0,37,0,37,0,37,0,37,0,37,0,37,0,37,0,37,0,37,0,37,0,37,0,37,0,37,0,37,0,37,0,37,0,37,0,37,0,37,0,37,0,37,0,37,0,37,0,37,0,37,0,37,0,37,0,37,0,37,0,37,0,37,0,37,0,37,0,37,0,37,0,37,0,37,0,37,0,37,0,37,0,37,0,37,0,37,0,37,0,37,0,37,0,37,0,37,0,37,0,37,0,37,0,37,0,37,0,37,0,37,0,37,0,37,1,37,0,37,0,37,0,37,6,37,1,37,0,37,0,37,5,37,0,37,0,37,0,37,0,37,0,37,0,37,0,37,0,37,0,37,0,37,0,37,0,37,0,37,0,37,0,37,0,37,0,37,0,37,0,37,0,37,0,37,0,37,0,37,0,37,0,37,0,37,0,37,0,37,0,37,0,37,0,37,0,37,0,37,0,37,0,37,0,37,0,37,0,37,0,37,0,37,0,37,0,37,0,37,0,37,0,37,0,37,0,37,0,37,0,37,0,37,0,37,0,37,0,37,0,37,0,37,0,37,0,37,0,37,0,37,0,37,0,37,0,37,0,37,0,37,0,37,0,37,0,37,0,37,0,37,0,37,0,37,0,37,9,37,10,37,0,37,0,37,10,37,0,37,0,37,0,37,0,37,0,37,0,37,0,37,0,37,0,37,0,37,0,37,0,37,0,37,0,37,0,37,0,37,0,37,0,37,0,37,0,37,0,37,0,37,0,37,0,37,0,37,0,37,0,37,0,37,0,37,0,37,0,37,0,37,0,37,0,37,0,37,0,37,0,37,0,37,0,37,0,37,0,37,0,37,0,37,0,37,0,37,0,37,0,37,0,37,0,37,0,37,0,37,0,37,0,37,0,37,0,37,0,37,0,37,0,37,0,37,0,37,0,37,0,37,0,37,0,37,0,37,0,37,0,37,0,37,0,37,0,37,0,37,0,37,0,37,0,37,0,37,0,37,0,37,0,37,0,37,0,37,0,37,0,37,0,37,0,37,0,37,0,37,0,37,0,37,0,37,0,37,0,37,0,37,0,37,0,37,0,37,0,37,0,37,0,37,0,37,0,37,0,37,0,37,0,37,0,37,0,37,0,37,0,37,0,37,0,37,0,37,0,37,0,37,0,37,0,37,0,37,0,37,0,37,0,37,0,37,0,37,0,37,0,37,0,37,0,37,0,37,0,37,0,37,0,37,0,37,0,37,0,37,0,37,0,37,0,37,0,37,0,37,0,37,0,37,0,37,0,37,0,37,0,37,0,37,0,37,0,37,0,37,0,37,0,37,0,37,0,37,0,37,0,37,0,37,0,37,0,37,0,37,0,37,0,37,0,37,0,37,0,37,0,37,0,37,0,37,0,37,0,37,0,37,0,37,0,37,0,37,0,37,0,37,0,37,0,37,0,37,0,37,0,37,0,37,0,37,0,37,0,37,0,37,0,37,0,37,0,37,0,37,0,37,0,37,0,37,0,37,0,37,0,37,0,37,0,37,0,37,0,37,0,37,0,37,0,37,0,37,0,37,0,37,0,37,0,37,0,37,0,37,0,37,0,37,0,37,0,37,0,37,0,37,0,37,0,37,0,37,0,37,0,37,0,37,0,37,0,37,0,37,0,37,0,37,0,37,0,37,0,37,0,37,0,37,0,37,0,37,0,37,0,37,0,37,0,37,0,37,0,37,0,37,0,37,0,37,0,37,0,37,0,37,0,37,0,37,0,37,0,37,0,37,0,37,0,37,0,37,0,37,0,37,0,37,0,37,0,37,0,37,0,37,0,37,0,37,0,37,0,37,0,37,0,37,0,37,0,37,0,37,0,37,0,37,0,37,0,37,0,37,0,37,0,37,0,37,0,37,0,37,0,37,0,37,0,37,0,37,0,37,0,37,0,37,0,37,0,37,0,37,0,37,0,37,0,37,0,37,0,37,0,37,0,37,0,37,0,37,0,37,0,37,0,37,0,37,0,37,0,37,0,37,0,37,0,37,0,37,0,37,0,37,0,37,0,37,0,37,0,37,0,37,0,37,0,37,0,37,0,37,0,37,0,37,0,37,0,37,0,37,0,37,0,37,0,37,0,37,0,37,0,37,0,37,0,37,0,37,0,37,0,37,0,37,0,37,0,37,0,37,0,37,0,37,0,37,0,37,0,37,0,37,0,37,0
,,38,0,38,0,38,0,38,0,38,0,38,0,38,0,38,0,38,0,38,0,38,0,38,0,38,0,38,0,38,0,38,0,38,0,38,0,38,0,38,0,38,0,38,0,38,0,38,0,38,0,38,0,38,0,38,0,38,0,38,0,38,0,38,0,38,0,38,0,38,0,38,0,38,0,38,0,38,0,38,0,38,0,38,0,38,0,38,0,38,0,38,0,38,0,38,0,38,0,38,0,38,0,38,0,38,0,38,0,38,0,38,0,38,0,38,0,38,0,38,0,38,0,38,0,38,0,38,0,38,0,38,0,38,0,38,0,38,0,38,0,38,0,38,0,38,0,38,0,38,0,38,0,38,0,38,0,38,0,38,0,38,0,38,0,38,0,38,0,38,0,38,0,38,0,38,0,38,0,38,0,38,0,38,0,38,0,38,0,38,0,38,0,38,0,38,0,38,0,38,0,38,0,38,0,38,0,38,0,38,0,38,0,38,0,38,0,38,0,38,0,38,0,38,0,38,0,38,0,38,1,38,0,38,0,38,0,38,6,38,2,38,0,38,0,38,4,38,0,38,0,38,0,38,0,38,0,38,0,38,0,38,0,38,0,38,0,38,0,38,0,38,0,38,0,38,0,38,0,38,0,38,0,38,0,38,0,38,0,38,0,38,0,38,0,38,0,38,0,38,0,38,0,38,0,38,0,38,0,38,0,38,0,38,0,38,0,38,0,38,0,38,0,38,0,38,0,38,0,38,0,38,0,38,0,38,0,38,0,38,0,38,0,38,0,38,0,38,0,38,0,38,0,38,0,38,0,38,0,38,0,38,0,38,0,38,0,38,0,38,0,38,0,38,0,38,0,38,0,38,0,38,0,38,0,38,0,38,0,38,0,38,5,38,9,38,0,38,0,38,12,38,0,38,0,38,0,38,0,38,0,38,0,38,0,38,0,38,0,38,0,38,0,38,0,38,0,38,0,38,0,38,0,38,0,38,0,38,0,38,0,38,0,38,0,38,0,38,0,38,0,38,0,38,0,38,0,38,0,38,0,38,0,38,0,38,0,38,0,38,0,38,0,38,0,38,0,38,0,38,0,38,0,38,0,38,0,38,0,38,0,38,0,38,0,38,0,38,0,38,0,38,0,38,0,38,0,38,0,38,0,38,0,38,0,38,0,38,0,38,0,38,0,38,0,38,0,38,0,38,0,38,0,38,0,38,0,38,0,38,0,38,0,38,0,38,0,38,0,38,0,38,0,38,0,38,0,38,0,38,0,38,0,38,0,38,0,38,0,38,0,38,0,38,0,38,0,38,0,38,0,38,0,38,0,38,0,38,0,38,0,38,0,38,0,38,0,38,0,38,0,38,0,38,0,38,0,38,0,38,0,38,0,38,0,38,0,38,0,38,0,38,0,38,0,38,0,38,0,38,0,38,0,38,0,38,0,38,0,38,0,38,0,38,0,38,0,38,0,38,0,38,0,38,0,38,0,38,0,38,0,38,0,38,0,38,0,38,0,38,0,38,0,38,0,38,0,38,0,38,0,38,0,38,0,38,0,38,0,38,0,38,0,38,0,38,0,38,0,38,0,38,0,38,0,38,0,38,0,38,0,38,0,38,0,38,0,38,0,38,0,38,0,38,0,38,0,38,0,38,0,38,0,38,0,38,0,38,0,38,0,38,0,38,0,38,0,38,0,38,0,38,0,38,0,38,0,38,0,38,0,38,0,38,0,38,0,38,0,38,0,38,0,38,0,38,0,38,0,38,0,38,0,38,0,38,0,38,0,38,0,38,0,38,0,38,0,38,0,38,0,38,0,38,0,38,0,38,0,38,0,38,0,38,0,38,0,38,0,38,0,38,0,38,0,38,0,38,0,38,0,38,0,38,0,38,0,38,0,38,0,38,0,38,0,38,0,38,0,38,0,38,0,38,0,38,0,38,0,38,0,38,0,38,0,38,0,38,0,38,0,38,0,38,0,38,0,38,0,38,0,38,0,38,0,38,0,38,0,38,0,38,0,38,0,38,0,38,0,38,0,38,0,38,0,38,0,38,0,38,0,38,0,38,0,38,0,38,0,38,0,38,0,38,0,38,0,38,0,38,0,38,0,38,0,38,0,38,0,38,0,38,0,38,0,38,0,38,0,38,0,38,0,38,0,38,0,38,0,38,0,38,0,38,0,38,0,38,0,38,0,38,0,38,0,38,0,38,0,38,0,38,0,38,0,38,0,38,0,38,0,38,0,38,0,38,0,38,0,38,0,38,0,38,0,38,0,38,0,38,0,38,0,38,0,38,0,38,0,38,0,38,0,38,0,38,0,38,0,38,0,38,0,38,0,38,0,38,0,38,0,38,0,38,0,38,0,38,0,38,0,38,0,38,0,38,0,38,0,38,0,38,0,38,0,38,0,38,0,38,0,38,0,38,0,38,0,38,0,38,0,38,0,38,0,38,0,38,0
,,39,0,39,0,39,0,39,0,39,0,39,0,39,0,39,0,39,0,39,0,39,0,39,0,39,0,39,0,39,0,39,0,39,0,39,0,39,0,39,0,39,0,39,0,39,0,39,0,39,0,39,0,39,0,39,0,39,0,39,0,39,0,39,0,39,0,39,0,39,0,39,0,39,0,39,0,39,0,39,0,39,0,39,0,39,0,39,0,39,0,39,0,39,0,39,0,39,0,39,0,39,0,39,0,39,0,39,0,39,0,39,0,39,0,39,0,39,0,39,0,39,0,39,0,39,0,39,0,39,0,39,0,39,0,39,0,39,0,39,0,39,0,39,0,39,0,39,0,39,0,39,0,39,0,39,0,39,0,39,0,39,0,39,0,39,0,39,0,39,0,39,0,39,0,39,0,39,0,39,0,39,0,39,0,39,0,39,0,39,0,39,0,39,0,39,0,39,0,39,0,39,0,39,0,39,0,39,0,39,0,39,0,39,0,39,0,39,0,39,0,39,0,39,0,39,0,39,0,39,0,39,0,39,0,39,0,39,5,39,2,39,0,39,0,39,7,39,0,39,0,39,0,39,0,39,0,39,0,39,0,39,0,39,0,39,0,39,0,39,0,39,0,39,0,39,0,39,0,39,0,39,0,39,0,39,0,39,0,39,0,39,0,39,0,39,0,39,0,39,0,39,0,39,0,39,0,39,0,39,0,39,0,39,0,39,0,39,0,39,0,39,0,39,0,39,0,39,0,39,0,39,0,39,0,39,0,39,0,39,0,39,0,39,0,39,0,39,0,39,0,39,0,39,0,39,0,39,0,39,0,39,0,39,0,39,0,39,0,39,0,39,0,39,0,39,0,39,0,39,0,39,0,39,0,39,0,39,0,39,0,39,7,39,8,39,0,39,0,39,10,39,0,39,0,39,0,39,0,39,0,39,0,39,0,39,0,39,0,39,0,39,0,39,0,39,0,39,0,39,0,39,0,39,0,39,0,39,0,39,0,39,0,39,0,39,0,39,0,39,0,39,0,39,0,39,0,39,0,39,0,39,0,39,0,39,0,39,0,39,0,39,0,39,0,39,0,39,0,39,0,39,0,39,0,39,0,39,0,39,0,39,0,39,0,39,0,39,0,39,0,39,0,39,0,39,0,39,0,39,0,39,0,39,0,39,0,39,0,39,0,39,0,39,0,39,0,39,0,39,0,39,0,39,0,39,0,39,0,39,0,39,0,39,0,39,0,39,0,39,0,39,0,39,0,39,0,39,0,39,0,39,0,39,0,39,0,39,0,39,0,39,0,39,0,39,0,39,0,39,0,39,0,39,0,39,0,39,0,39,0,39,0,39,0,39,0,39,0,39,0,39,0,39,0,39,0,39,0,39,0,39,0,39,0,39,0,39,0,39,0,39,0,39,0,39,0,39,0,39,0,39,0,39,0,39,0,39,0,39,0,39,0,39,0,39,0,39,0,39,0,39,0,39,0,39,0,39,0,39,0,39,0,39,0,39,0,39,0,39,0,39,0,39,0,39,0,39,0,39,0,39,0,39,0,39,0,39,0,39,0,39,0,39,0,39,0,39,0,39,0,39,0,39,0,39,0,39,0,39,0,39,0,39,0,39,0,39,0,39,0,39,0,39,0,39,0,39,0,39,0,39,0,39,0,39,0,39,0,39,0,39,0,39,0,39,0,39,0,39,0,39,0,39,0,39,0,39,0,39,0,39,0,39,0,39,0,39,0,39,0,39,0,39,0,39,0,39,0,39,0,39,0,39,0,39,0,39,0,39,0,39,0,39,0,39,0,39,0,39,0,39,0,39,0,39,0,39,0,39,0,39,0,39,0,39,0,39,0,39,0,39,0,39,0,39,0,39,0,39,0,39,0,39,0,39,0,39,0,39,0,39,0,39,0,39,0,39,0,39,0,39,0,39,0,39,0,39,0,39,0,39,0,39,0,39,0,39,0,39,0,39,0,39,0,39,0,39,0,39,0,39,0,39,0,39,0,39,0,39,0,39,0,39,0,39,0,39,0,39,0,39,0,39,0,39,0,39,0,39,0,39,0,39,0,39,0,39,0,39,0,39,0,39,0,39,0,39,0,39,0,39,0,39,0,39,0,39,0,39,0,39,0,39,0,39,0,39,0,39,0,39,0,39,0,39,0,39,0,39,0,39,0,39,0,39,0,39,0,39,0,39,0,39,0,39,0,39,0,39,0,39,0,39,0,39,0,39,0,39,0,39,0,39,0,39,0,39,0,39,0,39,0,39,0,39,0,39,0,39,0,39,0,39,0,39,0,39,0,39,0,39,0,39,0,39,0,39,0,39,0,39,0,39,0,39,0,39,0,39,0,39,0,39,0,39,0,39,0,39,0,39,0,39,0,39,0,39,0,39,0,39,0,39,0,39,0,39,0,39,0,39,0,39,0,39,0,39,0,39,0,39,0,39,0,39,0,39,0
,,40,0,40,0,40,0,40,0,40,0,40,0,40,0,40,0,40,0,40,0,40,0,40,0,40,0,40,0,40,0,40,0,40,0,40,0,40,0,40,0,40,0,40,0,40,0,40,0,40,0,40,0,40,0,40,0,40,0,40,0,40,0,40,0,40,0,40,0,40,0,40,0,40,0,40,0,40,0,40,0,40,0,40,0,40,0,40,0,40,0,40,0,40,0,40,0,40,0,40,0,40,0,40,0,40,0,40,0,40,0,40,0,40,0,40,0,40,0,40,0,40,0,40,0,40,0,40,0,40,0,40,0,40,0,40,0,40,0,40,0,40,0,40,0,40,0,40,0,40,0,40,0,40,0,40,0,40,0,40,0,40,0,40,0,40,0,40,0,40,0,40,0,40,0,40,0,40,0,40,0,40,0,40,0,40,0,40,0,40,0,40,0,40,0,40,0,40,0,40,0,40,0,40,0,40,0,40,0,40,0,40,0,40,0,40,0,40,0,40,0,40,0,40,0,40,0,40,0,40,0,40,0,40,0,40,0,40,0,40,2,40,0,40,0,40,1,40,0,40,0,40,0,40,0,40,0,40,0,40,0,40,0,40,0,40,0,40,0,40,0,40,0,40,0,40,0,40,0,40,0,40,0,40,0,40,0,40,0,40,0,40,0,40,0,40,0,40,0,40,0,40,0,40,0,40,0,40,0,40,0,40,0,40,0,40,0,40,0,40,0,40,0,40,0,40,0,40,0,40,0,40,0,40,0,40,0,40,0,40,0,40,0,40,0,40,0,40,0,40,0,40,0,40,0,40,0,40,0,40,0,40,0,40,0,40,0,40,0,40,0,40,0,40,0,40,0,40,0,40,0,40,0,40,0,40,0,40,0,40,0,40,4,40,16,40,0,40,0,40,16,40,0,40,0,40,0,40,0,40,0,40,0,40,0,40,0,40,0,40,0,40,0,40,0,40,0,40,0,40,0,40,0,40,0,40,0,40,0,40,0,40,0,40,0,40,0,40,0,40,0,40,0,40,0,40,0,40,0,40,0,40,0,40,0,40,0,40,0,40,0,40,0,40,0,40,0,40,0,40,0,40,0,40,0,40,0,40,0,40,0,40,0,40,0,40,0,40,0,40,0,40,0,40,0,40,0,40,0,40,0,40,0,40,0,40,0,40,0,40,0,40,0,40,0,40,0,40,0,40,0,40,0,40,0,40,0,40,0,40,0,40,0,40,0,40,0,40,0,40,0,40,0,40,0,40,0,40,0,40,0,40,0,40,0,40,0,40,0,40,0,40,0,40,0,40,0,40,0,40,0,40,0,40,0,40,0,40,0,40,0,40,0,40,0,40,0,40,0,40,0,40,0,40,0,40,0,40,0,40,0,40,0,40,0,40,0,40,0,40,0,40,0,40,0,40,0,40,0,40,0,40,0,40,0,40,0,40,0,40,0,40,0,40,0,40,0,40,0,40,0,40,0,40,0,40,0,40,0,40,0,40,0,40,0,40,0,40,0,40,0,40,0,40,0,40,0,40,0,40,0,40,0,40,0,40,0,40,0,40,0,40,0,40,0,40,0,40,0,40,0,40,0,40,0,40,0,40,0,40,0,40,0,40,0,40,0,40,0,40,0,40,0,40,0,40,0,40,0,40,0,40,0,40,0,40,0,40,0,40,0,40,0,40,0,40,0,40,0,40,0,40,0,40,0,40,0,40,0,40,0,40,0,40,0,40,0,40,0,40,0,40,0,40,0,40,0,40,0,40,0,40,0,40,0,40,0,40,0,40,0,40,0,40,0,40,0,40,0,40,0,40,0,40,0,40,0,40,0,40,0,40,0,40,0,40,0,40,0,40,0,40,0,40,0,40,0,40,0,40,0,40,0,40,0,40,0,40,0,40,0,40,0,40,0,40,0,40,0,40,0,40,0,40,0,40,0,40,0,40,0,40,0,40,0,40,0,40,0,40,0,40,0,40,0,40,0,40,0,40,0,40,0,40,0,40,0,40,0,40,0,40,0,40,0,40,0,40,0,40,0,40,0,40,0,40,0,40,0,40,0,40,0,40,0,40,0,40,0,40,0,40,0,40,0,40,0,40,0,40,0,40,0,40,0,40,0,40,0,40,0,40,0,40,0,40,0,40,0,40,0,40,0,40,0,40,0,40,0,40,0,40,0,40,0,40,0,40,0,40,0,40,0,40,0,40,0,40,0,40,0,40,0,40,0,40,0,40,0,40,0,40,0,40,0,40,0,40,0,40,0,40,0,40,0,40,0,40,0,40,0,40,0,40,0,40,0,40,0,40,0,40,0,40,0,40,0,40,0,40,0,40,0,40,0,40,0,40,0,40,0,40,0,40,0,40,0,40,0,40,0,40,0,40,0,40,0,40,0,40,0,40,0,40,0,40,0,40,0,40,0,40,0,40,0,40,0,40,0,40,0,40,0,40,0,40,0,40,0
,,41,0,41,0,41,0,41,0,41,0,41,0,41,0,41,0,41,0,41,0,41,0,41,0,41,0,41,0,41,0,41,0,41,0,41,0,41,0,41,0,41,0,41,0,41,0,41,0,41,0,41,0,41,0,41,0,41,0,41,0,41,0,41,0,41,0,41,0,41,0,41,0,41,0,41,0,41,0,41,0,41,0,41,0,41,0,41,0,41,0,41,0,41,0,41,0,41,0,41,0,41,0,41,0,41,0,41,0,41,0,41,0,41,0,41,0,41,0,41,0,41,0,41,0,41,0,41,0,41,0,41,0,41,0,41,0,41,0,41,0,41,0,41,0,41,0,41,0,41,0,41,0,41,0,41,0,41,0,41,0,41,0,41,0,41,0,41,0,41,0,41,0,41,0,41,0,41,0,41,0,41,0,41,0,41,0,41,0,41,0,41,0,41,0,41,0,41,0,41,0,41,0,41,0,41,0,41,0,41,0,41,0,41,0,41,0,41,0,41,0,41,0,41,0,41,0,41,0,41,1,41,0,41,0,41,0,41,3,41,1,41,0,41,0,41,3,41,0,41,0,41,0,41,0,41,0,41,0,41,0,41,0,41,0,41,0,41,0,41,0,41,0,41,0,41,0,41,0,41,0,41,0,41,0,41,0,41,0,41,0,41,0,41,0,41,0,41,0,41,0,41,0,41,0,41,0,41,0,41,0,41,0,41,0,41,0,41,0,41,0,41,0,41,0,41,0,41,0,41,0,41,0,41,0,41,0,41,0,41,0,41,0,41,0,41,0,41,0,41,0,41,0,41,0,41,0,41,0,41,0,41,0,41,0,41,0,41,0,41,0,41,0,41,0,41,0,41,0,41,0,41,0,41,0,41,0,41,0,41,0,41,5,41,9,41,0,41,0,41,12,41,0,41,0,41,0,41,0,41,0,41,0,41,0,41,0,41,0,41,0,41,0,41,0,41,0,41,0,41,0,41,0,41,0,41,0,41,0,41,0,41,0,41,0,41,0,41,0,41,0,41,0,41,0,41,0,41,0,41,0,41,0,41,0,41,0,41,0,41,0,41,0,41,0,41,0,41,0,41,0,41,0,41,0,41,0,41,0,41,0,41,0,41,0,41,0,41,0,41,0,41,0,41,0,41,0,41,0,41,0,41,0,41,0,41,0,41,0,41,0,41,0,41,0,41,0,41,0,41,0,41,0,41,0,41,0,41,0,41,0,41,0,41,0,41,0,41,0,41,0,41,0,41,0,41,0,41,0,41,0,41,0,41,0,41,0,41,0,41,0,41,0,41,0,41,0,41,0,41,0,41,0,41,0,41,0,41,0,41,0,41,0,41,0,41,0,41,0,41,0,41,0,41,0,41,0,41,0,41,0,41,0,41,0,41,0,41,0,41,0,41,0,41,0,41,0,41,0,41,0,41,0,41,0,41,0,41,0,41,0,41,0,41,0,41,0,41,0,41,0,41,0,41,0,41,0,41,0,41,0,41,0,41,0,41,0,41,0,41,0,41,0,41,0,41,0,41,0,41,0,41,0,41,0,41,0,41,0,41,0,41,0,41,0,41,0,41,0,41,0,41,0,41,0,41,0,41,0,41,0,41,0,41,0,41,0,41,0,41,0,41,0,41,0,41,0,41,0,41,0,41,0,41,0,41,0,41,0,41,0,41,0,41,0,41,0,41,0,41,0,41,0,41,0,41,0,41,0,41,0,41,0,41,0,41,0,41,0,41,0,41,0,41,0,41,0,41,0,41,0,41,0,41,0,41,0,41,0,41,0,41,0,41,0,41,0,41,0,41,0,41,0,41,0,41,0,41,0,41,0,41,0,41,0,41,0,41,0,41,0,41,0,41,0,41,0,41,0,41,0,41,0,41,0,41,0,41,0,41,0,41,0,41,0,41,0,41,0,41,0,41,0,41,0,41,0,41,0,41,0,41,0,41,0,41,0,41,0,41,0,41,0,41,0,41,0,41,0,41,0,41,0,41,0,41,0,41,0,41,0,41,0,41,0,41,0,41,0,41,0,41,0,41,0,41,0,41,0,41,0,41,0,41,0,41,0,41,0,41,0,41,0,41,0,41,0,41,0,41,0,41,0,41,0,41,0,41,0,41,0,41,0,41,0,41,0,41,0,41,0,41,0,41,0,41,0,41,0,41,0,41,0,41,0,41,0,41,0,41,0,41,0,41,0,41,0,41,0,41,0,41,0,41,0,41,0,41,0,41,0,41,0,41,0,41,0,41,0,41,0,41,0,41,0,41,0,41,0,41,0,41,0,41,0,41,0,41,0,41,0,41,0,41,0,41,0,41,0,41,0,41,0,41,0,41,0,41,0,41,0,41,0,41,0,41,0,41,0,41,0,41,0,41,0,41,0,41,0,41,0,41,0,41,0,41,0,41,0,41,0,41,0,41,0,41,0,41,0,41,0,41,0,41,0,41,0,41,0
,,42,0,42,0,42,0,42,0,42,0,42,0,42,0,42,0,42,0,42,0,42,0,42,0,42,0,42,0,42,0,42,0,42,0,42,0,42,0,42,0,42,0,42,0,42,0,42,0,42,0,42,0,42,0,42,0,42,0,42,0,42,0,42,0,42,0,42,0,42,0,42,0,42,0,42,0,42,0,42,0,42,0,42,0,42,0,42,0,42,0,42,0,42,0,42,0,42,0,42,0,42,0,42,0,42,0,42,0,42,0,42,0,42,0,42,0,42,0,42,0,42,0,42,0,42,0,42,0,42,0,42,0,42,0,42,0,42,0,42,0,42,0,42,0,42,0,42,0,42,0,42,0,42,0,42,0,42,0,42,0,42,0,42,0,42,0,42,0,42,0,42,0,42,0,42,0,42,0,42,0,42,0,42,0,42,0,42,0,42,0,42,0,42,0,42,0,42,0,42,0,42,0,42,0,42,0,42,0,42,0,42,0,42,0,42,0,42,0,42,0,42,0,42,0,42,0,42,0,42,0,42,0,42,0,42,0,42,3,42,3,42,0,42,0,42,8,42,0,42,0,42,0,42,0,42,0,42,0,42,0,42,0,42,0,42,0,42,0,42,0,42,0,42,0,42,0,42,0,42,0,42,0,42,0,42,0,42,0,42,0,42,0,42,0,42,0,42,0,42,0,42,0,42,0,42,0,42,0,42,0,42,0,42,0,42,0,42,0,42,0,42,0,42,0,42,0,42,0,42,0,42,0,42,0,42,0,42,0,42,0,42,0,42,0,42,0,42,0,42,0,42,0,42,0,42,0,42,0,42,0,42,0,42,0,42,0,42,0,42,0,42,0,42,0,42,0,42,0,42,0,42,0,42,0,42,0,42,0,42,0,42,9,42,13,42,0,42,0,42,6,42,0,42,0,42,0,42,0,42,0,42,0,42,0,42,0,42,0,42,0,42,0,42,0,42,0,42,0,42,0,42,0,42,0,42,0,42,0,42,0,42,0,42,0,42,0,42,0,42,0,42,0,42,0,42,0,42,0,42,0,42,0,42,0,42,0,42,0,42,0,42,0,42,0,42,0,42,0,42,0,42,0,42,0,42,0,42,0,42,0,42,0,42,0,42,0,42,0,42,0,42,0,42,0,42,0,42,0,42,0,42,0,42,0,42,0,42,0,42,0,42,0,42,0,42,0,42,0,42,0,42,0,42,0,42,0,42,0,42,0,42,0,42,0,42,0,42,0,42,0,42,0,42,0,42,0,42,0,42,0,42,0,42,0,42,0,42,0,42,0,42,0,42,0,42,0,42,0,42,0,42,0,42,0,42,0,42,0,42,0,42,0,42,0,42,0,42,0,42,0,42,0,42,0,42,0,42,0,42,0,42,0,42,0,42,0,42,0,42,0,42,0,42,0,42,0,42,0,42,0,42,0,42,0,42,0,42,0,42,0,42,0,42,0,42,0,42,0,42,0,42,0,42,0,42,0,42,0,42,0,42,0,42,0,42,0,42,0,42,0,42,0,42,0,42,0,42,0,42,0,42,0,42,0,42,0,42,0,42,0,42,0,42,0,42,0,42,0,42,0,42,0,42,0,42,0,42,0,42,0,42,0,42,0,42,0,42,0,42,0,42,0,42,0,42,0,42,0,42,0,42,0,42,0,42,0,42,0,42,0,42,0,42,0,42,0,42,0,42,0,42,0,42,0,42,0,42,0,42,0,42,0,42,0,42,0,42,0,42,0,42,0,42,0,42,0,42,0,42,0,42,0,42,0,42,0,42,0,42,0,42,0,42,0,42,0,42,0,42,0,42,0,42,0,42,0,42,0,42,0,42,0,42,0,42,0,42,0,42,0,42,0,42,0,42,0,42,0,42,0,42,0,42,0,42,0,42,0,42,0,42,0,42,0,42,0,42,0,42,0,42,0,42,0,42,0,42,0,42,0,42,0,42,0,42,0,42,0,42,0,42,0,42,0,42,0,42,0,42,0,42,0,42,0,42,0,42,0,42,0,42,0,42,0,42,0,42,0,42,0,42,0,42,0,42,0,42,0,42,0,42,0,42,0,42,0,42,0,42,0,42,0,42,0,42,0,42,0,42,0,42,0,42,0,42,0,42,0,42,0,42,0,42,0,42,0,42,0,42,0,42,0,42,0,42,0,42,0,42,0,42,0,42,0,42,0,42,0,42,0,42,0,42,0,42,0,42,0,42,0,42,0,42,0,42,0,42,0,42,0,42,0,42,0,42,0,42,0,42,0,42,0,42,0,42,0,42,0,42,0,42,0,42,0,42,0,42,0,42,0,42,0,42,0,42,0,42,0,42,0,42,0,42,0,42,0,42,0,42,0,42,0,42,0,42,0,42,0,42,0,42,0,42,0,42,0,42,0,42,0,42,0,42,0,42,0,42,0,42,0,42,0,42,0,42,0,42,0,42,0,42,0,42,0,42,0,42,0
,,43,0,43,0,43,0,43,0,43,0,43,0,43,0,43,0,43,0,43,0,43,0,43,0,43,0,43,0,43,0,43,0,43,0,43,0,43,0,43,0,43,0,43,0,43,0,43,0,43,0,43,0,43,0,43,0,43,0,43,0,43,0,43,0,43,0,43,0,43,0,43,0,43,0,43,0,43,0,43,0,43,0,43,0,43,0,43,0,43,0,43,0,43,0,43,0,43,0,43,0,43,0,43,0,43,0,43,0,43,0,43,0,43,0,43,0,43,0,43,0,43,0,43,0,43,0,43,0,43,0,43,0,43,0,43,0,43,0,43,0,43,0,43,0,43,0,43,0,43,0,43,0,43,0,43,0,43,0,43,0,43,0,43,0,43,0,43,0,43,0,43,0,43,0,43,0,43,0,43,0,43,0,43,0,43,0,43,0,43,0,43,0,43,0,43,0,43,0,43,0,43,0,43,0,43,0,43,0,43,0,43,0,43,0,43,0,43,0,43,0,43,0,43,0,43,0,43,0,43,0,43,0,43,0,43,0,43,3,43,3,43,0,43,0,43,6,43,0,43,0,43,0,43,0,43,0,43,0,43,0,43,0,43,0,43,0,43,0,43,0,43,0,43,0,43,0,43,0,43,0,43,0,43,0,43,0,43,0,43,0,43,0,43,0,43,0,43,0,43,0,43,0,43,0,43,0,43,0,43,0,43,0,43,0,43,0,43,0,43,0,43,0,43,0,43,0,43,0,43,0,43,0,43,0,43,0,43,0,43,0,43,0,43,0,43,0,43,0,43,0,43,0,43,0,43,0,43,0,43,0,43,0,43,0,43,0,43,0,43,0,43,0,43,0,43,0,43,0,43,0,43,0,43,0,43,0,43,0,43,0,43,5,43,12,43,0,43,0,43,9,43,0,43,0,43,0,43,0,43,0,43,0,43,0,43,0,43,0,43,0,43,0,43,0,43,0,43,0,43,0,43,0,43,0,43,0,43,0,43,0,43,0,43,0,43,0,43,0,43,0,43,0,43,0,43,0,43,0,43,0,43,0,43,0,43,0,43,0,43,0,43,0,43,0,43,0,43,0,43,0,43,0,43,0,43,0,43,0,43,0,43,0,43,0,43,0,43,0,43,0,43,0,43,0,43,0,43,0,43,0,43,0,43,0,43,0,43,0,43,0,43,0,43,0,43,0,43,0,43,0,43,0,43,0,43,0,43,0,43,0,43,0,43,0,43,0,43,0,43,0,43,0,43,0,43,0,43,0,43,0,43,0,43,0,43,0,43,0,43,0,43,0,43,0,43,0,43,0,43,0,43,0,43,0,43,0,43,0,43,0,43,0,43,0,43,0,43,0,43,0,43,0,43,0,43,0,43,0,43,0,43,0,43,0,43,0,43,0,43,0,43,0,43,0,43,0,43,0,43,0,43,0,43,0,43,0,43,0,43,0,43,0,43,0,43,0,43,0,43,0,43,0,43,0,43,0,43,0,43,0,43,0,43,0,43,0,43,0,43,0,43,0,43,0,43,0,43,0,43,0,43,0,43,0,43,0,43,0,43,0,43,0,43,0,43,0,43,0,43,0,43,0,43,0,43,0,43,0,43,0,43,0,43,0,43,0,43,0,43,0,43,0,43,0,43,0,43,0,43,0,43,0,43,0,43,0,43,0,43,0,43,0,43,0,43,0,43,0,43,0,43,0,43,0,43,0,43,0,43,0,43,0,43,0,43,0,43,0,43,0,43,0,43,0,43,0,43,0,43,0,43,0,43,0,43,0,43,0,43,0,43,0,43,0,43,0,43,0,43,0,43,0,43,0,43,0,43,0,43,0,43,0,43,0,43,0,43,0,43,0,43,0,43,0,43,0,43,0,43,0,43,0,43,0,43,0,43,0,43,0,43,0,43,0,43,0,43,0,43,0,43,0,43,0,43,0,43,0,43,0,43,0,43,0,43,0,43,0,43,0,43,0,43,0,43,0,43,0,43,0,43,0,43,0,43,0,43,0,43,0,43,0,43,0,43,0,43,0,43,0,43,0,43,0,43,0,43,0,43,0,43,0,43,0,43,0,43,0,43,0,43,0,43,0,43,0,43,0,43,0,43,0,43,0,43,0,43,0,43,0,43,0,43,0,43,0,43,0,43,0,43,0,43,0,43,0,43,0,43,0,43,0,43,0,43,0,43,0,43,0,43,0,43,0,43,0,43,0,43,0,43,0,43,0,43,0,43,0,43,0,43,0,43,0,43,0,43,0,43,0,43,0,43,0,43,0,43,0,43,0,43,0,43,0,43,0,43,0,43,0,43,0,43,0,43,0,43,0,43,0,43,0,43,0,43,0,43,0,43,0,43,0,43,0,43,0,43,0,43,0,43,0,43,0,43,0,43,0,43,0,43,0,43,0,43,0,43,0,43,0,43,0,43,0,43,0,43,0,43,0,43,0,43,0,43,0,43,0
,,44,0,44,0,44,0,44,0,44,0,44,0,44,0,44,0,44,0,44,0,44,0,44,0,44,0,44,0,44,0,44,0,44,0,44,0,44,0,44,0,44,0,44,0,44,0,44,0,44,0,44,0,44,0,44,0,44,0,44,0,44,0,44,0,44,0,44,0,44,0,44,0,44,0,44,0,44,0,44,0,44,0,44,0,44,0,44,0,44,0,44,0,44,0,44,0,44,0,44,0,44,0,44,0,44,0,44,0,44,0,44,0,44,0,44,0,44,0,44,0,44,0,44,0,44,0,44,0,44,0,44,0,44,0,44,0,44,0,44,0,44,0,44,0,44,0,44,0,44,0,44,0,44,0,44,0,44,0,44,0,44,0,44,0,44,0,44,0,44,0,44,0,44,0,44,0,44,0,44,0,44,0,44,0,44,0,44,0,44,0,44,0,44,0,44,0,44,0,44,0,44,0,44,0,44,0,44,0,44,0,44,0,44,0,44,0,44,0,44,0,44,0,44,0,44,0,44,0,44,0,44,0,44,0,44,0,44,5,44,6,44,0,44,0,44,3,44,0,44,0,44,0,44,0,44,0,44,0,44,0,44,0,44,0,44,0,44,0,44,0,44,0,44,0,44,0,44,0,44,0,44,0,44,0,44,0,44,0,44,0,44,0,44,0,44,0,44,0,44,0,44,0,44,0,44,0,44,0,44,0,44,0,44,0,44,0,44,0,44,0,44,0,44,0,44,0,44,0,44,0,44,0,44,0,44,0,44,0,44,0,44,0,44,0,44,0,44,0,44,0,44,0,44,0,44,0,44,0,44,0,44,0,44,0,44,0,44,0,44,0,44,0,44,0,44,0,44,0,44,0,44,0,44,0,44,0,44,0,44,0,44,3,44,5,44,0,44,0,44,14,44,0,44,0,44,0,44,0,44,0,44,0,44,0,44,0,44,0,44,0,44,0,44,0,44,0,44,0,44,0,44,0,44,0,44,0,44,0,44,0,44,0,44,0,44,0,44,0,44,0,44,0,44,0,44,0,44,0,44,0,44,0,44,0,44,0,44,0,44,0,44,0,44,0,44,0,44,0,44,0,44,0,44,0,44,0,44,0,44,0,44,0,44,0,44,0,44,0,44,0,44,0,44,0,44,0,44,0,44,0,44,0,44,0,44,0,44,0,44,0,44,0,44,0,44,0,44,0,44,0,44,0,44,0,44,0,44,0,44,0,44,0,44,0,44,0,44,0,44,0,44,0,44,0,44,0,44,0,44,0,44,0,44,0,44,0,44,0,44,0,44,0,44,0,44,0,44,0,44,0,44,0,44,0,44,0,44,0,44,0,44,0,44,0,44,0,44,0,44,0,44,0,44,0,44,0,44,0,44,0,44,0,44,0,44,0,44,0,44,0,44,0,44,0,44,0,44,0,44,0,44,0,44,0,44,0,44,0,44,0,44,0,44,0,44,0,44,0,44,0,44,0,44,0,44,0,44,0,44,0,44,0,44,0,44,0,44,0,44,0,44,0,44,0,44,0,44,0,44,0,44,0,44,0,44,0,44,0,44,0,44,0,44,0,44,0,44,0,44,0,44,0,44,0,44,0,44,0,44,0,44,0,44,0,44,0,44,0,44,0,44,0,44,0,44,0,44,0,44,0,44,0,44,0,44,0,44,0,44,0,44,0,44,0,44,0,44,0,44,0,44,0,44,0,44,0,44,0,44,0,44,0,44,0,44,0,44,0,44,0,44,0,44,0,44,0,44,0,44,0,44,0,44,0,44,0,44,0,44,0,44,0,44,0,44,0,44,0,44,0,44,0,44,0,44,0,44,0,44,0,44,0,44,0,44,0,44,0,44,0,44,0,44,0,44,0,44,0,44,0,44,0,44,0,44,0,44,0,44,0,44,0,44,0,44,0,44,0,44,0,44,0,44,0,44,0,44,0,44,0,44,0,44,0,44,0,44,0,44,0,44,0,44,0,44,0,44,0,44,0,44,0,44,0,44,0,44,0,44,0,44,0,44,0,44,0,44,0,44,0,44,0,44,0,44,0,44,0,44,0,44,0,44,0,44,0,44,0,44,0,44,0,44,0,44,0,44,0,44,0,44,0,44,0,44,0,44,0,44,0,44,0,44,0,44,0,44,0,44,0,44,0,44,0,44,0,44,0,44,0,44,0,44,0,44,0,44,0,44,0,44,0,44,0,44,0,44,0,44,0,44,0,44,0,44,0,44,0,44,0,44,0,44,0,44,0,44,0,44,0,44,0,44,0,44,0,44,0,44,0,44,0,44,0,44,0,44,0,44,0,44,0,44,0,44,0,44,0,44,0,44,0,44,0,44,0,44,0,44,0,44,0,44,0,44,0,44,0,44,0,44,0,44,0,44,0,44,0,44,0,44,0,44,0,44,0,44,0,44,0,44,0,44,0,44,0,44,0,44,0,44,0,44,0,44,0,44,0
,,45,0,45,0,45,0,45,0,45,0,45,0,45,0,45,0,45,0,45,0,45,0,45,0,45,0,45,0,45,0,45,0,45,0,45,0,45,0,45,0,45,0,45,0,45,0,45,0,45,0,45,0,45,0,45,0,45,0,45,0,45,0,45,0,45,0,45,0,45,0,45,0,45,0,45,0,45,0,45,0,45,0,45,0,45,0,45,0,45,0,45,0,45,0,45,0,45,0,45,0,45,0,45,0,45,0,45,0,45,0,45,0,45,0,45,0,45,0,45,0,45,0,45,0,45,0,45,0,45,0,45,0,45,0,45,0,45,0,45,0,45,0,45,0,45,0,45,0,45,0,45,0,45,0,45,0,45,0,45,0,45,0,45,0,45,0,45,0,45,0,45,0,45,0,45,0,45,0,45,0,45,0,45,0,45,0,45,0,45,0,45,0,45,0,45,0,45,0,45,0,45,0,45,0,45,0,45,0,45,0,45,0,45,0,45,0,45,0,45,0,45,0,45,0,45,0,45,0,45,0,45,0,45,0,45,0,45,6,45,5,45,0,45,0,45,9,45,0,45,0,45,0,45,0,45,0,45,0,45,0,45,0,45,0,45,0,45,0,45,0,45,0,45,0,45,0,45,0,45,0,45,0,45,0,45,0,45,0,45,0,45,0,45,0,45,0,45,0,45,0,45,0,45,0,45,0,45,0,45,0,45,0,45,0,45,0,45,0,45,0,45,0,45,0,45,0,45,0,45,0,45,0,45,0,45,0,45,0,45,0,45,0,45,0,45,0,45,0,45,0,45,0,45,0,45,0,45,0,45,0,45,0,45,0,45,0,45,0,45,0,45,0,45,0,45,0,45,0,45,0,45,0,45,0,45,0,45,0,45,0,45,6,45,9,45,0,45,0,45,8,45,0,45,0,45,0,45,0,45,0,45,0,45,0,45,0,45,0,45,0,45,0,45,0,45,0,45,0,45,0,45,0,45,0,45,0,45,0,45,0,45,0,45,0,45,0,45,0,45,0,45,0,45,0,45,0,45,0,45,0,45,0,45,0,45,0,45,0,45,0,45,0,45,0,45,0,45,0,45,0,45,0,45,0,45,0,45,0,45,0,45,0,45,0,45,0,45,0,45,0,45,0,45,0,45,0,45,0,45,0,45,0,45,0,45,0,45,0,45,0,45,0,45,0,45,0,45,0,45,0,45,0,45,0,45,0,45,0,45,0,45,0,45,0,45,0,45,0,45,0,45,0,45,0,45,0,45,0,45,0,45,0,45,0,45,0,45,0,45,0,45,0,45,0,45,0,45,0,45,0,45,0,45,0,45,0,45,0,45,0,45,0,45,0,45,0,45,0,45,0,45,0,45,0,45,0,45,0,45,0,45,0,45,0,45,0,45,0,45,0,45,0,45,0,45,0,45,0,45,0,45,0,45,0,45,0,45,0,45,0,45,0,45,0,45,0,45,0,45,0,45,0,45,0,45,0,45,0,45,0,45,0,45,0,45,0,45,0,45,0,45,0,45,0,45,0,45,0,45,0,45,0,45,0,45,0,45,0,45,0,45,0,45,0,45,0,45,0,45,0,45,0,45,0,45,0,45,0,45,0,45,0,45,0,45,0,45,0,45,0,45,0,45,0,45,0,45,0,45,0,45,0,45,0,45,0,45,0,45,0,45,0,45,0,45,0,45,0,45,0,45,0,45,0,45,0,45,0,45,0,45,0,45,0,45,0,45,0,45,0,45,0,45,0,45,0,45,0,45,0,45,0,45,0,45,0,45,0,45,0,45,0,45,0,45,0,45,0,45,0,45,0,45,0,45,0,45,0,45,0,45,0,45,0,45,0,45,0,45,0,45,0,45,0,45,0,45,0,45,0,45,0,45,0,45,0,45,0,45,0,45,0,45,0,45,0,45,0,45,0,45,0,45,0,45,0,45,0,45,0,45,0,45,0,45,0,45,0,45,0,45,0,45,0,45,0,45,0,45,0,45,0,45,0,45,0,45,0,45,0,45,0,45,0,45,0,45,0,45,0,45,0,45,0,45,0,45,0,45,0,45,0,45,0,45,0,45,0,45,0,45,0,45,0,45,0,45,0,45,0,45,0,45,0,45,0,45,0,45,0,45,0,45,0,45,0,45,0,45,0,45,0,45,0,45,0,45,0,45,0,45,0,45,0,45,0,45,0,45,0,45,0,45,0,45,0,45,0,45,0,45,0,45,0,45,0,45,0,45,0,45,0,45,0,45,0,45,0,45,0,45,0,45,0,45,0,45,0,45,0,45,0,45,0,45,0,45,0,45,0,45,0,45,0,45,0,45,0,45,0,45,0,45,0,45,0,45,0,45,0,45,0,45,0,45,0,45,0,45,0,45,0,45,0,45,0,45,0,45,0,45,0,45,0,45,0,45,0,45,0,45,0,45,0,45,0,45,0,45,0,45,0,45,0,45,0,45,0
,,46,0,46,0,46,0,46,0,46,0,46,0,46,0,46,0,46,0,46,0,46,0,46,0,46,0,46,0,46,0,46,0,46,0,46,0,46,0,46,0,46,0,46,0,46,0,46,0,46,0,46,0,46,0,46,0,46,0,46,0,46,0,46,0,46,0,46,0,46,0,46,0,46,0,46,0,46,0,46,0,46,0,46,0,46,0,46,0,46,0,46,0,46,0,46,0,46,0,46,0,46,0,46,0,46,0,46,0,46,0,46,0,46,0,46,0,46,0,46,0,46,0,46,0,46,0,46,0,46,0,46,0,46,0,46,0,46,0,46,0,46,0,46,0,46,0,46,0,46,0,46,0,46,0,46,0,46,0,46,0,46,0,46,0,46,0,46,0,46,0,46,0,46,0,46,0,46,0,46,0,46,0,46,0,46,0,46,0,46,0,46,0,46,0,46,0,46,0,46,0,46,0,46,0,46,0,46,0,46,0,46,0,46,0,46,0,46,0,46,0,46,0,46,0,46,0,46,0,46,0,46,0,46,0,46,0,46,4,46,3,46,0,46,0,46,2,46,0,46,0,46,0,46,0,46,0,46,0,46,0,46,0,46,0,46,0,46,0,46,0,46,0,46,0,46,0,46,0,46,0,46,0,46,0,46,0,46,0,46,0,46,0,46,0,46,0,46,0,46,0,46,0,46,0,46,0,46,0,46,0,46,0,46,0,46,0,46,0,46,0,46,0,46,0,46,0,46,0,46,0,46,0,46,0,46,0,46,0,46,0,46,0,46,0,46,0,46,0,46,0,46,0,46,0,46,0,46,0,46,0,46,0,46,0,46,0,46,0,46,0,46,0,46,0,46,0,46,0,46,0,46,0,46,0,46,0,46,0,46,0,46,4,46,7,46,0,46,0,46,14,46,0,46,0,46,0,46,0,46,0,46,0,46,0,46,0,46,0,46,0,46,0,46,0,46,0,46,0,46,0,46,0,46,0,46,0,46,0,46,0,46,0,46,0,46,0,46,0,46,0,46,0,46,0,46,0,46,0,46,0,46,0,46,0,46,0,46,0,46,0,46,0,46,0,46,0,46,0,46,0,46,0,46,0,46,0,46,0,46,0,46,0,46,0,46,0,46,0,46,0,46,0,46,0,46,0,46,0,46,0,46,0,46,0,46,0,46,0,46,0,46,0,46,0,46,0,46,0,46,0,46,0,46,0,46,0,46,0,46,0,46,0,46,0,46,0,46,0,46,0,46,0,46,0,46,0,46,0,46,0,46,0,46,0,46,0,46,0,46,0,46,0,46,0,46,0,46,0,46,0,46,0,46,0,46,0,46,0,46,0,46,0,46,0,46,0,46,0,46,0,46,0,46,0,46,0,46,0,46,0,46,0,46,0,46,0,46,0,46,0,46,0,46,0,46,0,46,0,46,0,46,0,46,0,46,0,46,0,46,0,46,0,46,0,46,0,46,0,46,0,46,0,46,0,46,0,46,0,46,0,46,0,46,0,46,0,46,0,46,0,46,0,46,0,46,0,46,0,46,0,46,0,46,0,46,0,46,0,46,0,46,0,46,0,46,0,46,0,46,0,46,0,46,0,46,0,46,0,46,0,46,0,46,0,46,0,46,0,46,0,46,0,46,0,46,0,46,0,46,0,46,0,46,0,46,0,46,0,46,0,46,0,46,0,46,0,46,0,46,0,46,0,46,0,46,0,46,0,46,0,46,0,46,0,46,0,46,0,46,0,46,0,46,0,46,0,46,0,46,0,46,0,46,0,46,0,46,0,46,0,46,0,46,0,46,0,46,0,46,0,46,0,46,0,46,0,46,0,46,0,46,0,46,0,46,0,46,0,46,0,46,0,46,0,46,0,46,0,46,0,46,0,46,0,46,0,46,0,46,0,46,0,46,0,46,0,46,0,46,0,46,0,46,0,46,0,46,0,46,0,46,0,46,0,46,0,46,0,46,0,46,0,46,0,46,0,46,0,46,0,46,0,46,0,46,0,46,0,46,0,46,0,46,0,46,0,46,0,46,0,46,0,46,0,46,0,46,0,46,0,46,0,46,0,46,0,46,0,46,0,46,0,46,0,46,0,46,0,46,0,46,0,46,0,46,0,46,0,46,0,46,0,46,0,46,0,46,0,46,0,46,0,46,0,46,0,46,0,46,0,46,0,46,0,46,0,46,0,46,0,46,0,46,0,46,0,46,0,46,0,46,0,46,0,46,0,46,0,46,0,46,0,46,0,46,0,46,0,46,0,46,0,46,0,46,0,46,0,46,0,46,0,46,0,46,0,46,0,46,0,46,0,46,0,46,0,46,0,46,0,46,0,46,0,46,0,46,0,46,0,46,0,46,0,46,0,46,0,46,0,46,0,46,0,46,0,46,0,46,0,46,0,46,0,46,0,46,0,46,0,46,0,46,0,46,0,46,0,46,0,46,0,46,0,46,0,46,0
,,47,0,47,0,47,0,47,0,47,0,47,0,47,0,47,0,47,0,47,0,47,0,47,0,47,0,47,0,47,0,47,0,47,0,47,0,47,0,47,0,47,0,47,0,47,0,47,0,47,0,47,0,47,0,47,0,47,0,47,0,47,0,47,0,47,0,47,0,47,0,47,0,47,0,47,0,47,0,47,0,47,0,47,0,47,0,47,0,47,0,47,0,47,0,47,0,47,0,47,0,47,0,47,0,47,0,47,0,47,0,47,0,47,0,47,0,47,0,47,0,47,0,47,0,47,0,47,0,47,0,47,0,47,0,47,0,47,0,47,0,47,0,47,0,47,0,47,0,47,0,47,0,47,0,47,0,47,0,47,0,47,0,47,0,47,0,47,0,47,0,47,0,47,0,47,0,47,0,47,0,47,0,47,0,47,0,47,0,47,0,47,0,47,0,47,0,47,0,47,0,47,0,47,0,47,0,47,0,47,0,47,0,47,0,47,0,47,0,47,0,47,0,47,0,47,0,47,0,47,4,47,0,47,0,47,0,47,8,47,0,47,0,47,0,47,3,47,0,47,0,47,0,47,0,47,0,47,0,47,0,47,0,47,0,47,0,47,0,47,0,47,0,47,0,47,0,47,0,47,0,47,0,47,0,47,0,47,0,47,0,47,0,47,0,47,0,47,0,47,0,47,0,47,0,47,0,47,0,47,0,47,0,47,0,47,0,47,0,47,0,47,0,47,0,47,0,47,0,47,0,47,0,47,0,47,0,47,0,47,0,47,0,47,0,47,0,47,0,47,0,47,0,47,0,47,0,47,0,47,0,47,0,47,0,47,0,47,0,47,0,47,0,47,0,47,0,47,0,47,0,47,0,47,0,47,0,47,0,47,0,47,10,47,5,47,0,47,0,47,12,47,0,47,0,47,0,47,0,47,0,47,0,47,0,47,0,47,0,47,0,47,0,47,0,47,0,47,0,47,0,47,0,47,0,47,0,47,0,47,0,47,0,47,0,47,0,47,0,47,0,47,0,47,0,47,0,47,0,47,0,47,0,47,0,47,0,47,0,47,0,47,0,47,0,47,0,47,0,47,0,47,0,47,0,47,0,47,0,47,0,47,0,47,0,47,0,47,0,47,0,47,0,47,0,47,0,47,0,47,0,47,0,47,0,47,0,47,0,47,0,47,0,47,0,47,0,47,0,47,0,47,0,47,0,47,0,47,0,47,0,47,0,47,0,47,0,47,0,47,0,47,0,47,0,47,0,47,0,47,0,47,0,47,0,47,0,47,0,47,0,47,0,47,0,47,0,47,0,47,0,47,0,47,0,47,0,47,0,47,0,47,0,47,0,47,0,47,0,47,0,47,0,47,0,47,0,47,0,47,0,47,0,47,0,47,0,47,0,47,0,47,0,47,0,47,0,47,0,47,0,47,0,47,0,47,0,47,0,47,0,47,0,47,0,47,0,47,0,47,0,47,0,47,0,47,0,47,0,47,0,47,0,47,0,47,0,47,0,47,0,47,0,47,0,47,0,47,0,47,0,47,0,47,0,47,0,47,0,47,0,47,0,47,0,47,0,47,0,47,0,47,0,47,0,47,0,47,0,47,0,47,0,47,0,47,0,47,0,47,0,47,0,47,0,47,0,47,0,47,0,47,0,47,0,47,0,47,0,47,0,47,0,47,0,47,0,47,0,47,0,47,0,47,0,47,0,47,0,47,0,47,0,47,0,47,0,47,0,47,0,47,0,47,0,47,0,47,0,47,0,47,0,47,0,47,0,47,0,47,0,47,0,47,0,47,0,47,0,47,0,47,0,47,0,47,0,47,0,47,0,47,0,47,0,47,0,47,0,47,0,47,0,47,0,47,0,47,0,47,0,47,0,47,0,47,0,47,0,47,0,47,0,47,0,47,0,47,0,47,0,47,0,47,0,47,0,47,0,47,0,47,0,47,0,47,0,47,0,47,0,47,0,47,0,47,0,47,0,47,0,47,0,47,0,47,0,47,0,47,0,47,0,47,0,47,0,47,0,47,0,47,0,47,0,47,0,47,0,47,0,47,0,47,0,47,0,47,0,47,0,47,0,47,0,47,0,47,0,47,0,47,0,47,0,47,0,47,0,47,0,47,0,47,0,47,0,47,0,47,0,47,0,47,0,47,0,47,0,47,0,47,0,47,0,47,0,47,0,47,0,47,0,47,0,47,0,47,0,47,0,47,0,47,0,47,0,47,0,47,0,47,0,47,0,47,0,47,0,47,0,47,0,47,0,47,0,47,0,47,0,47,0,47,0,47,0,47,0,47,0,47,0,47,0,47,0,47,0,47,0,47,0,47,0,47,0,47,0,47,0,47,0,47,0,47,0,47,0,47,0,47,0,47,0,47,0,47,0,47,0,47,0,47,0,47,0,47,0,47,0,47,0,47,0,47,0,47,0,47,0,47,0,47,0,47,0,47,0
,,48,0,48,0,48,0,48,0,48,0,48,0,48,0,48,0,48,0,48,0,48,0,48,0,48,0,48,0,48,0,48,0,48,0,48,0,48,0,48,0,48,0,48,0,48,0,48,0,48,0,48,0,48,0,48,0,48,0,48,0,48,0,48,0,48,0,48,0,48,0,48,0,48,0,48,0,48,0,48,0,48,0,48,0,48,0,48,0,48,0,48,0,48,0,48,0,48,0,48,0,48,0,48,0,48,0,48,0,48,0,48,0,48,0,48,0,48,0,48,0,48,0,48,0,48,0,48,0,48,0,48,0,48,0,48,0,48,0,48,0,48,0,48,0,48,0,48,0,48,0,48,0,48,0,48,0,48,0,48,0,48,0,48,0,48,0,48,0,48,0,48,0,48,0,48,0,48,0,48,0,48,0,48,0,48,0,48,0,48,0,48,0,48,0,48,0,48,0,48,0,48,0,48,0,48,0,48,0,48,0,48,0,48,0,48,0,48,0,48,0,48,0,48,0,48,0,48,0,48,7,48,0,48,0,48,0,48,8,48,0,48,0,48,0,48,5,48,0,48,0,48,0,48,0,48,0,48,0,48,0,48,0,48,0,48,0,48,0,48,0,48,0,48,0,48,0,48,0,48,0,48,0,48,0,48,0,48,0,48,0,48,0,48,0,48,0,48,0,48,0,48,0,48,0,48,0,48,0,48,0,48,0,48,0,48,0,48,0,48,0,48,0,48,0,48,0,48,0,48,0,48,0,48,0,48,0,48,0,48,0,48,0,48,0,48,0,48,0,48,0,48,0,48,0,48,0,48,0,48,0,48,0,48,0,48,0,48,0,48,0,48,0,48,0,48,0,48,0,48,0,48,0,48,0,48,0,48,0,48,0,48,14,48,0,48,0,48,0,48,4,48,0,48,0,48,0,48,0,48,0,48,0,48,0,48,0,48,0,48,0,48,0,48,0,48,0,48,0,48,0,48,0,48,0,48,0,48,0,48,0,48,0,48,0,48,0,48,0,48,0,48,0,48,0,48,0,48,0,48,0,48,0,48,0,48,0,48,0,48,0,48,0,48,0,48,0,48,0,48,0,48,0,48,0,48,0,48,0,48,0,48,0,48,0,48,0,48,0,48,0,48,0,48,0,48,0,48,0,48,0,48,0,48,0,48,0,48,0,48,0,48,0,48,0,48,0,48,0,48,0,48,0,48,0,48,0,48,0,48,0,48,0,48,0,48,0,48,0,48,0,48,0,48,0,48,0,48,0,48,0,48,0,48,0,48,0,48,0,48,0,48,0,48,0,48,0,48,0,48,0,48,0,48,0,48,0,48,0,48,0,48,0,48,0,48,0,48,0,48,0,48,0,48,0,48,0,48,0,48,0,48,0,48,0,48,0,48,0,48,0,48,0,48,0,48,0,48,0,48,0,48,0,48,0,48,0,48,0,48,0,48,0,48,0,48,0,48,0,48,0,48,0,48,0,48,0,48,0,48,0,48,0,48,0,48,0,48,0,48,0,48,0,48,0,48,0,48,0,48,0,48,0,48,0,48,0,48,0,48,0,48,0,48,0,48,0,48,0,48,0,48,0,48,0,48,0,48,0,48,0,48,0,48,0,48,0,48,0,48,0,48,0,48,0,48,0,48,0,48,0,48,0,48,0,48,0,48,0,48,0,48,0,48,0,48,0,48,0,48,0,48,0,48,0,48,0,48,0,48,0,48,0,48,0,48,0,48,0,48,0,48,0,48,0,48,0,48,0,48,0,48,0,48,0,48,0,48,0,48,0,48,0,48,0,48,0,48,0,48,0,48,0,48,0,48,0,48,0,48,0,48,0,48,0,48,0,48,0,48,0,48,0,48,0,48,0,48,0,48,0,48,0,48,0,48,0,48,0,48,0,48,0,48,0,48,0,48,0,48,0,48,0,48,0,48,0,48,0,48,0,48,0,48,0,48,0,48,0,48,0,48,0,48,0,48,0,48,0,48,0,48,0,48,0,48,0,48,0,48,0,48,0,48,0,48,0,48,0,48,0,48,0,48,0,48,0,48,0,48,0,48,0,48,0,48,0,48,0,48,0,48,0,48,0,48,0,48,0,48,0,48,0,48,0,48,0,48,0,48,0,48,0,48,0,48,0,48,0,48,0,48,0,48,0,48,0,48,0,48,0,48,0,48,0,48,0,48,0,48,0,48,0,48,0,48,0,48,0,48,0,48,0,48,0,48,0,48,0,48,0,48,0,48,0,48,0,48,0,48,0,48,0,48,0,48,0,48,0,48,0,48,0,48,0,48,0,48,0,48,0,48,0,48,0,48,0,48,0,48,0,48,0,48,0,48,0,48,0,48,0,48,0,48,0,48,0,48,0,48,0,48,0,48,0,48,0,48,0,48,0,48,0,48,0,48,0,48,0,48,0,48,0,48,0,48,0,48,0,48,0,48,0,48,0,48,0,48,0
,,49,0,49,0,49,0,49,0,49,0,49,0,49,0,49,0,49,0,49,0,49,0,49,0,49,0,49,0,49,0,49,0,49,0,49,0,49,0,49,0,49,0,49,0,49,0,49,0,49,0,49,0,49,0,49,0,49,0,49,0,49,0,49,0,49,0,49,0,49,0,49,0,49,0,49,0,49,0,49,0,49,0,49,0,49,0,49,0,49,0,49,0,49,0,49,0,49,0,49,0,49,0,49,0,49,0,49,0,49,0,49,0,49,0,49,0,49,0,49,0,49,0,49,0,49,0,49,0,49,0,49,0,49,0,49,0,49,0,49,0,49,0,49,0,49,0,49,0,49,0,49,0,49,0,49,0,49,0,49,0,49,0,49,0,49,0,49,0,49,0,49,0,49,0,49,0,49,0,49,0,49,0,49,0,49,0,49,0,49,0,49,0,49,0,49,0,49,0,49,0,49,0,49,0,49,0,49,0,49,0,49,0,49,0,49,0,49,0,49,0,49,0,49,0,49,0,49,0,49,0,49,0,49,0,49,0,49,4,49,4,49,0,49,0,49,5,49,0,49,0,49,0,49,0,49,0,49,0,49,0,49,0,49,0,49,0,49,0,49,0,49,0,49,0,49,0,49,0,49,0,49,0,49,0,49,0,49,0,49,0,49,0,49,0,49,0,49,0,49,0,49,0,49,0,49,0,49,0,49,0,49,0,49,0,49,0,49,0,49,0,49,0,49,0,49,0,49,0,49,0,49,0,49,0,49,0,49,0,49,0,49,0,49,0,49,0,49,0,49,0,49,0,49,0,49,0,49,0,49,0,49,0,49,0,49,0,49,0,49,0,49,0,49,0,49,0,49,0,49,0,49,0,49,0,49,0,49,0,49,0,49,5,49,10,49,0,49,0,49,12,49,0,49,0,49,0,49,0,49,0,49,0,49,0,49,0,49,0,49,0,49,0,49,0,49,0,49,0,49,0,49,0,49,0,49,0,49,0,49,0,49,0,49,0,49,0,49,0,49,0,49,0,49,0,49,0,49,0,49,0,49,0,49,0,49,0,49,0,49,0,49,0,49,0,49,0,49,0,49,0,49,0,49,0,49,0,49,0,49,0,49,0,49,0,49,0,49,0,49,0,49,0,49,0,49,0,49,0,49,0,49,0,49,0,49,0,49,0,49,0,49,0,49,0,49,0,49,0,49,0,49,0,49,0,49,0,49,0,49,0,49,0,49,0,49,0,49,0,49,0,49,0,49,0,49,0,49,0,49,0,49,0,49,0,49,0,49,0,49,0,49,0,49,0,49,0,49,0,49,0,49,0,49,0,49,0,49,0,49,0,49,0,49,0,49,0,49,0,49,0,49,0,49,0,49,0,49,0,49,0,49,0,49,0,49,0,49,0,49,0,49,0,49,0,49,0,49,0,49,0,49,0,49,0,49,0,49,0,49,0,49,0,49,0,49,0,49,0,49,0,49,0,49,0,49,0,49,0,49,0,49,0,49,0,49,0,49,0,49,0,49,0,49,0,49,0,49,0,49,0,49,0,49,0,49,0,49,0,49,0,49,0,49,0,49,0,49,0,49,0,49,0,49,0,49,0,49,0,49,0,49,0,49,0,49,0,49,0,49,0,49,0,49,0,49,0,49,0,49,0,49,0,49,0,49,0,49,0,49,0,49,0,49,0,49,0,49,0,49,0,49,0,49,0,49,0,49,0,49,0,49,0,49,0,49,0,49,0,49,0,49,0,49,0,49,0,49,0,49,0,49,0,49,0,49,0,49,0,49,0,49,0,49,0,49,0,49,0,49,0,49,0,49,0,49,0,49,0,49,0,49,0,49,0,49,0,49,0,49,0,49,0,49,0,49,0,49,0,49,0,49,0,49,0,49,0,49,0,49,0,49,0,49,0,49,0,49,0,49,0,49,0,49,0,49,0,49,0,49,0,49,0,49,0,49,0,49,0,49,0,49,0,49,0,49,0,49,0,49,0,49,0,49,0,49,0,49,0,49,0,49,0,49,0,49,0,49,0,49,0,49,0,49,0,49,0,49,0,49,0,49,0,49,0,49,0,49,0,49,0,49,0,49,0,49,0,49,0,49,0,49,0,49,0,49,0,49,0,49,0,49,0,49,0,49,0,49,0,49,0,49,0,49,0,49,0,49,0,49,0,49,0,49,0,49,0,49,0,49,0,49,0,49,0,49,0,49,0,49,0,49,0,49,0,49,0,49,0,49,0,49,0,49,0,49,0,49,0,49,0,49,0,49,0,49,0,49,0,49,0,49,0,49,0,49,0,49,0,49,0,49,0,49,0,49,0,49,0,49,0,49,0,49,0,49,0,49,0,49,0,49,0,49,0,49,0,49,0,49,0,49,0,49,0,49,0,49,0,49,0,49,0,49,0,49,0,49,0,49,0,49,0,49,0,49,0,49,0,49,0,49,0,49,0,49,0,49,0
,,50,0,50,0,50,0,50,0,50,0,50,0,50,0,50,0,50,0,50,0,50,0,50,0,50,0,50,0,50,0,50,0,50,0,50,0,50,0,50,0,50,0,50,0,50,0,50,0,50,0,50,0,50,0,50,0,50,0,50,0,50,0,50,0,50,0,50,0,50,0,50,0,50,0,50,0,50,0,50,0,50,0,50,0,50,0,50,0,50,0,50,0,50,0,50,0,50,0,50,0,50,0,50,0,50,0,50,0,50,0,50,0,50,0,50,0,50,0,50,0,50,0,50,0,50,0,50,0,50,0,50,0,50,0,50,0,50,0,50,0,50,0,50,0,50,0,50,0,50,0,50,0,50,0,50,0,50,0,50,0,50,0,50,0,50,0,50,0,50,0,50,0,50,0,50,0,50,0,50,0,50,0,50,0,50,0,50,0,50,0,50,0,50,0,50,0,50,0,50,0,50,0,50,0,50,0,50,0,50,0,50,0,50,0,50,0,50,0,50,0,50,0,50,0,50,0,50,0,50,1,50,0,50,0,50,0,50,6,50,1,50,0,50,0,50,7,50,0,50,0,50,0,50,0,50,0,50,0,50,0,50,0,50,0,50,0,50,0,50,0,50,0,50,0,50,0,50,0,50,0,50,0,50,0,50,0,50,0,50,0,50,0,50,0,50,0,50,0,50,0,50,0,50,0,50,0,50,0,50,0,50,0,50,0,50,0,50,0,50,0,50,0,50,0,50,0,50,0,50,0,50,0,50,0,50,0,50,0,50,0,50,0,50,0,50,0,50,0,50,0,50,0,50,0,50,0,50,0,50,0,50,0,50,0,50,0,50,0,50,0,50,0,50,0,50,0,50,0,50,0,50,0,50,0,50,0,50,0,50,0,50,7,50,6,50,0,50,0,50,11,50,0,50,0,50,0,50,0,50,0,50,0,50,0,50,0,50,0,50,0,50,0,50,0,50,0,50,0,50,0,50,0,50,0,50,0,50,0,50,0,50,0,50,0,50,0,50,0,50,0,50,0,50,0,50,0,50,0,50,0,50,0,50,0,50,0,50,0,50,0,50,0,50,0,50,0,50,0,50,0,50,0,50,0,50,0,50,0,50,0,50,0,50,0,50,0,50,0,50,0,50,0,50,0,50,0,50,0,50,0,50,0,50,0,50,0,50,0,50,0,50,0,50,0,50,0,50,0,50,0,50,0,50,0,50,0,50,0,50,0,50,0,50,0,50,0,50,0,50,0,50,0,50,0,50,0,50,0,50,0,50,0,50,0,50,0,50,0,50,0,50,0,50,0,50,0,50,0,50,0,50,0,50,0,50,0,50,0,50,0,50,0,50,0,50,0,50,0,50,0,50,0,50,0,50,0,50,0,50,0,50,0,50,0,50,0,50,0,50,0,50,0,50,0,50,0,50,0,50,0,50,0,50,0,50,0,50,0,50,0,50,0,50,0,50,0,50,0,50,0,50,0,50,0,50,0,50,0,50,0,50,0,50,0,50,0,50,0,50,0,50,0,50,0,50,0,50,0,50,0,50,0,50,0,50,0,50,0,50,0,50,0,50,0,50,0,50,0,50,0,50,0,50,0,50,0,50,0,50,0,50,0,50,0,50,0,50,0,50,0,50,0,50,0,50,0,50,0,50,0,50,0,50,0,50,0,50,0,50,0,50,0,50,0,50,0,50,0,50,0,50,0,50,0,50,0,50,0,50,0,50,0,50,0,50,0,50,0,50,0,50,0,50,0,50,0,50,0,50,0,50,0,50,0,50,0,50,0,50,0,50,0,50,0,50,0,50,0,50,0,50,0,50,0,50,0,50,0,50,0,50,0,50,0,50,0,50,0,50,0,50,0,50,0,50,0,50,0,50,0,50,0,50,0,50,0,50,0,50,0,50,0,50,0,50,0,50,0,50,0,50,0,50,0,50,0,50,0,50,0,50,0,50,0,50,0,50,0,50,0,50,0,50,0,50,0,50,0,50,0,50,0,50,0,50,0,50,0,50,0,50,0,50,0,50,0,50,0,50,0,50,0,50,0,50,0,50,0,50,0,50,0,50,0,50,0,50,0,50,0,50,0,50,0,50,0,50,0,50,0,50,0,50,0,50,0,50,0,50,0,50,0,50,0,50,0,50,0,50,0,50,0,50,0,50,0,50,0,50,0,50,0,50,0,50,0,50,0,50,0,50,0,50,0,50,0,50,0,50,0,50,0,50,0,50,0,50,0,50,0,50,0,50,0,50,0,50,0,50,0,50,0,50,0,50,0,50,0,50,0,50,0,50,0,50,0,50,0,50,0,50,0,50,0,50,0,50,0,50,0,50,0,50,0,50,0,50,0,50,0,50,0,50,0,50,0,50,0,50,0,50,0,50,0,50,0,50,0,50,0,50,0,50,0,50,0,50,0,50,0,50,0,50,0,50,0,50,0,50,0,50,0,50,0,50,0,50,0
,,51,0,51,0,51,0,51,0,51,0,51,0,51,0,51,0,51,0,51,0,51,0,51,0,51,0,51,0,51,0,51,0,51,0,51,0,51,0,51,0,51,0,51,0,51,0,51,0,51,0,51,0,51,0,51,0,51,0,51,0,51,0,51,0,51,0,51,0,51,0,51,0,51,0,51,0,51,0,51,0,51,0,51,0,51,0,51,0,51,0,51,0,51,0,51,0,51,0,51,0,51,0,51,0,51,0,51,0,51,0,51,0,51,0,51,0,51,0,51,0,51,0,51,0,51,0,51,0,51,0,51,0,51,0,51,0,51,0,51,0,51,0,51,0,51,0,51,0,51,0,51,0,51,0,51,0,51,0,51,0,51,0,51,0,51,0,51,0,51,0,51,0,51,0,51,0,51,0,51,0,51,0,51,0,51,0,51,0,51,0,51,0,51,0,51,0,51,0,51,0,51,0,51,0,51,0,51,0,51,0,51,0,51,0,51,0,51,0,51,0,51,0,51,0,51,0,51,0,51,1,51,0,51,0,51,0,51,4,51,2,51,0,51,0,51,4,51,0,51,0,51,0,51,0,51,0,51,0,51,0,51,0,51,0,51,0,51,0,51,0,51,0,51,0,51,0,51,0,51,0,51,0,51,0,51,0,51,0,51,0,51,0,51,0,51,0,51,0,51,0,51,0,51,0,51,0,51,0,51,0,51,0,51,0,51,0,51,0,51,0,51,0,51,0,51,0,51,0,51,0,51,0,51,0,51,0,51,0,51,0,51,0,51,0,51,0,51,0,51,0,51,0,51,0,51,0,51,0,51,0,51,0,51,0,51,0,51,0,51,0,51,0,51,0,51,0,51,0,51,0,51,0,51,0,51,0,51,0,51,0,51,9,51,10,51,0,51,0,51,11,51,0,51,0,51,0,51,0,51,0,51,0,51,0,51,0,51,0,51,0,51,0,51,0,51,0,51,0,51,0,51,0,51,0,51,0,51,0,51,0,51,0,51,0,51,0,51,0,51,0,51,0,51,0,51,0,51,0,51,0,51,0,51,0,51,0,51,0,51,0,51,0,51,0,51,0,51,0,51,0,51,0,51,0,51,0,51,0,51,0,51,0,51,0,51,0,51,0,51,0,51,0,51,0,51,0,51,0,51,0,51,0,51,0,51,0,51,0,51,0,51,0,51,0,51,0,51,0,51,0,51,0,51,0,51,0,51,0,51,0,51,0,51,0,51,0,51,0,51,0,51,0,51,0,51,0,51,0,51,0,51,0,51,0,51,0,51,0,51,0,51,0,51,0,51,0,51,0,51,0,51,0,51,0,51,0,51,0,51,0,51,0,51,0,51,0,51,0,51,0,51,0,51,0,51,0,51,0,51,0,51,0,51,0,51,0,51,0,51,0,51,0,51,0,51,0,51,0,51,0,51,0,51,0,51,0,51,0,51,0,51,0,51,0,51,0,51,0,51,0,51,0,51,0,51,0,51,0,51,0,51,0,51,0,51,0,51,0,51,0,51,0,51,0,51,0,51,0,51,0,51,0,51,0,51,0,51,0,51,0,51,0,51,0,51,0,51,0,51,0,51,0,51,0,51,0,51,0,51,0,51,0,51,0,51,0,51,0,51,0,51,0,51,0,51,0,51,0,51,0,51,0,51,0,51,0,51,0,51,0,51,0,51,0,51,0,51,0,51,0,51,0,51,0,51,0,51,0,51,0,51,0,51,0,51,0,51,0,51,0,51,0,51,0,51,0,51,0,51,0,51,0,51,0,51,0,51,0,51,0,51,0,51,0,51,0,51,0,51,0,51,0,51,0,51,0,51,0,51,0,51,0,51,0,51,0,51,0,51,0,51,0,51,0,51,0,51,0,51,0,51,0,51,0,51,0,51,0,51,0,51,0,51,0,51,0,51,0,51,0,51,0,51,0,51,0,51,0,51,0,51,0,51,0,51,0,51,0,51,0,51,0,51,0,51,0,51,0,51,0,51,0,51,0,51,0,51,0,51,0,51,0,51,0,51,0,51,0,51,0,51,0,51,0,51,0,51,0,51,0,51,0,51,0,51,0,51,0,51,0,51,0,51,0,51,0,51,0,51,0,51,0,51,0,51,0,51,0,51,0,51,0,51,0,51,0,51,0,51,0,51,0,51,0,51,0,51,0,51,0,51,0,51,0,51,0,51,0,51,0,51,0,51,0,51,0,51,0,51,0,51,0,51,0,51,0,51,0,51,0,51,0,51,0,51,0,51,0,51,0,51,0,51,0,51,0,51,0,51,0,51,0,51,0,51,0,51,0,51,0,51,0,51,0,51,0,51,0,51,0,51,0,51,0,51,0,51,0,51,0,51,0,51,0,51,0,51,0,51,0,51,0,51,0,51,0,51,0,51,0,51,0,51,0,51,0,51,0,51,0,51,0,51,0,51,0,51,0,51,0,51,0,51,0,51,0,51,0
,,52,0,52,0,52,0,52,0,52,0,52,0,52,0,52,0,52,0,52,0,52,0,52,0,52,0,52,0,52,0,52,0,52,0,52,0,52,0,52,0,52,0,52,0,52,0,52,0,52,0,52,0,52,0,52,0,52,0,52,0,52,0,52,0,52,0,52,0,52,0,52,0,52,0,52,0,52,0,52,0,52,0,52,0,52,0,52,0,52,0,52,0,52,0,52,0,52,0,52,0,52,0,52,0,52,0,52,0,52,0,52,0,52,0,52,0,52,0,52,0,52,0,52,0,52,0,52,0,52,0,52,0,52,0,52,0,52,0,52,0,52,0,52,0,52,0,52,0,52,0,52,0,52,0,52,0,52,0,52,0,52,0,52,0,52,0,52,0,52,0,52,0,52,0,52,0,52,0,52,0,52,0,52,0,52,0,52,0,52,0,52,0,52,0,52,0,52,0,52,0,52,0,52,0,52,0,52,0,52,0,52,0,52,0,52,0,52,0,52,0,52,0,52,0,52,0,52,0,52,1,52,0,52,0,52,0,52,2,52,2,52,0,52,0,52,4,52,0,52,0,52,0,52,0,52,0,52,0,52,0,52,0,52,0,52,0,52,0,52,0,52,0,52,0,52,0,52,0,52,0,52,0,52,0,52,0,52,0,52,0,52,0,52,0,52,0,52,0,52,0,52,0,52,0,52,0,52,0,52,0,52,0,52,0,52,0,52,0,52,0,52,0,52,0,52,0,52,0,52,0,52,0,52,0,52,0,52,0,52,0,52,0,52,0,52,0,52,0,52,0,52,0,52,0,52,0,52,0,52,0,52,0,52,0,52,0,52,0,52,0,52,0,52,0,52,0,52,0,52,0,52,0,52,0,52,0,52,0,52,0,52,9,52,13,52,0,52,0,52,13,52,0,52,0,52,0,52,0,52,0,52,0,52,0,52,0,52,0,52,0,52,0,52,0,52,0,52,0,52,0,52,0,52,0,52,0,52,0,52,0,52,0,52,0,52,0,52,0,52,0,52,0,52,0,52,0,52,0,52,0,52,0,52,0,52,0,52,0,52,0,52,0,52,0,52,0,52,0,52,0,52,0,52,0,52,0,52,0,52,0,52,0,52,0,52,0,52,0,52,0,52,0,52,0,52,0,52,0,52,0,52,0,52,0,52,0,52,0,52,0,52,0,52,0,52,0,52,0,52,0,52,0,52,0,52,0,52,0,52,0,52,0,52,0,52,0,52,0,52,0,52,0,52,0,52,0,52,0,52,0,52,0,52,0,52,0,52,0,52,0,52,0,52,0,52,0,52,0,52,0,52,0,52,0,52,0,52,0,52,0,52,0,52,0,52,0,52,0,52,0,52,0,52,0,52,0,52,0,52,0,52,0,52,0,52,0,52,0,52,0,52,0,52,0,52,0,52,0,52,0,52,0,52,0,52,0,52,0,52,0,52,0,52,0,52,0,52,0,52,0,52,0,52,0,52,0,52,0,52,0,52,0,52,0,52,0,52,0,52,0,52,0,52,0,52,0,52,0,52,0,52,0,52,0,52,0,52,0,52,0,52,0,52,0,52,0,52,0,52,0,52,0,52,0,52,0,52,0,52,0,52,0,52,0,52,0,52,0,52,0,52,0,52,0,52,0,52,0,52,0,52,0,52,0,52,0,52,0,52,0,52,0,52,0,52,0,52,0,52,0,52,0,52,0,52,0,52,0,52,0,52,0,52,0,52,0,52,0,52,0,52,0,52,0,52,0,52,0,52,0,52,0,52,0,52,0,52,0,52,0,52,0,52,0,52,0,52,0,52,0,52,0,52,0,52,0,52,0,52,0,52,0,52,0,52,0,52,0,52,0,52,0,52,0,52,0,52,0,52,0,52,0,52,0,52,0,52,0,52,0,52,0,52,0,52,0,52,0,52,0,52,0,52,0,52,0,52,0,52,0,52,0,52,0,52,0,52,0,52,0,52,0,52,0,52,0,52,0,52,0,52,0,52,0,52,0,52,0,52,0,52,0,52,0,52,0,52,0,52,0,52,0,52,0,52,0,52,0,52,0,52,0,52,0,52,0,52,0,52,0,52,0,52,0,52,0,52,0,52,0,52,0,52,0,52,0,52,0,52,0,52,0,52,0,52,0,52,0,52,0,52,0,52,0,52,0,52,0,52,0,52,0,52,0,52,0,52,0,52,0,52,0,52,0,52,0,52,0,52,0,52,0,52,0,52,0,52,0,52,0,52,0,52,0,52,0,52,0,52,0,52,0,52,0,52,0,52,0,52,0,52,0,52,0,52,0,52,0,52,0,52,0,52,0,52,0,52,0,52,0,52,0,52,0,52,0,52,0,52,0,52,0,52,0,52,0,52,0,52,0,52,0,52,0,52,0,52,0,52,0,52,0,52,0,52,0,52,0,52,0,52,0,52,0,52,0,52,0,52,0,52,0,52,0,52,0,52,0
,,53,0,53,0,53,0,53,0,53,0,53,0,53,0,53,0,53,0,53,0,53,0,53,0,53,0,53,0,53,0,53,0,53,0,53,0,53,0,53,0,53,0,53,0,53,0,53,0,53,0,53,0,53,0,53,0,53,0,53,0,53,0,53,0,53,0,53,0,53,0,53,0,53,0,53,0,53,0,53,0,53,0,53,0,53,0,53,0,53,0,53,0,53,0,53,0,53,0,53,0,53,0,53,0,53,0,53,0,53,0,53,0,53,0,53,0,53,0,53,0,53,0,53,0,53,0,53,0,53,0,53,0,53,0,53,0,53,0,53,0,53,0,53,0,53,0,53,0,53,0,53,0,53,0,53,0,53,0,53,0,53,0,53,0,53,0,53,0,53,0,53,0,53,0,53,0,53,0,53,0,53,0,53,0,53,0,53,0,53,0,53,0,53,0,53,0,53,0,53,0,53,0,53,0,53,0,53,0,53,0,53,0,53,0,53,0,53,0,53,0,53,0,53,0,53,0,53,0,53,1,53,0,53,0,53,0,53,5,53,2,53,0,53,0,53,4,53,0,53,0,53,0,53,0,53,0,53,0,53,0,53,0,53,0,53,0,53,0,53,0,53,0,53,0,53,0,53,0,53,0,53,0,53,0,53,0,53,0,53,0,53,0,53,0,53,0,53,0,53,0,53,0,53,0,53,0,53,0,53,0,53,0,53,0,53,0,53,0,53,0,53,0,53,0,53,0,53,0,53,0,53,0,53,0,53,0,53,0,53,0,53,0,53,0,53,0,53,0,53,0,53,0,53,0,53,0,53,0,53,0,53,0,53,0,53,0,53,0,53,0,53,0,53,0,53,0,53,0,53,0,53,0,53,0,53,0,53,0,53,0,53,5,53,9,53,0,53,0,53,13,53,0,53,0,53,0,53,0,53,0,53,0,53,0,53,0,53,0,53,0,53,0,53,0,53,0,53,0,53,0,53,0,53,0,53,0,53,0,53,0,53,0,53,0,53,0,53,0,53,0,53,0,53,0,53,0,53,0,53,0,53,0,53,0,53,0,53,0,53,0,53,0,53,0,53,0,53,0,53,0,53,0,53,0,53,0,53,0,53,0,53,0,53,0,53,0,53,0,53,0,53,0,53,0,53,0,53,0,53,0,53,0,53,0,53,0,53,0,53,0,53,0,53,0,53,0,53,0,53,0,53,0,53,0,53,0,53,0,53,0,53,0,53,0,53,0,53,0,53,0,53,0,53,0,53,0,53,0,53,0,53,0,53,0,53,0,53,0,53,0,53,0,53,0,53,0,53,0,53,0,53,0,53,0,53,0,53,0,53,0,53,0,53,0,53,0,53,0,53,0,53,0,53,0,53,0,53,0,53,0,53,0,53,0,53,0,53,0,53,0,53,0,53,0,53,0,53,0,53,0,53,0,53,0,53,0,53,0,53,0,53,0,53,0,53,0,53,0,53,0,53,0,53,0,53,0,53,0,53,0,53,0,53,0,53,0,53,0,53,0,53,0,53,0,53,0,53,0,53,0,53,0,53,0,53,0,53,0,53,0,53,0,53,0,53,0,53,0,53,0,53,0,53,0,53,0,53,0,53,0,53,0,53,0,53,0,53,0,53,0,53,0,53,0,53,0,53,0,53,0,53,0,53,0,53,0,53,0,53,0,53,0,53,0,53,0,53,0,53,0,53,0,53,0,53,0,53,0,53,0,53,0,53,0,53,0,53,0,53,0,53,0,53,0,53,0,53,0,53,0,53,0,53,0,53,0,53,0,53,0,53,0,53,0,53,0,53,0,53,0,53,0,53,0,53,0,53,0,53,0,53,0,53,0,53,0,53,0,53,0,53,0,53,0,53,0,53,0,53,0,53,0,53,0,53,0,53,0,53,0,53,0,53,0,53,0,53,0,53,0,53,0,53,0,53,0,53,0,53,0,53,0,53,0,53,0,53,0,53,0,53,0,53,0,53,0,53,0,53,0,53,0,53,0,53,0,53,0,53,0,53,0,53,0,53,0,53,0,53,0,53,0,53,0,53,0,53,0,53,0,53,0,53,0,53,0,53,0,53,0,53,0,53,0,53,0,53,0,53,0,53,0,53,0,53,0,53,0,53,0,53,0,53,0,53,0,53,0,53,0,53,0,53,0,53,0,53,0,53,0,53,0,53,0,53,0,53,0,53,0,53,0,53,0,53,0,53,0,53,0,53,0,53,0,53,0,53,0,53,0,53,0,53,0,53,0,53,0,53,0,53,0,53,0,53,0,53,0,53,0,53,0,53,0,53,0,53,0,53,0,53,0,53,0,53,0,53,0,53,0,53,0,53,0,53,0,53,0,53,0,53,0,53,0,53,0,53,0,53,0,53,0,53,0,53,0,53,0,53,0,53,0,53,0,53,0,53,0,53,0,53,0,53,0,53,0,53,0,53,0,53,0,53,0,53,0,53,0
,,54,0,54,0,54,0,54,0,54,0,54,0,54,0,54,0,54,0,54,0,54,0,54,0,54,0,54,0,54,0,54,0,54,0,54,0,54,0,54,0,54,0,54,0,54,0,54,0,54,0,54,0,54,0,54,0,54,0,54,0,54,0,54,0,54,0,54,0,54,0,54,0,54,0,54,0,54,0,54,0,54,0,54,0,54,0,54,0,54,0,54,0,54,0,54,0,54,0,54,0,54,0,54,0,54,0,54,0,54,0,54,0,54,0,54,0,54,0,54,0,54,0,54,0,54,0,54,0,54,0,54,0,54,0,54,0,54,0,54,0,54,0,54,0,54,0,54,0,54,0,54,0,54,0,54,0,54,0,54,0,54,0,54,0,54,0,54,0,54,0,54,0,54,0,54,0,54,0,54,0,54,0,54,0,54,0,54,0,54,0,54,0,54,0,54,0,54,0,54,0,54,0,54,0,54,0,54,0,54,0,54,0,54,0,54,0,54,0,54,0,54,0,54,0,54,0,54,0,54,0,54,0,54,0,54,0,54,5,54,4,54,0,54,0,54,5,54,0,54,0,54,0,54,0,54,0,54,0,54,0,54,0,54,0,54,0,54,0,54,0,54,0,54,0,54,0,54,0,54,0,54,0,54,0,54,0,54,0,54,0,54,0,54,0,54,0,54,0,54,0,54,0,54,0,54,0,54,0,54,0,54,0,54,0,54,0,54,0,54,0,54,0,54,0,54,0,54,0,54,0,54,0,54,0,54,0,54,0,54,0,54,0,54,0,54,0,54,0,54,0,54,0,54,0,54,0,54,0,54,0,54,0,54,0,54,0,54,0,54,0,54,0,54,0,54,0,54,0,54,0,54,0,54,0,54,0,54,0,54,0,54,4,54,7,54,0,54,0,54,11,54,0,54,0,54,0,54,0,54,0,54,0,54,0,54,0,54,0,54,0,54,0,54,0,54,0,54,0,54,0,54,0,54,0,54,0,54,0,54,0,54,0,54,0,54,0,54,0,54,0,54,0,54,0,54,0,54,0,54,0,54,0,54,0,54,0,54,0,54,0,54,0,54,0,54,0,54,0,54,0,54,0,54,0,54,0,54,0,54,0,54,0,54,0,54,0,54,0,54,0,54,0,54,0,54,0,54,0,54,0,54,0,54,0,54,0,54,0,54,0,54,0,54,0,54,0,54,0,54,0,54,0,54,0,54,0,54,0,54,0,54,0,54,0,54,0,54,0,54,0,54,0,54,0,54,0,54,0,54,0,54,0,54,0,54,0,54,0,54,0,54,0,54,0,54,0,54,0,54,0,54,0,54,0,54,0,54,0,54,0,54,0,54,0,54,0,54,0,54,0,54,0,54,0,54,0,54,0,54,0,54,0,54,0,54,0,54,0,54,0,54,0,54,0,54,0,54,0,54,0,54,0,54,0,54,0,54,0,54,0,54,0,54,0,54,0,54,0,54,0,54,0,54,0,54,0,54,0,54,0,54,0,54,0,54,0,54,0,54,0,54,0,54,0,54,0,54,0,54,0,54,0,54,0,54,0,54,0,54,0,54,0,54,0,54,0,54,0,54,0,54,0,54,0,54,0,54,0,54,0,54,0,54,0,54,0,54,0,54,0,54,0,54,0,54,0,54,0,54,0,54,0,54,0,54,0,54,0,54,0,54,0,54,0,54,0,54,0,54,0,54,0,54,0,54,0,54,0,54,0,54,0,54,0,54,0,54,0,54,0,54,0,54,0,54,0,54,0,54,0,54,0,54,0,54,0,54,0,54,0,54,0,54,0,54,0,54,0,54,0,54,0,54,0,54,0,54,0,54,0,54,0,54,0,54,0,54,0,54,0,54,0,54,0,54,0,54,0,54,0,54,0,54,0,54,0,54,0,54,0,54,0,54,0,54,0,54,0,54,0,54,0,54,0,54,0,54,0,54,0,54,0,54,0,54,0,54,0,54,0,54,0,54,0,54,0,54,0,54,0,54,0,54,0,54,0,54,0,54,0,54,0,54,0,54,0,54,0,54,0,54,0,54,0,54,0,54,0,54,0,54,0,54,0,54,0,54,0,54,0,54,0,54,0,54,0,54,0,54,0,54,0,54,0,54,0,54,0,54,0,54,0,54,0,54,0,54,0,54,0,54,0,54,0,54,0,54,0,54,0,54,0,54,0,54,0,54,0,54,0,54,0,54,0,54,0,54,0,54,0,54,0,54,0,54,0,54,0,54,0,54,0,54,0,54,0,54,0,54,0,54,0,54,0,54,0,54,0,54,0,54,0,54,0,54,0,54,0,54,0,54,0,54,0,54,0,54,0,54,0,54,0,54,0,54,0,54,0,54,0,54,0,54,0,54,0,54,0,54,0,54,0,54,0,54,0,54,0,54,0,54,0,54,0,54,0,54,0,54,0,54,0,54,0,54,0,54,0,54,0,54,0,54,0,54,0,54,0
,,55,0,55,0,55,0,55,0,55,0,55,0,55,0,55,0,55,0,55,0,55,0,55,0,55,0,55,0,55,0,55,0,55,0,55,0,55,0,55,0,55,0,55,0,55,0,55,0,55,0,55,0,55,0,55,0,55,0,55,0,55,0,55,0,55,0,55,0,55,0,55,0,55,0,55,0,55,0,55,0,55,0,55,0,55,0,55,0,55,0,55,0,55,0,55,0,55,0,55,0,55,0,55,0,55,0,55,0,55,0,55,0,55,0,55,0,55,0,55,0,55,0,55,0,55,0,55,0,55,0,55,0,55,0,55,0,55,0,55,0,55,0,55,0,55,0,55,0,55,0,55,0,55,0,55,0,55,0,55,0,55,0,55,0,55,0,55,0,55,0,55,0,55,0,55,0,55,0,55,0,55,0,55,0,55,0,55,0,55,0,55,0,55,0,55,0,55,0,55,0,55,0,55,0,55,0,55,0,55,0,55,0,55,0,55,0,55,0,55,0,55,0,55,0,55,0,55,2,55,11,55,0,55,0,55,0,55,7,55,0,55,0,55,0,55,1,55,0,55,0,55,0,55,0,55,0,55,0,55,0,55,0,55,0,55,0,55,0,55,0,55,0,55,0,55,0,55,0,55,0,55,0,55,0,55,0,55,0,55,0,55,0,55,0,55,0,55,0,55,0,55,0,55,0,55,0,55,0,55,0,55,0,55,0,55,0,55,0,55,0,55,0,55,0,55,0,55,0,55,0,55,0,55,0,55,0,55,0,55,0,55,0,55,0,55,0,55,0,55,0,55,0,55,0,55,0,55,0,55,0,55,0,55,0,55,0,55,0,55,0,55,0,55,0,55,0,55,0,55,0,55,0,55,0,55,0,55,0,55,0,55,10,55,0,55,0,55,0,55,2,55,0,55,0,55,0,55,0,55,0,55,0,55,0,55,0,55,0,55,0,55,0,55,0,55,0,55,0,55,0,55,0,55,0,55,0,55,0,55,0,55,0,55,0,55,0,55,0,55,0,55,0,55,0,55,0,55,0,55,0,55,0,55,0,55,0,55,0,55,0,55,0,55,0,55,0,55,0,55,0,55,0,55,0,55,0,55,0,55,0,55,0,55,0,55,0,55,0,55,0,55,0,55,0,55,0,55,0,55,0,55,0,55,0,55,0,55,0,55,0,55,0,55,0,55,0,55,0,55,0,55,0,55,0,55,0,55,0,55,0,55,0,55,0,55,0,55,0,55,0,55,0,55,0,55,0,55,0,55,0,55,0,55,0,55,0,55,0,55,0,55,0,55,0,55,0,55,0,55,0,55,0,55,0,55,0,55,0,55,0,55,0,55,0,55,0,55,0,55,0,55,0,55,0,55,0,55,0,55,0,55,0,55,0,55,0,55,0,55,0,55,0,55,0,55,0,55,0,55,0,55,0,55,0,55,0,55,0,55,0,55,0,55,0,55,0,55,0,55,0,55,0,55,0,55,0,55,0,55,0,55,0,55,0,55,0,55,0,55,0,55,0,55,0,55,0,55,0,55,0,55,0,55,0,55,0,55,0,55,0,55,0,55,0,55,0,55,0,55,0,55,0,55,0,55,0,55,0,55,0,55,0,55,0,55,0,55,0,55,0,55,0,55,0,55,0,55,0,55,0,55,0,55,0,55,0,55,0,55,0,55,0,55,0,55,0,55,0,55,0,55,0,55,0,55,0,55,0,55,0,55,0,55,0,55,0,55,0,55,0,55,0,55,0,55,0,55,0,55,0,55,0,55,0,55,0,55,0,55,0,55,0,55,0,55,0,55,0,55,0,55,0,55,0,55,0,55,0,55,0,55,0,55,0,55,0,55,0,55,0,55,0,55,0,55,0,55,0,55,0,55,0,55,0,55,0,55,0,55,0,55,0,55,0,55,0,55,0,55,0,55,0,55,0,55,0,55,0,55,0,55,0,55,0,55,0,55,0,55,0,55,0,55,0,55,0,55,0,55,0,55,0,55,0,55,0,55,0,55,0,55,0,55,0,55,0,55,0,55,0,55,0,55,0,55,0,55,0,55,0,55,0,55,0,55,0,55,0,55,0,55,0,55,0,55,0,55,0,55,0,55,0,55,0,55,0,55,0,55,0,55,0,55,0,55,0,55,0,55,0,55,0,55,0,55,0,55,0,55,0,55,0,55,0,55,0,55,0,55,0,55,0,55,0,55,0,55,0,55,0,55,0,55,0,55,0,55,0,55,0,55,0,55,0,55,0,55,0,55,0,55,0,55,0,55,0,55,0,55,0,55,0,55,0,55,0,55,0,55,0,55,0,55,0,55,0,55,0,55,0,55,0,55,0,55,0,55,0,55,0,55,0,55,0,55,0,55,0,55,0,55,0,55,0,55,0,55,0,55,0,55,0,55,0,55,0,55,0,55,0,55,0,55,0,55,0,55,0,55,0,55,0,55,0,55,0,55,0
,,56,0,56,0,56,0,56,0,56,0,56,0,56,0,56,0,56,0,56,0,56,0,56,0,56,0,56,0,56,0,56,0,56,0,56,0,56,0,56,0,56,0,56,0,56,0,56,0,56,0,56,0,56,0,56,0,56,0,56,0,56,0,56,0,56,0,56,0,56,0,56,0,56,0,56,0,56,0,56,0,56,0,56,0,56,0,56,0,56,0,56,0,56,0,56,0,56,0,56,0,56,0,56,0,56,0,56,0,56,0,56,0,56,0,56,0,56,0,56,0,56,0,56,0,56,0,56,0,56,0,56,0,56,0,56,0,56,0,56,0,56,0,56,0,56,0,56,0,56,0,56,0,56,0,56,0,56,0,56,0,56,0,56,0,56,0,56,0,56,0,56,0,56,0,56,0,56,0,56,0,56,0,56,0,56,0,56,0,56,0,56,0,56,0,56,0,56,0,56,0,56,0,56,0,56,0,56,0,56,0,56,0,56,0,56,0,56,0,56,0,56,0,56,0,56,0,56,5,56,11,56,0,56,0,56,0,56,5,56,0,56,0,56,0,56,1,56,0,56,0,56,0,56,0,56,0,56,0,56,0,56,0,56,0,56,0,56,0,56,0,56,0,56,0,56,0,56,0,56,0,56,0,56,0,56,0,56,0,56,0,56,0,56,0,56,0,56,0,56,0,56,0,56,0,56,0,56,0,56,0,56,0,56,0,56,0,56,0,56,0,56,0,56,0,56,0,56,0,56,0,56,0,56,0,56,0,56,0,56,0,56,0,56,0,56,0,56,0,56,0,56,0,56,0,56,0,56,0,56,0,56,0,56,0,56,0,56,0,56,0,56,0,56,0,56,0,56,0,56,0,56,0,56,0,56,0,56,0,56,0,56,10,56,0,56,0,56,0,56,0,56,0,56,0,56,0,56,0,56,0,56,0,56,0,56,0,56,0,56,0,56,0,56,0,56,0,56,0,56,0,56,0,56,0,56,0,56,0,56,0,56,0,56,0,56,0,56,0,56,0,56,0,56,0,56,0,56,0,56,0,56,0,56,0,56,0,56,0,56,0,56,0,56,0,56,0,56,0,56,0,56,0,56,0,56,0,56,0,56,0,56,0,56,0,56,0,56,0,56,0,56,0,56,0,56,0,56,0,56,0,56,0,56,0,56,0,56,0,56,0,56,0,56,0,56,0,56,0,56,0,56,0,56,0,56,0,56,0,56,0,56,0,56,0,56,0,56,0,56,0,56,0,56,0,56,0,56,0,56,0,56,0,56,0,56,0,56,0,56,0,56,0,56,0,56,0,56,0,56,0,56,0,56,0,56,0,56,0,56,0,56,0,56,0,56,0,56,0,56,0,56,0,56,0,56,0,56,0,56,0,56,0,56,0,56,0,56,0,56,0,56,0,56,0,56,0,56,0,56,0,56,0,56,0,56,0,56,0,56,0,56,0,56,0,56,0,56,0,56,0,56,0,56,0,56,0,56,0,56,0,56,0,56,0,56,0,56,0,56,0,56,0,56,0,56,0,56,0,56,0,56,0,56,0,56,0,56,0,56,0,56,0,56,0,56,0,56,0,56,0,56,0,56,0,56,0,56,0,56,0,56,0,56,0,56,0,56,0,56,0,56,0,56,0,56,0,56,0,56,0,56,0,56,0,56,0,56,0,56,0,56,0,56,0,56,0,56,0,56,0,56,0,56,0,56,0,56,0,56,0,56,0,56,0,56,0,56,0,56,0,56,0,56,0,56,0,56,0,56,0,56,0,56,0,56,0,56,0,56,0,56,0,56,0,56,0,56,0,56,0,56,0,56,0,56,0,56,0,56,0,56,0,56,0,56,0,56,0,56,0,56,0,56,0,56,0,56,0,56,0,56,0,56,0,56,0,56,0,56,0,56,0,56,0,56,0,56,0,56,0,56,0,56,0,56,0,56,0,56,0,56,0,56,0,56,0,56,0,56,0,56,0,56,0,56,0,56,0,56,0,56,0,56,0,56,0,56,0,56,0,56,0,56,0,56,0,56,0,56,0,56,0,56,0,56,0,56,0,56,0,56,0,56,0,56,0,56,0,56,0,56,0,56,0,56,0,56,0,56,0,56,0,56,0,56,0,56,0,56,0,56,0,56,0,56,0,56,0,56,0,56,0,56,0,56,0,56,0,56,0,56,0,56,0,56,0,56,0,56,0,56,0,56,0,56,0,56,0,56,0,56,0,56,0,56,0,56,0,56,0,56,0,56,0,56,0,56,0,56,0,56,0,56,0,56,0,56,0,56,0,56,0,56,0,56,0,56,0,56,0,56,0,56,0,56,0,56,0,56,0,56,0,56,0,56,0,56,0,56,0,56,0,56,0,56,0,56,0,56,0,56,0,56,0,56,0,56,0,56,0,56,0,56,0,56,0,56,0,56,0,56,0,56,0,56,0,56,0,56,0,56,0,56,0,56,0,56,0
,,57,0,57,0,57,0,57,0,57,0,57,0,57,0,57,0,57,0,57,0,57,0,57,0,57,0,57,0,57,0,57,0,57,0,57,0,57,0,57,0,57,0,57,0,57,0,57,0,57,0,57,0,57,0,57,0,57,0,57,0,57,0,57,0,57,0,57,0,57,0,57,0,57,0,57,0,57,0,57,0,57,0,57,0,57,0,57,0,57,0,57,0,57,0,57,0,57,0,57,0,57,0,57,0,57,0,57,0,57,0,57,0,57,0,57,0,57,0,57,0,57,0,57,0,57,0,57,0,57,0,57,0,57,0,57,0,57,0,57,0,57,0,57,0,57,0,57,0,57,0,57,0,57,0,57,0,57,0,57,0,57,0,57,0,57,0,57,0,57,0,57,0,57,0,57,0,57,0,57,0,57,0,57,0,57,0,57,0,57,0,57,0,57,0,57,0,57,0,57,0,57,0,57,0,57,0,57,0,57,0,57,0,57,0,57,0,57,0,57,0,57,0,57,0,57,0,57,5,57,10,57,0,57,0,57,0,57,9,57,0,57,0,57,0,57,1,57,0,57,0,57,0,57,0,57,0,57,0,57,0,57,0,57,0,57,0,57,0,57,0,57,0,57,0,57,0,57,0,57,0,57,0,57,0,57,0,57,0,57,0,57,0,57,0,57,0,57,0,57,0,57,0,57,0,57,0,57,0,57,0,57,0,57,0,57,0,57,0,57,0,57,0,57,0,57,0,57,0,57,0,57,0,57,0,57,0,57,0,57,0,57,0,57,0,57,0,57,0,57,0,57,0,57,0,57,0,57,0,57,0,57,0,57,0,57,0,57,0,57,0,57,0,57,0,57,0,57,0,57,0,57,0,57,0,57,0,57,0,57,0,57,3,57,0,57,0,57,0,57,0,57,0,57,0,57,0,57,0,57,0,57,0,57,0,57,0,57,0,57,0,57,0,57,0,57,0,57,0,57,0,57,0,57,0,57,0,57,0,57,0,57,0,57,0,57,0,57,0,57,0,57,0,57,0,57,0,57,0,57,0,57,0,57,0,57,0,57,0,57,0,57,0,57,0,57,0,57,0,57,0,57,0,57,0,57,0,57,0,57,0,57,0,57,0,57,0,57,0,57,0,57,0,57,0,57,0,57,0,57,0,57,0,57,0,57,0,57,0,57,0,57,0,57,0,57,0,57,0,57,0,57,0,57,0,57,0,57,0,57,0,57,0,57,0,57,0,57,0,57,0,57,0,57,0,57,0,57,0,57,0,57,0,57,0,57,0,57,0,57,0,57,0,57,0,57,0,57,0,57,0,57,0,57,0,57,0,57,0,57,0,57,0,57,0,57,0,57,0,57,0,57,0,57,0,57,0,57,0,57,0,57,0,57,0,57,0,57,0,57,0,57,0,57,0,57,0,57,0,57,0,57,0,57,0,57,0,57,0,57,0,57,0,57,0,57,0,57,0,57,0,57,0,57,0,57,0,57,0,57,0,57,0,57,0,57,0,57,0,57,0,57,0,57,0,57,0,57,0,57,0,57,0,57,0,57,0,57,0,57,0,57,0,57,0,57,0,57,0,57,0,57,0,57,0,57,0,57,0,57,0,57,0,57,0,57,0,57,0,57,0,57,0,57,0,57,0,57,0,57,0,57,0,57,0,57,0,57,0,57,0,57,0,57,0,57,0,57,0,57,0,57,0,57,0,57,0,57,0,57,0,57,0,57,0,57,0,57,0,57,0,57,0,57,0,57,0,57,0,57,0,57,0,57,0,57,0,57,0,57,0,57,0,57,0,57,0,57,0,57,0,57,0,57,0,57,0,57,0,57,0,57,0,57,0,57,0,57,0,57,0,57,0,57,0,57,0,57,0,57,0,57,0,57,0,57,0,57,0,57,0,57,0,57,0,57,0,57,0,57,0,57,0,57,0,57,0,57,0,57,0,57,0,57,0,57,0,57,0,57,0,57,0,57,0,57,0,57,0,57,0,57,0,57,0,57,0,57,0,57,0,57,0,57,0,57,0,57,0,57,0,57,0,57,0,57,0,57,0,57,0,57,0,57,0,57,0,57,0,57,0,57,0,57,0,57,0,57,0,57,0,57,0,57,0,57,0,57,0,57,0,57,0,57,0,57,0,57,0,57,0,57,0,57,0,57,0,57,0,57,0,57,0,57,0,57,0,57,0,57,0,57,0,57,0,57,0,57,0,57,0,57,0,57,0,57,0,57,0,57,0,57,0,57,0,57,0,57,0,57,0,57,0,57,0,57,0,57,0,57,0,57,0,57,0,57,0,57,0,57,0,57,0,57,0,57,0,57,0,57,0,57,0,57,0,57,0,57,0,57,0,57,0,57,0,57,0,57,0,57,0,57,0,57,0,57,0,57,0,57,0,57,0,57,0,57,0,57,0,57,0,57,0,57,0,57,0,57,0,57,0,57,0,57,0,57,0,57,0
,,58,0,58,0,58,0,58,0,58,0,58,0,58,0,58,0,58,0,58,0,58,0,58,0,58,0,58,0,58,0,58,0,58,0,58,0,58,0,58,0,58,0,58,0,58,0,58,0,58,0,58,0,58,0,58,0,58,0,58,0,58,0,58,0,58,0,58,0,58,0,58,0,58,0,58,0,58,0,58,0,58,0,58,0,58,0,58,0,58,0,58,0,58,0,58,0,58,0,58,0,58,0,58,0,58,0,58,0,58,0,58,0,58,0,58,0,58,0,58,0,58,0,58,0,58,0,58,0,58,0,58,0,58,0,58,0,58,0,58,0,58,0,58,0,58,0,58,0,58,0,58,0,58,0,58,0,58,0,58,0,58,0,58,0,58,0,58,0,58,0,58,0,58,0,58,0,58,0,58,0,58,0,58,0,58,0,58,0,58,0,58,0,58,0,58,0,58,0,58,0,58,0,58,0,58,0,58,0,58,0,58,0,58,0,58,0,58,0,58,0,58,0,58,0,58,0,58,0,58,0,58,0,58,0,58,0,58,3,58,0,58,0,58,0,58,5,58,0,58,0,58,0,58,0,58,0,58,0,58,0,58,0,58,0,58,0,58,0,58,0,58,0,58,0,58,0,58,0,58,0,58,0,58,0,58,0,58,0,58,0,58,0,58,0,58,0,58,0,58,0,58,0,58,0,58,0,58,0,58,0,58,0,58,0,58,0,58,0,58,0,58,0,58,0,58,0,58,0,58,0,58,0,58,0,58,0,58,0,58,0,58,0,58,0,58,0,58,0,58,0,58,0,58,0,58,0,58,0,58,0,58,0,58,0,58,0,58,0,58,0,58,0,58,0,58,0,58,0,58,0,58,0,58,0,58,0,58,0,58,0,58,8,58,13,58,0,58,0,58,11,58,0,58,0,58,0,58,0,58,0,58,0,58,0,58,0,58,0,58,0,58,0,58,0,58,0,58,0,58,0,58,0,58,0,58,0,58,0,58,0,58,0,58,0,58,0,58,0,58,0,58,0,58,0,58,0,58,0,58,0,58,0,58,0,58,0,58,0,58,0,58,0,58,0,58,0,58,0,58,0,58,0,58,0,58,0,58,0,58,0,58,0,58,0,58,0,58,0,58,0,58,0,58,0,58,0,58,0,58,0,58,0,58,0,58,0,58,0,58,0,58,0,58,0,58,0,58,0,58,0,58,0,58,0,58,0,58,0,58,0,58,0,58,0,58,0,58,0,58,0,58,0,58,0,58,0,58,0,58,0,58,0,58,0,58,0,58,0,58,0,58,0,58,0,58,0,58,0,58,0,58,0,58,0,58,0,58,0,58,0,58,0,58,0,58,0,58,0,58,0,58,0,58,0,58,0,58,0,58,0,58,0,58,0,58,0,58,0,58,0,58,0,58,0,58,0,58,0,58,0,58,0,58,0,58,0,58,0,58,0,58,0,58,0,58,0,58,0,58,0,58,0,58,0,58,0,58,0,58,0,58,0,58,0,58,0,58,0,58,0,58,0,58,0,58,0,58,0,58,0,58,0,58,0,58,0,58,0,58,0,58,0,58,0,58,0,58,0,58,0,58,0,58,0,58,0,58,0,58,0,58,0,58,0,58,0,58,0,58,0,58,0,58,0,58,0,58,0,58,0,58,0,58,0,58,0,58,0,58,0,58,0,58,0,58,0,58,0,58,0,58,0,58,0,58,0,58,0,58,0,58,0,58,0,58,0,58,0,58,0,58,0,58,0,58,0,58,0,58,0,58,0,58,0,58,0,58,0,58,0,58,0,58,0,58,0,58,0,58,0,58,0,58,0,58,0,58,0,58,0,58,0,58,0,58,0,58,0,58,0,58,0,58,0,58,0,58,0,58,0,58,0,58,0,58,0,58,0,58,0,58,0,58,0,58,0,58,0,58,0,58,0,58,0,58,0,58,0,58,0,58,0,58,0,58,0,58,0,58,0,58,0,58,0,58,0,58,0,58,0,58,0,58,0,58,0,58,0,58,0,58,0,58,0,58,0,58,0,58,0,58,0,58,0,58,0,58,0,58,0,58,0,58,0,58,0,58,0,58,0,58,0,58,0,58,0,58,0,58,0,58,0,58,0,58,0,58,0,58,0,58,0,58,0,58,0,58,0,58,0,58,0,58,0,58,0,58,0,58,0,58,0,58,0,58,0,58,0,58,0,58,0,58,0,58,0,58,0,58,0,58,0,58,0,58,0,58,0,58,0,58,0,58,0,58,0,58,0,58,0,58,0,58,0,58,0,58,0,58,0,58,0,58,0,58,0,58,0,58,0,58,0,58,0,58,0,58,0,58,0,58,0,58,0,58,0,58,0,58,0,58,0,58,0,58,0,58,0,58,0,58,0,58,0,58,0,58,0,58,0,58,0,58,0,58,0,58,0,58,0,58,0,58,0,58,0,58,0,58,0,58,0,58,0,58,0,58,0
,,59,0,59,0,59,0,59,0,59,0,59,0,59,0,59,0,59,0,59,0,59,0,59,0,59,0,59,0,59,0,59,0,59,0,59,0,59,0,59,0,59,0,59,0,59,0,59,0,59,0,59,0,59,0,59,0,59,0,59,0,59,0,59,0,59,0,59,0,59,0,59,0,59,0,59,0,59,0,59,0,59,0,59,0,59,0,59,0,59,0,59,0,59,0,59,0,59,0,59,0,59,0,59,0,59,0,59,0,59,0,59,0,59,0,59,0,59,0,59,0,59,0,59,0,59,0,59,0,59,0,59,0,59,0,59,0,59,0,59,0,59,0,59,0,59,0,59,0,59,0,59,0,59,0,59,0,59,0,59,0,59,0,59,0,59,0,59,0,59,0,59,0,59,0,59,0,59,0,59,0,59,0,59,0,59,0,59,0,59,0,59,0,59,0,59,0,59,0,59,0,59,0,59,0,59,0,59,0,59,0,59,0,59,0,59,0,59,0,59,0,59,0,59,0,59,0,59,2,59,11,59,0,59,0,59,0,59,2,59,0,59,0,59,0,59,1,59,0,59,0,59,0,59,0,59,0,59,0,59,0,59,0,59,0,59,0,59,0,59,0,59,0,59,0,59,0,59,0,59,0,59,0,59,0,59,0,59,0,59,0,59,0,59,0,59,0,59,0,59,0,59,0,59,0,59,0,59,0,59,0,59,0,59,0,59,0,59,0,59,0,59,0,59,0,59,0,59,0,59,0,59,0,59,0,59,0,59,0,59,0,59,0,59,0,59,0,59,0,59,0,59,0,59,0,59,0,59,0,59,0,59,0,59,0,59,0,59,0,59,0,59,0,59,0,59,0,59,0,59,0,59,0,59,0,59,0,59,0,59,0,59,13,59,0,59,0,59,1,59,0,59,0,59,0,59,0,59,0,59,0,59,0,59,0,59,0,59,0,59,0,59,0,59,0,59,0,59,0,59,0,59,0,59,0,59,0,59,0,59,0,59,0,59,0,59,0,59,0,59,0,59,0,59,0,59,0,59,0,59,0,59,0,59,0,59,0,59,0,59,0,59,0,59,0,59,0,59,0,59,0,59,0,59,0,59,0,59,0,59,0,59,0,59,0,59,0,59,0,59,0,59,0,59,0,59,0,59,0,59,0,59,0,59,0,59,0,59,0,59,0,59,0,59,0,59,0,59,1,59,0,59,0,59,0,59,0,59,0,59,0,59,0,59,0,59,0,59,0,59,0,59,0,59,0,59,0,59,0,59,0,59,0,59,0,59,0,59,0,59,0,59,0,59,0,59,0,59,0,59,0,59,0,59,0,59,0,59,0,59,0,59,0,59,0,59,0,59,0,59,0,59,0,59,0,59,0,59,0,59,0,59,0,59,0,59,0,59,0,59,0,59,0,59,0,59,0,59,0,59,0,59,0,59,0,59,0,59,0,59,0,59,0,59,0,59,0,59,0,59,0,59,0,59,0,59,0,59,0,59,0,59,0,59,0,59,0,59,0,59,0,59,0,59,0,59,0,59,0,59,0,59,0,59,0,59,0,59,0,59,0,59,0,59,0,59,0,59,0,59,0,59,0,59,0,59,0,59,0,59,0,59,0,59,0,59,0,59,0,59,0,59,0,59,0,59,0,59,0,59,0,59,0,59,0,59,0,59,0,59,0,59,0,59,0,59,0,59,0,59,0,59,0,59,0,59,0,59,0,59,0,59,0,59,0,59,0,59,0,59,0,59,0,59,0,59,0,59,0,59,0,59,0,59,0,59,0,59,0,59,0,59,0,59,0,59,0,59,0,59,0,59,0,59,0,59,0,59,0,59,0,59,0,59,0,59,0,59,0,59,0,59,0,59,0,59,0,59,0,59,0,59,0,59,0,59,0,59,0,59,0,59,0,59,0,59,0,59,0,59,0,59,0,59,0,59,0,59,0,59,0,59,0,59,0,59,0,59,0,59,0,59,0,59,0,59,0,59,0,59,0,59,0,59,0,59,0,59,0,59,0,59,0,59,0,59,0,59,0,59,0,59,0,59,0,59,0,59,0,59,0,59,0,59,0,59,0,59,0,59,0,59,0,59,0,59,0,59,0,59,0,59,0,59,0,59,0,59,0,59,0,59,0,59,0,59,0,59,0,59,0,59,0,59,0,59,0,59,0,59,0,59,0,59,0,59,0,59,0,59,0,59,0,59,0,59,0,59,0,59,0,59,0,59,0,59,0,59,0,59,0,59,0,59,0,59,0,59,0,59,0,59,0,59,0,59,0,59,0,59,0,59,0,59,0,59,0,59,0,59,0,59,0,59,0,59,0,59,0,59,0,59,0,59,0,59,0,59,0,59,0,59,0,59,0,59,0,59,0,59,0,59,0,59,0,59,0,59,0,59,0,59,0,59,0,59,0,59,0,59,0,59,0,59,0,59,0,59,0,59,0,59,0,59,0,59,0,59,0
,,60,0,60,0,60,0,60,0,60,0,60,0,60,0,60,0,60,0,60,0,60,0,60,0,60,0,60,0,60,0,60,0,60,0,60,0,60,0,60,0,60,0,60,0,60,0,60,0,60,0,60,0,60,0,60,0,60,0,60,0,60,0,60,0,60,0,60,0,60,0,60,0,60,0,60,0,60,0,60,0,60,0,60,0,60,0,60,0,60,0,60,0,60,0,60,0,60,0,60,0,60,0,60,0,60,0,60,0,60,0,60,0,60,0,60,0,60,0,60,0,60,0,60,0,60,0,60,0,60,0,60,0,60,0,60,0,60,0,60,0,60,0,60,0,60,0,60,0,60,0,60,0,60,0,60,0,60,0,60,0,60,0,60,0,60,0,60,0,60,0,60,0,60,0,60,0,60,0,60,0,60,0,60,0,60,0,60,0,60,0,60,0,60,0,60,0,60,0,60,0,60,0,60,0,60,0,60,0,60,0,60,0,60,0,60,0,60,0,60,0,60,0,60,0,60,0,60,0,60,0,60,0,60,0,60,0,60,0,60,3,60,0,60,0,60,8,60,0,60,1,60,0,60,0,60,0,60,0,60,0,60,0,60,0,60,0,60,0,60,0,60,0,60,0,60,0,60,0,60,0,60,0,60,0,60,0,60,0,60,0,60,0,60,0,60,0,60,0,60,0,60,0,60,0,60,0,60,0,60,0,60,0,60,0,60,0,60,0,60,0,60,0,60,0,60,0,60,0,60,0,60,0,60,0,60,0,60,0,60,0,60,0,60,0,60,0,60,0,60,0,60,0,60,0,60,0,60,0,60,0,60,0,60,0,60,0,60,0,60,0,60,0,60,0,60,0,60,0,60,0,60,0,60,0,60,0,60,0,60,0,60,6,60,18,60,0,60,0,60,5,60,0,60,0,60,0,60,0,60,0,60,0,60,0,60,0,60,0,60,0,60,0,60,0,60,0,60,0,60,0,60,0,60,0,60,0,60,0,60,0,60,0,60,0,60,0,60,0,60,0,60,0,60,0,60,0,60,0,60,0,60,0,60,0,60,0,60,0,60,0,60,0,60,0,60,0,60,0,60,0,60,0,60,0,60,0,60,0,60,0,60,0,60,0,60,0,60,0,60,0,60,0,60,0,60,0,60,0,60,0,60,0,60,0,60,0,60,0,60,0,60,0,60,0,60,0,60,0,60,0,60,0,60,0,60,0,60,0,60,0,60,0,60,0,60,0,60,0,60,0,60,0,60,0,60,0,60,0,60,0,60,0,60,0,60,0,60,0,60,0,60,0,60,0,60,0,60,0,60,0,60,0,60,0,60,0,60,0,60,0,60,0,60,0,60,0,60,0,60,0,60,0,60,0,60,0,60,0,60,0,60,0,60,0,60,0,60,0,60,0,60,0,60,0,60,0,60,0,60,0,60,0,60,0,60,0,60,0,60,0,60,0,60,0,60,0,60,0,60,0,60,0,60,0,60,0,60,0,60,0,60,0,60,0,60,0,60,0,60,0,60,0,60,0,60,0,60,0,60,0,60,0,60,0,60,0,60,0,60,0,60,0,60,0,60,0,60,0,60,0,60,0,60,0,60,0,60,0,60,0,60,0,60,0,60,0,60,0,60,0,60,0,60,0,60,0,60,0,60,0,60,0,60,0,60,0,60,0,60,0,60,0,60,0,60,0,60,0,60,0,60,0,60,0,60,0,60,0,60,0,60,0,60,0,60,0,60,0,60,0,60,0,60,0,60,0,60,0,60,0,60,0,60,0,60,0,60,0,60,0,60,0,60,0,60,0,60,0,60,0,60,0,60,0,60,0,60,0,60,0,60,0,60,0,60,0,60,0,60,0,60,0,60,0,60,0,60,0,60,0,60,0,60,0,60,0,60,0,60,0,60,0,60,0,60,0,60,0,60,0,60,0,60,0,60,0,60,0,60,0,60,0,60,0,60,0,60,0,60,0,60,0,60,0,60,0,60,0,60,0,60,0,60,0,60,0,60,0,60,0,60,0,60,0,60,0,60,0,60,0,60,0,60,0,60,0,60,0,60,0,60,0,60,0,60,0,60,0,60,0,60,0,60,0,60,0,60,0,60,0,60,0,60,0,60,0,60,0,60,0,60,0,60,0,60,0,60,0,60,0,60,0,60,0,60,0,60,0,60,0,60,0,60,0,60,0,60,0,60,0,60,0,60,0,60,0,60,0,60,0,60,0,60,0,60,0,60,0,60,0,60,0,60,0,60,0,60,0,60,0,60,0,60,0,60,0,60,0,60,0,60,0,60,0,60,0,60,0,60,0,60,0,60,0,60,0,60,0,60,0,60,0,60,0,60,0,60,0,60,0,60,0,60,0,60,0,60,0,60,0,60,0,60,0,60,0,60,0,60,0,60,0,60,0,60,0,60,0,60,0,60,0,60,0,60,0,60,0,60,0,60,0,60,0,60,0,60,0
,,61,0,61,0,61,0,61,0,61,0,61,0,61,0,61,0,61,0,61,0,61,0,61,0,61,0,61,0,61,0,61,0,61,0,61,0,61,0,61,0,61,0,61,0,61,0,61,0,61,0,61,0,61,0,61,0,61,0,61,0,61,0,61,0,61,0,61,0,61,0,61,0,61,0,61,0,61,0,61,0,61,0,61,0,61,0,61,0,61,0,61,0,61,0,61,0,61,0,61,0,61,0,61,0,61,0,61,0,61,0,61,0,61,0,61,0,61,0,61,0,61,0,61,0,61,0,61,0,61,0,61,0,61,0,61,0,61,0,61,0,61,0,61,0,61,0,61,0,61,0,61,0,61,0,61,0,61,0,61,0,61,0,61,0,61,0,61,0,61,0,61,0,61,0,61,0,61,0,61,0,61,0,61,0,61,0,61,0,61,0,61,0,61,0,61,0,61,0,61,0,61,0,61,0,61,0,61,0,61,0,61,0,61,0,61,0,61,0,61,0,61,0,61,0,61,0,61,0,61,0,61,0,61,0,61,0,61,2,61,5,61,0,61,0,61,9,61,0,61,0,61,0,61,0,61,0,61,0,61,0,61,0,61,0,61,0,61,0,61,0,61,0,61,0,61,0,61,0,61,0,61,0,61,0,61,0,61,0,61,0,61,0,61,0,61,0,61,0,61,0,61,0,61,0,61,0,61,0,61,0,61,0,61,0,61,0,61,0,61,0,61,0,61,0,61,0,61,0,61,0,61,0,61,0,61,0,61,0,61,0,61,0,61,0,61,0,61,0,61,0,61,0,61,0,61,0,61,0,61,0,61,0,61,0,61,0,61,0,61,0,61,0,61,0,61,0,61,0,61,0,61,0,61,0,61,0,61,0,61,0,61,4,61,13,61,0,61,0,61,8,61,0,61,0,61,0,61,0,61,0,61,0,61,0,61,0,61,0,61,0,61,0,61,0,61,0,61,0,61,0,61,0,61,0,61,0,61,0,61,0,61,0,61,0,61,0,61,0,61,0,61,0,61,0,61,0,61,0,61,0,61,0,61,0,61,0,61,0,61,0,61,0,61,0,61,0,61,0,61,0,61,0,61,0,61,0,61,0,61,0,61,0,61,0,61,0,61,0,61,0,61,0,61,0,61,0,61,0,61,0,61,0,61,0,61,0,61,0,61,0,61,0,61,0,61,0,61,0,61,0,61,0,61,0,61,0,61,0,61,0,61,0,61,0,61,0,61,0,61,0,61,0,61,0,61,0,61,0,61,0,61,0,61,0,61,0,61,0,61,0,61,0,61,0,61,0,61,0,61,0,61,0,61,0,61,0,61,0,61,0,61,0,61,0,61,0,61,0,61,0,61,0,61,0,61,0,61,0,61,0,61,0,61,0,61,0,61,0,61,0,61,0,61,0,61,0,61,0,61,0,61,0,61,0,61,0,61,0,61,0,61,0,61,0,61,0,61,0,61,0,61,0,61,0,61,0,61,0,61,0,61,0,61,0,61,0,61,0,61,0,61,0,61,0,61,0,61,0,61,0,61,0,61,0,61,0,61,0,61,0,61,0,61,0,61,0,61,0,61,0,61,0,61,0,61,0,61,0,61,0,61,0,61,0,61,0,61,0,61,0,61,0,61,0,61,0,61,0,61,0,61,0,61,0,61,0,61,0,61,0,61,0,61,0,61,0,61,0,61,0,61,0,61,0,61,0,61,0,61,0,61,0,61,0,61,0,61,0,61,0,61,0,61,0,61,0,61,0,61,0,61,0,61,0,61,0,61,0,61,0,61,0,61,0,61,0,61,0,61,0,61,0,61,0,61,0,61,0,61,0,61,0,61,0,61,0,61,0,61,0,61,0,61,0,61,0,61,0,61,0,61,0,61,0,61,0,61,0,61,0,61,0,61,0,61,0,61,0,61,0,61,0,61,0,61,0,61,0,61,0,61,0,61,0,61,0,61,0,61,0,61,0,61,0,61,0,61,0,61,0,61,0,61,0,61,0,61,0,61,0,61,0,61,0,61,0,61,0,61,0,61,0,61,0,61,0,61,0,61,0,61,0,61,0,61,0,61,0,61,0,61,0,61,0,61,0,61,0,61,0,61,0,61,0,61,0,61,0,61,0,61,0,61,0,61,0,61,0,61,0,61,0,61,0,61,0,61,0,61,0,61,0,61,0,61,0,61,0,61,0,61,0,61,0,61,0,61,0,61,0,61,0,61,0,61,0,61,0,61,0,61,0,61,0,61,0,61,0,61,0,61,0,61,0,61,0,61,0,61,0,61,0,61,0,61,0,61,0,61,0,61,0,61,0,61,0,61,0,61,0,61,0,61,0,61,0,61,0,61,0,61,0,61,0,61,0,61,0,61,0,61,0,61,0,61,0,61,0,61,0,61,0,61,0,61,0,61,0,61,0,61,0,61,0,61,0,61,0,61,0,61,0,61,0,61,0,61,0
,,62,0,62,0,62,0,62,0,62,0,62,0,62,0,62,0,62,0,62,0,62,0,62,0,62,0,62,0,62,0,62,0,62,0,62,0,62,0,62,0,62,0,62,0,62,0,62,0,62,0,62,0,62,0,62,0,62,0,62,0,62,0,62,0,62,0,62,0,62,0,62,0,62,0,62,0,62,0,62,0,62,0,62,0,62,0,62,0,62,0,62,0,62,0,62,0,62,0,62,0,62,0,62,0,62,0,62,0,62,0,62,0,62,0,62,0,62,0,62,0,62,0,62,0,62,0,62,0,62,0,62,0,62,0,62,0,62,0,62,0,62,0,62,0,62,0,62,0,62,0,62,0,62,0,62,0,62,0,62,0,62,0,62,0,62,0,62,0,62,0,62,0,62,0,62,0,62,0,62,0,62,0,62,0,62,0,62,0,62,0,62,0,62,0,62,0,62,0,62,0,62,0,62,0,62,0,62,0,62,0,62,0,62,0,62,0,62,0,62,0,62,0,62,0,62,0,62,0,62,0,62,0,62,0,62,0,62,2,62,1,62,0,62,0,62,3,62,0,62,0,62,0,62,0,62,0,62,0,62,0,62,0,62,0,62,0,62,0,62,0,62,0,62,0,62,0,62,0,62,0,62,0,62,0,62,0,62,0,62,0,62,0,62,0,62,0,62,0,62,0,62,0,62,0,62,0,62,0,62,0,62,0,62,0,62,0,62,0,62,0,62,0,62,0,62,0,62,0,62,0,62,0,62,0,62,0,62,0,62,0,62,0,62,0,62,0,62,0,62,0,62,0,62,0,62,0,62,0,62,0,62,0,62,0,62,0,62,0,62,0,62,0,62,0,62,0,62,0,62,0,62,0,62,0,62,0,62,0,62,0,62,5,62,17,62,0,62,0,62,13,62,0,62,0,62,0,62,0,62,0,62,0,62,0,62,0,62,0,62,0,62,0,62,0,62,0,62,0,62,0,62,0,62,0,62,0,62,0,62,0,62,0,62,0,62,0,62,0,62,0,62,0,62,0,62,0,62,0,62,0,62,0,62,0,62,0,62,0,62,0,62,0,62,0,62,0,62,0,62,0,62,0,62,0,62,0,62,0,62,0,62,0,62,0,62,0,62,0,62,0,62,0,62,0,62,0,62,0,62,0,62,0,62,0,62,0,62,0,62,0,62,0,62,0,62,0,62,0,62,0,62,0,62,0,62,0,62,0,62,0,62,0,62,0,62,0,62,0,62,0,62,0,62,0,62,0,62,0,62,0,62,0,62,0,62,0,62,0,62,0,62,0,62,0,62,0,62,0,62,0,62,0,62,0,62,0,62,0,62,0,62,0,62,0,62,0,62,0,62,0,62,0,62,0,62,0,62,0,62,0,62,0,62,0,62,0,62,0,62,0,62,0,62,0,62,0,62,0,62,0,62,0,62,0,62,0,62,0,62,0,62,0,62,0,62,0,62,0,62,0,62,0,62,0,62,0,62,0,62,0,62,0,62,0,62,0,62,0,62,0,62,0,62,0,62,0,62,0,62,0,62,0,62,0,62,0,62,0,62,0,62,0,62,0,62,0,62,0,62,0,62,0,62,0,62,0,62,0,62,0,62,0,62,0,62,0,62,0,62,0,62,0,62,0,62,0,62,0,62,0,62,0,62,0,62,0,62,0,62,0,62,0,62,0,62,0,62,0,62,0,62,0,62,0,62,0,62,0,62,0,62,0,62,0,62,0,62,0,62,0,62,0,62,0,62,0,62,0,62,0,62,0,62,0,62,0,62,0,62,0,62,0,62,0,62,0,62,0,62,0,62,0,62,0,62,0,62,0,62,0,62,0,62,0,62,0,62,0,62,0,62,0,62,0,62,0,62,0,62,0,62,0,62,0,62,0,62,0,62,0,62,0,62,0,62,0,62,0,62,0,62,0,62,0,62,0,62,0,62,0,62,0,62,0,62,0,62,0,62,0,62,0,62,0,62,0,62,0,62,0,62,0,62,0,62,0,62,0,62,0,62,0,62,0,62,0,62,0,62,0,62,0,62,0,62,0,62,0,62,0,62,0,62,0,62,0,62,0,62,0,62,0,62,0,62,0,62,0,62,0,62,0,62,0,62,0,62,0,62,0,62,0,62,0,62,0,62,0,62,0,62,0,62,0,62,0,62,0,62,0,62,0,62,0,62,0,62,0,62,0,62,0,62,0,62,0,62,0,62,0,62,0,62,0,62,0,62,0,62,0,62,0,62,0,62,0,62,0,62,0,62,0,62,0,62,0,62,0,62,0,62,0,62,0,62,0,62,0,62,0,62,0,62,0,62,0,62,0,62,0,62,0,62,0,62,0,62,0,62,0,62,0,62,0,62,0,62,0,62,0,62,0,62,0,62,0,62,0,62,0,62,0,62,0,62,0,62,0,62,0,62,0,62,0,62,0,62,0,62,0,62,0,62,0,62,0,62,0
,,63,0,63,0,63,0,63,0,63,0,63,0,63,0,63,0,63,0,63,0,63,0,63,0,63,0,63,0,63,0,63,0,63,0,63,0,63,0,63,0,63,0,63,0,63,0,63,0,63,0,63,0,63,0,63,0,63,0,63,0,63,0,63,0,63,0,63,0,63,0,63,0,63,0,63,0,63,0,63,0,63,0,63,0,63,0,63,0,63,0,63,0,63,0,63,0,63,0,63,0,63,0,63,0,63,0,63,0,63,0,63,0,63,0,63,0,63,0,63,0,63,0,63,0,63,0,63,0,63,0,63,0,63,0,63,0,63,0,63,0,63,0,63,0,63,0,63,0,63,0,63,0,63,0,63,0,63,0,63,0,63,0,63,0,63,0,63,0,63,0,63,0,63,0,63,0,63,0,63,0,63,0,63,0,63,0,63,0,63,0,63,0,63,0,63,0,63,0,63,0,63,0,63,0,63,0,63,0,63,0,63,0,63,0,63,0,63,0,63,0,63,0,63,0,63,0,63,0,63,0,63,0,63,0,63,0,63,6,63,8,63,0,63,0,63,5,63,0,63,0,63,0,63,0,63,0,63,0,63,0,63,0,63,0,63,0,63,0,63,0,63,0,63,0,63,0,63,0,63,0,63,0,63,0,63,0,63,0,63,0,63,0,63,0,63,0,63,0,63,0,63,0,63,0,63,0,63,0,63,0,63,0,63,0,63,0,63,0,63,0,63,0,63,0,63,0,63,0,63,0,63,0,63,0,63,0,63,0,63,0,63,0,63,0,63,0,63,0,63,0,63,0,63,0,63,0,63,0,63,0,63,0,63,0,63,0,63,0,63,0,63,0,63,0,63,0,63,0,63,0,63,0,63,0,63,0,63,0,63,0,63,1,63,3,63,0,63,0,63,12,63,0,63,0,63,0,63,0,63,0,63,0,63,0,63,0,63,0,63,0,63,0,63,0,63,0,63,0,63,0,63,0,63,0,63,0,63,0,63,0,63,0,63,0,63,0,63,0,63,0,63,0,63,0,63,0,63,0,63,0,63,0,63,0,63,0,63,0,63,0,63,0,63,0,63,0,63,0,63,0,63,0,63,0,63,0,63,0,63,0,63,0,63,0,63,0,63,0,63,0,63,0,63,0,63,0,63,0,63,0,63,0,63,0,63,0,63,0,63,0,63,0,63,0,63,0,63,0,63,0,63,0,63,0,63,0,63,0,63,0,63,0,63,0,63,0,63,0,63,0,63,0,63,0,63,0,63,0,63,0,63,0,63,0,63,0,63,0,63,0,63,0,63,0,63,0,63,0,63,0,63,0,63,0,63,0,63,0,63,0,63,0,63,0,63,0,63,0,63,0,63,0,63,0,63,0,63,0,63,0,63,0,63,0,63,0,63,0,63,0,63,0,63,0,63,0,63,0,63,0,63,0,63,0,63,0,63,0,63,0,63,0,63,0,63,0,63,0,63,0,63,0,63,0,63,0,63,0,63,0,63,0,63,0,63,0,63,0,63,0,63,0,63,0,63,0,63,0,63,0,63,0,63,0,63,0,63,0,63,0,63,0,63,0,63,0,63,0,63,0,63,0,63,0,63,0,63,0,63,0,63,0,63,0,63,0,63,0,63,0,63,0,63,0,63,0,63,0,63,0,63,0,63,0,63,0,63,0,63,0,63,0,63,0,63,0,63,0,63,0,63,0,63,0,63,0,63,0,63,0,63,0,63,0,63,0,63,0,63,0,63,0,63,0,63,0,63,0,63,0,63,0,63,0,63,0,63,0,63,0,63,0,63,0,63,0,63,0,63,0,63,0,63,0,63,0,63,0,63,0,63,0,63,0,63,0,63,0,63,0,63,0,63,0,63,0,63,0,63,0,63,0,63,0,63,0,63,0,63,0,63,0,63,0,63,0,63,0,63,0,63,0,63,0,63,0,63,0,63,0,63,0,63,0,63,0,63,0,63,0,63,0,63,0,63,0,63,0,63,0,63,0,63,0,63,0,63,0,63,0,63,0,63,0,63,0,63,0,63,0,63,0,63,0,63,0,63,0,63,0,63,0,63,0,63,0,63,0,63,0,63,0,63,0,63,0,63,0,63,0,63,0,63,0,63,0,63,0,63,0,63,0,63,0,63,0,63,0,63,0,63,0,63,0,63,0,63,0,63,0,63,0,63,0,63,0,63,0,63,0,63,0,63,0,63,0,63,0,63,0,63,0,63,0,63,0,63,0,63,0,63,0,63,0,63,0,63,0,63,0,63,0,63,0,63,0,63,0,63,0,63,0,63,0,63,0,63,0,63,0,63,0,63,0,63,0,63,0,63,0,63,0,63,0,63,0,63,0,63,0,63,0,63,0,63,0,63,0,63,0,63,0,63,0,63,0,63,0,63,0,63,0,63,0,63,0,63,0,63,0,63,0,63,0,63,0,63,0,63,0,63,0,63,0,63,0,63,0
,,64,0,64,0,64,0,64,0,64,0,64,0,64,0,64,0,64,0,64,0,64,0,64,0,64,0,64,0,64,0,64,0,64,0,64,0,64,0,64,0,64,0,64,0,64,0,64,0,64,0,64,0,64,0,64,0,64,0,64,0,64,0,64,0,64,0,64,0,64,0,64,0,64,0,64,0,64,0,64,0,64,0,64,0,64,0,64,0,64,0,64,0,64,0,64,0,64,0,64,0,64,0,64,0,64,0,64,0,64,0,64,0,64,0,64,0,64,0,64,0,64,0,64,0,64,0,64,0,64,0,64,0,64,0,64,0,64,0,64,0,64,0,64,0,64,0,64,0,64,0,64,0,64,0,64,0,64,0,64,0,64,0,64,0,64,0,64,0,64,0,64,0,64,0,64,0,64,0,64,0,64,0,64,0,64,0,64,0,64,0,64,0,64,0,64,0,64,0,64,0,64,0,64,0,64,0,64,0,64,0,64,0,64,0,64,0,64,0,64,0,64,0,64,0,64,0,64,0,64,0,64,0,64,0,64,0,64,2,64,6,64,0,64,0,64,6,64,0,64,0,64,0,64,0,64,0,64,0,64,0,64,0,64,0,64,0,64,0,64,0,64,0,64,0,64,0,64,0,64,0,64,0,64,0,64,0,64,0,64,0,64,0,64,0,64,0,64,0,64,0,64,0,64,0,64,0,64,0,64,0,64,0,64,0,64,0,64,0,64,0,64,0,64,0,64,0,64,0,64,0,64,0,64,0,64,0,64,0,64,0,64,0,64,0,64,0,64,0,64,0,64,0,64,0,64,0,64,0,64,0,64,0,64,0,64,0,64,0,64,0,64,0,64,0,64,0,64,0,64,0,64,0,64,0,64,0,64,0,64,0,64,3,64,14,64,0,64,0,64,10,64,0,64,0,64,0,64,0,64,0,64,0,64,0,64,0,64,0,64,0,64,0,64,0,64,0,64,0,64,0,64,0,64,0,64,0,64,0,64,0,64,0,64,0,64,0,64,0,64,0,64,0,64,0,64,0,64,0,64,0,64,0,64,0,64,0,64,0,64,0,64,0,64,0,64,0,64,0,64,0,64,0,64,0,64,0,64,0,64,0,64,0,64,0,64,0,64,0,64,0,64,0,64,0,64,0,64,0,64,0,64,0,64,0,64,0,64,0,64,0,64,0,64,0,64,0,64,0,64,0,64,0,64,0,64,0,64,0,64,0,64,0,64,0,64,0,64,0,64,0,64,0,64,0,64,0,64,0,64,0,64,0,64,0,64,0,64,0,64,0,64,0,64,0,64,0,64,0,64,0,64,0,64,0,64,0,64,0,64,0,64,0,64,0,64,0,64,0,64,0,64,0,64,0,64,0,64,0,64,0,64,0,64,0,64,0,64,0,64,0,64,0,64,0,64,0,64,0,64,0,64,0,64,0,64,0,64,0,64,0,64,0,64,0,64,0,64,0,64,0,64,0,64,0,64,0,64,0,64,0,64,0,64,0,64,0,64,0,64,0,64,0,64,0,64,0,64,0,64,0,64,0,64,0,64,0,64,0,64,0,64,0,64,0,64,0,64,0,64,0,64,0,64,0,64,0,64,0,64,0,64,0,64,0,64,0,64,0,64,0,64,0,64,0,64,0,64,0,64,0,64,0,64,0,64,0,64,0,64,0,64,0,64,0,64,0,64,0,64,0,64,0,64,0,64,0,64,0,64,0,64,0,64,0,64,0,64,0,64,0,64,0,64,0,64,0,64,0,64,0,64,0,64,0,64,0,64,0,64,0,64,0,64,0,64,0,64,0,64,0,64,0,64,0,64,0,64,0,64,0,64,0,64,0,64,0,64,0,64,0,64,0,64,0,64,0,64,0,64,0,64,0,64,0,64,0,64,0,64,0,64,0,64,0,64,0,64,0,64,0,64,0,64,0,64,0,64,0,64,0,64,0,64,0,64,0,64,0,64,0,64,0,64,0,64,0,64,0,64,0,64,0,64,0,64,0,64,0,64,0,64,0,64,0,64,0,64,0,64,0,64,0,64,0,64,0,64,0,64,0,64,0,64,0,64,0,64,0,64,0,64,0,64,0,64,0,64,0,64,0,64,0,64,0,64,0,64,0,64,0,64,0,64,0,64,0,64,0,64,0,64,0,64,0,64,0,64,0,64,0,64,0,64,0,64,0,64,0,64,0,64,0,64,0,64,0,64,0,64,0,64,0,64,0,64,0,64,0,64,0,64,0,64,0,64,0,64,0,64,0,64,0,64,0,64,0,64,0,64,0,64,0,64,0,64,0,64,0,64,0,64,0,64,0,64,0,64,0,64,0,64,0,64,0,64,0,64,0,64,0,64,0,64,0,64,0,64,0,64,0,64,0,64,0,64,0,64,0,64,0,64,0,64,0,64,0,64,0,64,0,64,0,64,0,64,0,64,0,64,0,64,0,64,0,64,0,64,0
,,65,0,65,0,65,0,65,0,65,0,65,0,65,0,65,0,65,0,65,0,65,0,65,0,65,0,65,0,65,0,65,0,65,0,65,0,65,0,65,0,65,0,65,0,65,0,65,0,65,0,65,0,65,0,65,0,65,0,65,0,65,0,65,0,65,0,65,0,65,0,65,0,65,0,65,0,65,0,65,0,65,0,65,0,65,0,65,0,65,0,65,0,65,0,65,0,65,0,65,0,65,0,65,0,65,0,65,0,65,0,65,0,65,0,65,0,65,0,65,0,65,0,65,0,65,0,65,0,65,0,65,0,65,0,65,0,65,0,65,0,65,0,65,0,65,0,65,0,65,0,65,0,65,0,65,0,65,0,65,0,65,0,65,0,65,0,65,0,65,0,65,0,65,0,65,0,65,0,65,0,65,0,65,0,65,0,65,0,65,0,65,0,65,0,65,0,65,0,65,0,65,0,65,0,65,0,65,0,65,0,65,0,65,0,65,0,65,0,65,0,65,0,65,0,65,0,65,0,65,0,65,0,65,0,65,0,65,2,65,2,65,0,65,0,65,3,65,0,65,0,65,0,65,0,65,0,65,0,65,0,65,0,65,0,65,0,65,0,65,0,65,0,65,0,65,0,65,0,65,0,65,0,65,0,65,0,65,0,65,0,65,0,65,0,65,0,65,0,65,0,65,0,65,0,65,0,65,0,65,0,65,0,65,0,65,0,65,0,65,0,65,0,65,0,65,0,65,0,65,0,65,0,65,0,65,0,65,0,65,0,65,0,65,0,65,0,65,0,65,0,65,0,65,0,65,0,65,0,65,0,65,0,65,0,65,0,65,0,65,0,65,0,65,0,65,0,65,0,65,0,65,0,65,0,65,0,65,0,65,0,65,5,65,15,65,0,65,0,65,11,65,0,65,0,65,0,65,0,65,0,65,0,65,0,65,0,65,0,65,0,65,0,65,0,65,0,65,0,65,0,65,0,65,0,65,0,65,0,65,0,65,0,65,0,65,0,65,0,65,0,65,0,65,0,65,0,65,0,65,0,65,0,65,0,65,0,65,0,65,0,65,0,65,0,65,0,65,0,65,0,65,0,65,0,65,0,65,0,65,0,65,0,65,0,65,0,65,0,65,0,65,0,65,0,65,0,65,0,65,0,65,0,65,0,65,0,65,0,65,0,65,0,65,0,65,0,65,0,65,0,65,0,65,0,65,0,65,0,65,0,65,0,65,0,65,0,65,0,65,0,65,0,65,0,65,0,65,0,65,0,65,0,65,0,65,0,65,0,65,0,65,0,65,0,65,0,65,0,65,0,65,0,65,0,65,0,65,0,65,0,65,0,65,0,65,0,65,0,65,0,65,0,65,0,65,0,65,0,65,0,65,0,65,0,65,0,65,0,65,0,65,0,65,0,65,0,65,0,65,0,65,0,65,0,65,0,65,0,65,0,65,0,65,0,65,0,65,0,65,0,65,0,65,0,65,0,65,0,65,0,65,0,65,0,65,0,65,0,65,0,65,0,65,0,65,0,65,0,65,0,65,0,65,0,65,0,65,0,65,0,65,0,65,0,65,0,65,0,65,0,65,0,65,0,65,0,65,0,65,0,65,0,65,0,65,0,65,0,65,0,65,0,65,0,65,0,65,0,65,0,65,0,65,0,65,0,65,0,65,0,65,0,65,0,65,0,65,0,65,0,65,0,65,0,65,0,65,0,65,0,65,0,65,0,65,0,65,0,65,0,65,0,65,0,65,0,65,0,65,0,65,0,65,0,65,0,65,0,65,0,65,0,65,0,65,0,65,0,65,0,65,0,65,0,65,0,65,0,65,0,65,0,65,0,65,0,65,0,65,0,65,0,65,0,65,0,65,0,65,0,65,0,65,0,65,0,65,0,65,0,65,0,65,0,65,0,65,0,65,0,65,0,65,0,65,0,65,0,65,0,65,0,65,0,65,0,65,0,65,0,65,0,65,0,65,0,65,0,65,0,65,0,65,0,65,0,65,0,65,0,65,0,65,0,65,0,65,0,65,0,65,0,65,0,65,0,65,0,65,0,65,0,65,0,65,0,65,0,65,0,65,0,65,0,65,0,65,0,65,0,65,0,65,0,65,0,65,0,65,0,65,0,65,0,65,0,65,0,65,0,65,0,65,0,65,0,65,0,65,0,65,0,65,0,65,0,65,0,65,0,65,0,65,0,65,0,65,0,65,0,65,0,65,0,65,0,65,0,65,0,65,0,65,0,65,0,65,0,65,0,65,0,65,0,65,0,65,0,65,0,65,0,65,0,65,0,65,0,65,0,65,0,65,0,65,0,65,0,65,0,65,0,65,0,65,0,65,0,65,0,65,0,65,0,65,0,65,0,65,0,65,0,65,0,65,0,65,0,65,0,65,0,65,0,65,0,65,0,65,0,65,0,65,0,65,0,65,0,65,0,65,0,65,0,65,0,65,0
,,66,0,66,0,66,0,66,0,66,0,66,0,66,0,66,0,66,0,66,0,66,0,66,0,66,0,66,0,66,0,66,0,66,0,66,0,66,0,66,0,66,0,66,0,66,0,66,0,66,0,66,0,66,0,66,0,66,0,66,0,66,0,66,0,66,0,66,0,66,0,66,0,66,0,66,0,66,0,66,0,66,0,66,0,66,0,66,0,66,0,66,0,66,0,66,0,66,0,66,0,66,0,66,0,66,0,66,0,66,0,66,0,66,0,66,0,66,0,66,0,66,0,66,0,66,0,66,0,66,0,66,0,66,0,66,0,66,0,66,0,66,0,66,0,66,0,66,0,66,0,66,0,66,0,66,0,66,0,66,0,66,0,66,0,66,0,66,0,66,0,66,0,66,0,66,0,66,0,66,0,66,0,66,0,66,0,66,0,66,0,66,0,66,0,66,0,66,0,66,0,66,0,66,0,66,0,66,0,66,0,66,0,66,0,66,0,66,0,66,0,66,0,66,0,66,0,66,0,66,0,66,0,66,0,66,0,66,3,66,5,66,0,66,0,66,7,66,0,66,0,66,0,66,0,66,0,66,0,66,0,66,0,66,0,66,0,66,0,66,0,66,0,66,0,66,0,66,0,66,0,66,0,66,0,66,0,66,0,66,0,66,0,66,0,66,0,66,0,66,0,66,0,66,0,66,0,66,0,66,0,66,0,66,0,66,0,66,0,66,0,66,0,66,0,66,0,66,0,66,0,66,0,66,0,66,0,66,0,66,0,66,0,66,0,66,0,66,0,66,0,66,0,66,0,66,0,66,0,66,0,66,0,66,0,66,0,66,0,66,0,66,0,66,0,66,0,66,0,66,0,66,0,66,0,66,0,66,0,66,0,66,4,66,9,66,0,66,0,66,8,66,0,66,0,66,0,66,0,66,0,66,0,66,0,66,0,66,0,66,0,66,0,66,0,66,0,66,0,66,0,66,0,66,0,66,0,66,0,66,0,66,0,66,0,66,0,66,0,66,0,66,0,66,0,66,0,66,0,66,0,66,0,66,0,66,0,66,0,66,0,66,0,66,0,66,0,66,0,66,0,66,0,66,0,66,0,66,0,66,0,66,0,66,0,66,0,66,0,66,0,66,0,66,0,66,0,66,0,66,0,66,0,66,0,66,0,66,0,66,0,66,0,66,0,66,0,66,0,66,0,66,0,66,0,66,0,66,0,66,0,66,0,66,0,66,0,66,0,66,0,66,0,66,0,66,0,66,0,66,0,66,0,66,0,66,0,66,0,66,0,66,0,66,0,66,0,66,0,66,0,66,0,66,0,66,0,66,0,66,0,66,0,66,0,66,0,66,0,66,0,66,0,66,0,66,0,66,0,66,0,66,0,66,0,66,0,66,0,66,0,66,0,66,0,66,0,66,0,66,0,66,0,66,0,66,0,66,0,66,0,66,0,66,0,66,0,66,0,66,0,66,0,66,0,66,0,66,0,66,0,66,0,66,0,66,0,66,0,66,0,66,0,66,0,66,0,66,0,66,0,66,0,66,0,66,0,66,0,66,0,66,0,66,0,66,0,66,0,66,0,66,0,66,0,66,0,66,0,66,0,66,0,66,0,66,0,66,0,66,0,66,0,66,0,66,0,66,0,66,0,66,0,66,0,66,0,66,0,66,0,66,0,66,0,66,0,66,0,66,0,66,0,66,0,66,0,66,0,66,0,66,0,66,0,66,0,66,0,66,0,66,0,66,0,66,0,66,0,66,0,66,0,66,0,66,0,66,0,66,0,66,0,66,0,66,0,66,0,66,0,66,0,66,0,66,0,66,0,66,0,66,0,66,0,66,0,66,0,66,0,66,0,66,0,66,0,66,0,66,0,66,0,66,0,66,0,66,0,66,0,66,0,66,0,66,0,66,0,66,0,66,0,66,0,66,0,66,0,66,0,66,0,66,0,66,0,66,0,66,0,66,0,66,0,66,0,66,0,66,0,66,0,66,0,66,0,66,0,66,0,66,0,66,0,66,0,66,0,66,0,66,0,66,0,66,0,66,0,66,0,66,0,66,0,66,0,66,0,66,0,66,0,66,0,66,0,66,0,66,0,66,0,66,0,66,0,66,0,66,0,66,0,66,0,66,0,66,0,66,0,66,0,66,0,66,0,66,0,66,0,66,0,66,0,66,0,66,0,66,0,66,0,66,0,66,0,66,0,66,0,66,0,66,0,66,0,66,0,66,0,66,0,66,0,66,0,66,0,66,0,66,0,66,0,66,0,66,0,66,0,66,0,66,0,66,0,66,0,66,0,66,0,66,0,66,0,66,0,66,0,66,0,66,0,66,0,66,0,66,0,66,0,66,0,66,0,66,0,66,0,66,0,66,0,66,0,66,0,66,0,66,0,66,0,66,0,66,0,66,0,66,0,66,0,66,0,66,0,66,0,66,0,66,0,66,0,66,0
,,67,0,67,0,67,0,67,0,67,0,67,0,67,0,67,0,67,0,67,0,67,0,67,0,67,0,67,0,67,0,67,0,67,0,67,0,67,0,67,0,67,0,67,0,67,0,67,0,67,0,67,0,67,0,67,0,67,0,67,0,67,0,67,0,67,0,67,0,67,0,67,0,67,0,67,0,67,0,67,0,67,0,67,0,67,0,67,0,67,0,67,0,67,0,67,0,67,0,67,0,67,0,67,0,67,0,67,0,67,0,67,0,67,0,67,0,67,0,67,0,67,0,67,0,67,0,67,0,67,0,67,0,67,0,67,0,67,0,67,0,67,0,67,0,67,0,67,0,67,0,67,0,67,0,67,0,67,0,67,0,67,0,67,0,67,0,67,0,67,0,67,0,67,0,67,0,67,0,67,0,67,0,67,0,67,0,67,0,67,0,67,0,67,0,67,0,67,0,67,0,67,0,67,0,67,0,67,0,67,0,67,0,67,0,67,0,67,0,67,0,67,0,67,0,67,0,67,0,67,0,67,0,67,0,67,0,67,4,67,2,67,0,67,0,67,4,67,0,67,0,67,0,67,0,67,0,67,0,67,0,67,0,67,0,67,0,67,0,67,0,67,0,67,0,67,0,67,0,67,0,67,0,67,0,67,0,67,0,67,0,67,0,67,0,67,0,67,0,67,0,67,0,67,0,67,0,67,0,67,0,67,0,67,0,67,0,67,0,67,0,67,0,67,0,67,0,67,0,67,0,67,0,67,0,67,0,67,0,67,0,67,0,67,0,67,0,67,0,67,0,67,0,67,0,67,0,67,0,67,0,67,0,67,0,67,0,67,0,67,0,67,0,67,0,67,0,67,0,67,0,67,0,67,0,67,0,67,0,67,0,67,8,67,9,67,0,67,0,67,10,67,0,67,0,67,0,67,0,67,0,67,0,67,0,67,0,67,0,67,0,67,0,67,0,67,0,67,0,67,0,67,0,67,0,67,0,67,0,67,0,67,0,67,0,67,0,67,0,67,0,67,0,67,0,67,0,67,0,67,0,67,0,67,0,67,0,67,0,67,0,67,0,67,0,67,0,67,0,67,0,67,0,67,0,67,0,67,0,67,0,67,0,67,0,67,0,67,0,67,0,67,0,67,0,67,0,67,0,67,0,67,0,67,0,67,0,67,0,67,0,67,0,67,0,67,0,67,0,67,0,67,0,67,0,67,0,67,0,67,0,67,0,67,0,67,0,67,0,67,0,67,0,67,0,67,0,67,0,67,0,67,0,67,0,67,0,67,0,67,0,67,0,67,0,67,0,67,0,67,0,67,0,67,0,67,0,67,0,67,0,67,0,67,0,67,0,67,0,67,0,67,0,67,0,67,0,67,0,67,0,67,0,67,0,67,0,67,0,67,0,67,0,67,0,67,0,67,0,67,0,67,0,67,0,67,0,67,0,67,0,67,0,67,0,67,0,67,0,67,0,67,0,67,0,67,0,67,0,67,0,67,0,67,0,67,0,67,0,67,0,67,0,67,0,67,0,67,0,67,0,67,0,67,0,67,0,67,0,67,0,67,0,67,0,67,0,67,0,67,0,67,0,67,0,67,0,67,0,67,0,67,0,67,0,67,0,67,0,67,0,67,0,67,0,67,0,67,0,67,0,67,0,67,0,67,0,67,0,67,0,67,0,67,0,67,0,67,0,67,0,67,0,67,0,67,0,67,0,67,0,67,0,67,0,67,0,67,0,67,0,67,0,67,0,67,0,67,0,67,0,67,0,67,0,67,0,67,0,67,0,67,0,67,0,67,0,67,0,67,0,67,0,67,0,67,0,67,0,67,0,67,0,67,0,67,0,67,0,67,0,67,0,67,0,67,0,67,0,67,0,67,0,67,0,67,0,67,0,67,0,67,0,67,0,67,0,67,0,67,0,67,0,67,0,67,0,67,0,67,0,67,0,67,0,67,0,67,0,67,0,67,0,67,0,67,0,67,0,67,0,67,0,67,0,67,0,67,0,67,0,67,0,67,0,67,0,67,0,67,0,67,0,67,0,67,0,67,0,67,0,67,0,67,0,67,0,67,0,67,0,67,0,67,0,67,0,67,0,67,0,67,0,67,0,67,0,67,0,67,0,67,0,67,0,67,0,67,0,67,0,67,0,67,0,67,0,67,0,67,0,67,0,67,0,67,0,67,0,67,0,67,0,67,0,67,0,67,0,67,0,67,0,67,0,67,0,67,0,67,0,67,0,67,0,67,0,67,0,67,0,67,0,67,0,67,0,67,0,67,0,67,0,67,0,67,0,67,0,67,0,67,0,67,0,67,0,67,0,67,0,67,0,67,0,67,0,67,0,67,0,67,0,67,0,67,0,67,0,67,0,67,0,67,0,67,0,67,0,67,0,67,0,67,0,67,0,67,0,67,0,67,0,67,0,67,0,67,0,67,0,67,0,67,0,67,0,67,0
,,68,0,68,0,68,0,68,0,68,0,68,0,68,0,68,0,68,0,68,0,68,0,68,0,68,0,68,0,68,0,68,0,68,0,68,0,68,0,68,0,68,0,68,0,68,0,68,0,68,0,68,0,68,0,68,0,68,0,68,0,68,0,68,0,68,0,68,0,68,0,68,0,68,0,68,0,68,0,68,0,68,0,68,0,68,0,68,0,68,0,68,0,68,0,68,0,68,0,68,0,68,0,68,0,68,0,68,0,68,0,68,0,68,0,68,0,68,0,68,0,68,0,68,0,68,0,68,0,68,0,68,0,68,0,68,0,68,0,68,0,68,0,68,0,68,0,68,0,68,0,68,0,68,0,68,0,68,0,68,0,68,0,68,0,68,0,68,0,68,0,68,0,68,0,68,0,68,0,68,0,68,0,68,0,68,0,68,0,68,0,68,0,68,0,68,0,68,0,68,0,68,0,68,0,68,0,68,0,68,0,68,0,68,0,68,0,68,0,68,0,68,0,68,0,68,0,68,0,68,0,68,0,68,0,68,0,68,3,68,2,68,0,68,0,68,5,68,0,68,0,68,0,68,0,68,0,68,0,68,0,68,0,68,0,68,0,68,0,68,0,68,0,68,0,68,0,68,0,68,0,68,0,68,0,68,0,68,0,68,0,68,0,68,0,68,0,68,0,68,0,68,0,68,0,68,0,68,0,68,0,68,0,68,0,68,0,68,0,68,0,68,0,68,0,68,0,68,0,68,0,68,0,68,0,68,0,68,0,68,0,68,0,68,0,68,0,68,0,68,0,68,0,68,0,68,0,68,0,68,0,68,0,68,0,68,0,68,0,68,0,68,0,68,0,68,0,68,0,68,0,68,0,68,0,68,0,68,0,68,0,68,6,68,13,68,0,68,0,68,11,68,0,68,0,68,0,68,0,68,0,68,0,68,0,68,0,68,0,68,0,68,0,68,0,68,0,68,0,68,0,68,0,68,0,68,0,68,0,68,0,68,0,68,0,68,0,68,0,68,0,68,0,68,0,68,0,68,0,68,0,68,0,68,0,68,0,68,0,68,0,68,0,68,0,68,0,68,0,68,0,68,0,68,0,68,0,68,0,68,0,68,0,68,0,68,0,68,0,68,0,68,0,68,0,68,0,68,0,68,0,68,0,68,0,68,0,68,0,68,0,68,0,68,0,68,0,68,0,68,0,68,0,68,0,68,0,68,0,68,0,68,0,68,0,68,0,68,0,68,0,68,0,68,0,68,0,68,0,68,0,68,0,68,0,68,0,68,0,68,0,68,0,68,0,68,0,68,0,68,0,68,0,68,0,68,0,68,0,68,0,68,0,68,0,68,0,68,0,68,0,68,0,68,0,68,0,68,0,68,0,68,0,68,0,68,0,68,0,68,0,68,0,68,0,68,0,68,0,68,0,68,0,68,0,68,0,68,0,68,0,68,0,68,0,68,0,68,0,68,0,68,0,68,0,68,0,68,0,68,0,68,0,68,0,68,0,68,0,68,0,68,0,68,0,68,0,68,0,68,0,68,0,68,0,68,0,68,0,68,0,68,0,68,0,68,0,68,0,68,0,68,0,68,0,68,0,68,0,68,0,68,0,68,0,68,0,68,0,68,0,68,0,68,0,68,0,68,0,68,0,68,0,68,0,68,0,68,0,68,0,68,0,68,0,68,0,68,0,68,0,68,0,68,0,68,0,68,0,68,0,68,0,68,0,68,0,68,0,68,0,68,0,68,0,68,0,68,0,68,0,68,0,68,0,68,0,68,0,68,0,68,0,68,0,68,0,68,0,68,0,68,0,68,0,68,0,68,0,68,0,68,0,68,0,68,0,68,0,68,0,68,0,68,0,68,0,68,0,68,0,68,0,68,0,68,0,68,0,68,0,68,0,68,0,68,0,68,0,68,0,68,0,68,0,68,0,68,0,68,0,68,0,68,0,68,0,68,0,68,0,68,0,68,0,68,0,68,0,68,0,68,0,68,0,68,0,68,0,68,0,68,0,68,0,68,0,68,0,68,0,68,0,68,0,68,0,68,0,68,0,68,0,68,0,68,0,68,0,68,0,68,0,68,0,68,0,68,0,68,0,68,0,68,0,68,0,68,0,68,0,68,0,68,0,68,0,68,0,68,0,68,0,68,0,68,0,68,0,68,0,68,0,68,0,68,0,68,0,68,0,68,0,68,0,68,0,68,0,68,0,68,0,68,0,68,0,68,0,68,0,68,0,68,0,68,0,68,0,68,0,68,0,68,0,68,0,68,0,68,0,68,0,68,0,68,0,68,0,68,0,68,0,68,0,68,0,68,0,68,0,68,0,68,0,68,0,68,0,68,0,68,0,68,0,68,0,68,0,68,0,68,0,68,0,68,0,68,0,68,0,68,0,68,0,68,0,68,0,68,0,68,0,68,0,68,0,68,0,68,0,68,0,68,0,68,0,68,0
,,69,0,69,0,69,0,69,0,69,0,69,0,69,0,69,0,69,0,69,0,69,0,69,0,69,0,69,0,69,0,69,0,69,0,69,0,69,0,69,0,69,0,69,0,69,0,69,0,69,0,69,0,69,0,69,0,69,0,69,0,69,0,69,0,69,0,69,0,69,0,69,0,69,0,69,0,69,0,69,0,69,0,69,0,69,0,69,0,69,0,69,0,69,0,69,0,69,0,69,0,69,0,69,0,69,0,69,0,69,0,69,0,69,0,69,0,69,0,69,0,69,0,69,0,69,0,69,0,69,0,69,0,69,0,69,0,69,0,69,0,69,0,69,0,69,0,69,0,69,0,69,0,69,0,69,0,69,0,69,0,69,0,69,0,69,0,69,0,69,0,69,0,69,0,69,0,69,0,69,0,69,0,69,0,69,0,69,0,69,0,69,0,69,0,69,0,69,0,69,0,69,0,69,0,69,0,69,0,69,0,69,0,69,0,69,0,69,0,69,0,69,0,69,0,69,0,69,0,69,1,69,0,69,0,69,0,69,2,69,1,69,0,69,0,69,3,69,0,69,0,69,0,69,0,69,0,69,0,69,0,69,0,69,0,69,0,69,0,69,0,69,0,69,0,69,0,69,0,69,0,69,0,69,0,69,0,69,0,69,0,69,0,69,0,69,0,69,0,69,0,69,0,69,0,69,0,69,0,69,0,69,0,69,0,69,0,69,0,69,0,69,0,69,0,69,0,69,0,69,0,69,0,69,0,69,0,69,0,69,0,69,0,69,0,69,0,69,0,69,0,69,0,69,0,69,0,69,0,69,0,69,0,69,0,69,0,69,0,69,0,69,0,69,0,69,0,69,0,69,0,69,0,69,0,69,0,69,0,69,0,69,5,69,12,69,0,69,0,69,13,69,0,69,0,69,0,69,0,69,0,69,0,69,0,69,0,69,0,69,0,69,0,69,0,69,0,69,0,69,0,69,0,69,0,69,0,69,0,69,0,69,0,69,0,69,0,69,0,69,0,69,0,69,0,69,0,69,0,69,0,69,0,69,0,69,0,69,0,69,0,69,0,69,0,69,0,69,0,69,0,69,0,69,0,69,0,69,0,69,0,69,0,69,0,69,0,69,0,69,0,69,0,69,0,69,0,69,0,69,0,69,0,69,0,69,0,69,0,69,0,69,0,69,0,69,0,69,0,69,0,69,0,69,0,69,0,69,0,69,0,69,0,69,0,69,0,69,0,69,0,69,0,69,0,69,0,69,0,69,0,69,0,69,0,69,0,69,0,69,0,69,0,69,0,69,0,69,0,69,0,69,0,69,0,69,0,69,0,69,0,69,0,69,0,69,0,69,0,69,0,69,0,69,0,69,0,69,0,69,0,69,0,69,0,69,0,69,0,69,0,69,0,69,0,69,0,69,0,69,0,69,0,69,0,69,0,69,0,69,0,69,0,69,0,69,0,69,0,69,0,69,0,69,0,69,0,69,0,69,0,69,0,69,0,69,0,69,0,69,0,69,0,69,0,69,0,69,0,69,0,69,0,69,0,69,0,69,0,69,0,69,0,69,0,69,0,69,0,69,0,69,0,69,0,69,0,69,0,69,0,69,0,69,0,69,0,69,0,69,0,69,0,69,0,69,0,69,0,69,0,69,0,69,0,69,0,69,0,69,0,69,0,69,0,69,0,69,0,69,0,69,0,69,0,69,0,69,0,69,0,69,0,69,0,69,0,69,0,69,0,69,0,69,0,69,0,69,0,69,0,69,0,69,0,69,0,69,0,69,0,69,0,69,0,69,0,69,0,69,0,69,0,69,0,69,0,69,0,69,0,69,0,69,0,69,0,69,0,69,0,69,0,69,0,69,0,69,0,69,0,69,0,69,0,69,0,69,0,69,0,69,0,69,0,69,0,69,0,69,0,69,0,69,0,69,0,69,0,69,0,69,0,69,0,69,0,69,0,69,0,69,0,69,0,69,0,69,0,69,0,69,0,69,0,69,0,69,0,69,0,69,0,69,0,69,0,69,0,69,0,69,0,69,0,69,0,69,0,69,0,69,0,69,0,69,0,69,0,69,0,69,0,69,0,69,0,69,0,69,0,69,0,69,0,69,0,69,0,69,0,69,0,69,0,69,0,69,0,69,0,69,0,69,0,69,0,69,0,69,0,69,0,69,0,69,0,69,0,69,0,69,0,69,0,69,0,69,0,69,0,69,0,69,0,69,0,69,0,69,0,69,0,69,0,69,0,69,0,69,0,69,0,69,0,69,0,69,0,69,0,69,0,69,0,69,0,69,0,69,0,69,0,69,0,69,0,69,0,69,0,69,0,69,0,69,0,69,0,69,0,69,0,69,0,69,0,69,0,69,0,69,0,69,0,69,0,69,0,69,0,69,0,69,0,69,0,69,0,69,0,69,0,69,0,69,0,69,0,69,0,69,0,69,0,69,0,69,0
,,70,0,70,0,70,0,70,0,70,0,70,0,70,0,70,0,70,0,70,0,70,0,70,0,70,0,70,0,70,0,70,0,70,0,70,0,70,0,70,0,70,0,70,0,70,0,70,0,70,0,70,0,70,0,70,0,70,0,70,0,70,0,70,0,70,0,70,0,70,0,70,0,70,0,70,0,70,0,70,0,70,0,70,0,70,0,70,0,70,0,70,0,70,0,70,0,70,0,70,0,70,0,70,0,70,0,70,0,70,0,70,0,70,0,70,0,70,0,70,0,70,0,70,0,70,0,70,0,70,0,70,0,70,0,70,0,70,0,70,0,70,0,70,0,70,0,70,0,70,0,70,0,70,0,70,0,70,0,70,0,70,0,70,0,70,0,70,0,70,0,70,0,70,0,70,0,70,0,70,0,70,0,70,0,70,0,70,0,70,0,70,0,70,0,70,0,70,0,70,0,70,0,70,0,70,0,70,0,70,0,70,0,70,0,70,0,70,0,70,0,70,0,70,0,70,0,70,0,70,0,70,0,70,0,70,0,70,3,70,7,70,0,70,0,70,5,70,0,70,0,70,0,70,0,70,0,70,0,70,0,70,0,70,0,70,0,70,0,70,0,70,0,70,0,70,0,70,0,70,0,70,0,70,0,70,0,70,0,70,0,70,0,70,0,70,0,70,0,70,0,70,0,70,0,70,0,70,0,70,0,70,0,70,0,70,0,70,0,70,0,70,0,70,0,70,0,70,0,70,0,70,0,70,0,70,0,70,0,70,0,70,0,70,0,70,0,70,0,70,0,70,0,70,0,70,0,70,0,70,0,70,0,70,0,70,0,70,0,70,0,70,0,70,0,70,0,70,0,70,0,70,0,70,0,70,0,70,0,70,0,70,2,70,8,70,0,70,0,70,13,70,0,70,0,70,0,70,0,70,0,70,0,70,0,70,0,70,0,70,0,70,0,70,0,70,0,70,0,70,0,70,0,70,0,70,0,70,0,70,0,70,0,70,0,70,0,70,0,70,0,70,0,70,0,70,0,70,0,70,0,70,0,70,0,70,0,70,0,70,0,70,0,70,0,70,0,70,0,70,0,70,0,70,0,70,0,70,0,70,0,70,0,70,0,70,0,70,0,70,0,70,0,70,0,70,0,70,0,70,0,70,0,70,0,70,0,70,0,70,0,70,0,70,0,70,0,70,0,70,0,70,0,70,0,70,0,70,0,70,0,70,0,70,0,70,0,70,0,70,0,70,0,70,0,70,0,70,0,70,0,70,0,70,0,70,0,70,0,70,0,70,0,70,0,70,0,70,0,70,0,70,0,70,0,70,0,70,0,70,0,70,0,70,0,70,0,70,0,70,0,70,0,70,0,70,0,70,0,70,0,70,0,70,0,70,0,70,0,70,0,70,0,70,0,70,0,70,0,70,0,70,0,70,0,70,0,70,0,70,0,70,0,70,0,70,0,70,0,70,0,70,0,70,0,70,0,70,0,70,0,70,0,70,0,70,0,70,0,70,0,70,0,70,0,70,0,70,0,70,0,70,0,70,0,70,0,70,0,70,0,70,0,70,0,70,0,70,0,70,0,70,0,70,0,70,0,70,0,70,0,70,0,70,0,70,0,70,0,70,0,70,0,70,0,70,0,70,0,70,0,70,0,70,0,70,0,70,0,70,0,70,0,70,0,70,0,70,0,70,0,70,0,70,0,70,0,70,0,70,0,70,0,70,0,70,0,70,0,70,0,70,0,70,0,70,0,70,0,70,0,70,0,70,0,70,0,70,0,70,0,70,0,70,0,70,0,70,0,70,0,70,0,70,0,70,0,70,0,70,0,70,0,70,0,70,0,70,0,70,0,70,0,70,0,70,0,70,0,70,0,70,0,70,0,70,0,70,0,70,0,70,0,70,0,70,0,70,0,70,0,70,0,70,0,70,0,70,0,70,0,70,0,70,0,70,0,70,0,70,0,70,0,70,0,70,0,70,0,70,0,70,0,70,0,70,0,70,0,70,0,70,0,70,0,70,0,70,0,70,0,70,0,70,0,70,0,70,0,70,0,70,0,70,0,70,0,70,0,70,0,70,0,70,0,70,0,70,0,70,0,70,0,70,0,70,0,70,0,70,0,70,0,70,0,70,0,70,0,70,0,70,0,70,0,70,0,70,0,70,0,70,0,70,0,70,0,70,0,70,0,70,0,70,0,70,0,70,0,70,0,70,0,70,0,70,0,70,0,70,0,70,0,70,0,70,0,70,0,70,0,70,0,70,0,70,0,70,0,70,0,70,0,70,0,70,0,70,0,70,0,70,0,70,0,70,0,70,0,70,0,70,0,70,0,70,0,70,0,70,0,70,0,70,0,70,0,70,0,70,0,70,0,70,0,70,0,70,0,70,0,70,0,70,0,70,0,70,0,70,0,70,0,70,0,70,0,70,0,70,0,70,0,70,0,70,0,70,0
,,71,0,71,0,71,0,71,0,71,0,71,0,71,0,71,0,71,0,71,0,71,0,71,0,71,0,71,0,71,0,71,0,71,0,71,0,71,0,71,0,71,0,71,0,71,0,71,0,71,0,71,0,71,0,71,0,71,0,71,0,71,0,71,0,71,0,71,0,71,0,71,0,71,0,71,0,71,0,71,0,71,0,71,0,71,0,71,0,71,0,71,0,71,0,71,0,71,0,71,0,71,0,71,0,71,0,71,0,71,0,71,0,71,0,71,0,71,0,71,0,71,0,71,0,71,0,71,0,71,0,71,0,71,0,71,0,71,0,71,0,71,0,71,0,71,0,71,0,71,0,71,0,71,0,71,0,71,0,71,0,71,0,71,0,71,0,71,0,71,0,71,0,71,0,71,0,71,0,71,0,71,0,71,0,71,0,71,0,71,0,71,0,71,0,71,0,71,0,71,0,71,0,71,0,71,0,71,0,71,0,71,0,71,0,71,0,71,0,71,0,71,0,71,0,71,0,71,5,71,0,71,0,71,0,71,0,71,2,71,0,71,0,71,2,71,5,71,0,71,0,71,0,71,0,71,0,71,0,71,0,71,0,71,0,71,0,71,0,71,0,71,0,71,0,71,0,71,0,71,0,71,0,71,0,71,0,71,0,71,0,71,0,71,0,71,0,71,0,71,0,71,0,71,0,71,0,71,0,71,0,71,0,71,0,71,0,71,0,71,0,71,0,71,0,71,0,71,0,71,0,71,0,71,0,71,0,71,0,71,0,71,0,71,0,71,0,71,0,71,0,71,0,71,0,71,0,71,0,71,0,71,0,71,0,71,0,71,0,71,0,71,0,71,0,71,1,71,0,71,0,71,0,71,0,71,0,71,0,71,0,71,3,71,0,71,0,71,0,71,0,71,0,71,0,71,0,71,0,71,0,71,0,71,0,71,0,71,0,71,0,71,0,71,0,71,0,71,0,71,0,71,0,71,0,71,0,71,0,71,0,71,0,71,0,71,0,71,0,71,0,71,0,71,0,71,0,71,0,71,0,71,0,71,0,71,0,71,0,71,0,71,0,71,0,71,0,71,0,71,0,71,0,71,0,71,0,71,0,71,0,71,0,71,0,71,0,71,0,71,0,71,0,71,0,71,0,71,0,71,0,71,0,71,0,71,0,71,0,71,0,71,0,71,0,71,0,71,0,71,0,71,0,71,0,71,17,71,0,71,0,71,0,71,0,71,0,71,0,71,0,71,0,71,0,71,0,71,0,71,0,71,0,71,0,71,0,71,0,71,0,71,0,71,0,71,0,71,0,71,0,71,0,71,0,71,0,71,0,71,0,71,0,71,0,71,0,71,0,71,0,71,0,71,0,71,0,71,0,71,0,71,0,71,0,71,0,71,0,71,0,71,0,71,0,71,0,71,0,71,0,71,0,71,0,71,0,71,0,71,0,71,0,71,0,71,0,71,0,71,0,71,0,71,0,71,0,71,0,71,0,71,0,71,0,71,0,71,0,71,0,71,0,71,0,71,0,71,0,71,0,71,0,71,0,71,0,71,0,71,0,71,0,71,0,71,0,71,0,71,0,71,0,71,0,71,0,71,0,71,0,71,0,71,0,71,0,71,0,71,0,71,0,71,0,71,0,71,0,71,0,71,0,71,0,71,0,71,0,71,0,71,0,71,0,71,0,71,0,71,0,71,0,71,0,71,0,71,0,71,0,71,0,71,0,71,0,71,0,71,0,71,0,71,0,71,0,71,0,71,0,71,0,71,0,71,0,71,0,71,0,71,0,71,0,71,0,71,0,71,0,71,0,71,0,71,0,71,0,71,0,71,0,71,0,71,0,71,0,71,0,71,0,71,0,71,0,71,0,71,0,71,0,71,0,71,0,71,0,71,0,71,0,71,0,71,0,71,0,71,0,71,0,71,0,71,0,71,0,71,0,71,0,71,0,71,0,71,0,71,0,71,0,71,0,71,0,71,0,71,0,71,0,71,0,71,0,71,0,71,0,71,0,71,0,71,0,71,0,71,0,71,0,71,0,71,0,71,0,71,0,71,0,71,0,71,0,71,0,71,0,71,0,71,0,71,0,71,0,71,0,71,0,71,0,71,0,71,0,71,0,71,0,71,0,71,0,71,0,71,0,71,0,71,0,71,0,71,0,71,0,71,0,71,0,71,0,71,0,71,0,71,0,71,0,71,0,71,0,71,0,71,0,71,0,71,0,71,0,71,0,71,0,71,0,71,0,71,0,71,0,71,0,71,0,71,0,71,0,71,0,71,0,71,0,71,0,71,0,71,0,71,0,71,0,71,0,71,0,71,0,71,0,71,0,71,0,71,0,71,0,71,0,71,0,71,0,71,0,71,0,71,0,71,0,71,0,71,0,71,0,71,0,71,0,71,0,71,0,71,0,71,0,71,0,71,0,71,0,71,0,71,0,71,0,71,0,71,0
,,72,0,72,0,72,0,72,0,72,0,72,0,72,0,72,0,72,0,72,0,72,0,72,0,72,0,72,0,72,0,72,0,72,0,72,0,72,0,72,0,72,0,72,0,72,0,72,0,72,0,72,0,72,0,72,0,72,0,72,0,72,0,72,0,72,0,72,0,72,0,72,0,72,0,72,0,72,0,72,0,72,0,72,0,72,0,72,0,72,0,72,0,72,0,72,0,72,0,72,0,72,0,72,0,72,0,72,0,72,0,72,0,72,0,72,0,72,0,72,0,72,0,72,0,72,0,72,0,72,0,72,0,72,0,72,0,72,0,72,0,72,0,72,0,72,0,72,0,72,0,72,0,72,0,72,0,72,0,72,0,72,0,72,0,72,0,72,0,72,0,72,0,72,0,72,0,72,0,72,0,72,0,72,0,72,0,72,0,72,0,72,0,72,0,72,0,72,0,72,0,72,0,72,0,72,0,72,0,72,0,72,0,72,0,72,0,72,0,72,0,72,0,72,0,72,0,72,8,72,4,72,0,72,0,72,0,72,0,72,0,72,0,72,0,72,0,72,0,72,0,72,0,72,0,72,0,72,0,72,0,72,0,72,0,72,0,72,0,72,0,72,0,72,0,72,0,72,0,72,0,72,0,72,0,72,0,72,0,72,0,72,0,72,0,72,0,72,0,72,0,72,0,72,0,72,0,72,0,72,0,72,0,72,0,72,0,72,0,72,0,72,0,72,0,72,0,72,0,72,0,72,0,72,0,72,0,72,0,72,0,72,0,72,0,72,0,72,0,72,0,72,0,72,0,72,0,72,0,72,0,72,0,72,0,72,0,72,0,72,0,72,0,72,0,72,0,72,0,72,0,72,0,72,0,72,0,72,0,72,0,72,6,72,0,72,0,72,0,72,0,72,0,72,0,72,0,72,0,72,0,72,0,72,0,72,0,72,0,72,0,72,0,72,0,72,0,72,0,72,0,72,0,72,0,72,0,72,0,72,0,72,0,72,0,72,0,72,0,72,0,72,0,72,0,72,0,72,0,72,0,72,0,72,0,72,0,72,0,72,0,72,0,72,0,72,0,72,0,72,0,72,0,72,0,72,0,72,0,72,0,72,0,72,0,72,0,72,0,72,0,72,0,72,0,72,0,72,0,72,0,72,0,72,0,72,0,72,0,72,0,72,0,72,0,72,0,72,1,72,0,72,0,72,0,72,6,72,0,72,0,72,0,72,0,72,0,72,0,72,0,72,0,72,0,72,0,72,0,72,0,72,0,72,0,72,0,72,0,72,0,72,0,72,0,72,0,72,0,72,0,72,0,72,0,72,0,72,0,72,0,72,0,72,0,72,0,72,0,72,0,72,0,72,0,72,0,72,0,72,0,72,0,72,0,72,0,72,0,72,0,72,0,72,0,72,0,72,0,72,0,72,0,72,0,72,0,72,0,72,0,72,0,72,0,72,0,72,0,72,0,72,0,72,0,72,0,72,0,72,0,72,0,72,0,72,0,72,0,72,0,72,0,72,0,72,0,72,0,72,0,72,0,72,0,72,0,72,0,72,0,72,0,72,0,72,0,72,0,72,0,72,0,72,0,72,0,72,0,72,0,72,0,72,0,72,0,72,0,72,0,72,0,72,0,72,0,72,0,72,0,72,0,72,0,72,0,72,0,72,0,72,0,72,0,72,0,72,0,72,0,72,0,72,0,72,0,72,0,72,0,72,0,72,0,72,0,72,0,72,0,72,0,72,0,72,0,72,0,72,0,72,0,72,0,72,0,72,0,72,0,72,0,72,0,72,0,72,0,72,0,72,0,72,0,72,0,72,0,72,0,72,0,72,0,72,0,72,0,72,0,72,0,72,0,72,0,72,0,72,0,72,0,72,0,72,0,72,0,72,0,72,0,72,0,72,0,72,0,72,0,72,0,72,0,72,0,72,0,72,0,72,0,72,0,72,0,72,0,72,0,72,0,72,0,72,0,72,0,72,0,72,0,72,0,72,0,72,0,72,0,72,0,72,0,72,0,72,0,72,0,72,0,72,0,72,0,72,0,72,0,72,0,72,0,72,0,72,0,72,0,72,0,72,0,72,0,72,0,72,0,72,0,72,0,72,0,72,0,72,0,72,0,72,0,72,0,72,0,72,0,72,0,72,0,72,0,72,0,72,0,72,0,72,0,72,0,72,0,72,0,72,0,72,0,72,0,72,0,72,0,72,0,72,0,72,0,72,0,72,0,72,0,72,0,72,0,72,0,72,0,72,0,72,0,72,0,72,0,72,0,72,0,72,0,72,0,72,0,72,0,72,0,72,0,72,0,72,0,72,0,72,0,72,0,72,0,72,0,72,0,72,0,72,0,72,0,72,0,72,0,72,0,72,0,72,0,72,0,72,0,72,0,72,0,72,0,72,0,72,0,72,0,72,0,72,0,72,0,72,0,72,0,72,0,72,0,72,0
,,73,0,73,0,73,0,73,0,73,0,73,0,73,0,73,0,73,0,73,0,73,0,73,0,73,0,73,0,73,0,73,0,73,0,73,0,73,0,73,0,73,0,73,0,73,0,73,0,73,0,73,0,73,0,73,0,73,0,73,0,73,0,73,0,73,0,73,0,73,0,73,0,73,0,73,0,73,0,73,0,73,0,73,0,73,0,73,0,73,0,73,0,73,0,73,0,73,0,73,0,73,0,73,0,73,0,73,0,73,0,73,0,73,0,73,0,73,0,73,0,73,0,73,0,73,0,73,0,73,0,73,0,73,0,73,0,73,0,73,0,73,0,73,0,73,0,73,0,73,0,73,0,73,0,73,0,73,0,73,0,73,0,73,0,73,0,73,0,73,0,73,0,73,0,73,0,73,0,73,0,73,0,73,0,73,0,73,0,73,0,73,0,73,0,73,0,73,0,73,0,73,0,73,0,73,0,73,0,73,0,73,0,73,0,73,0,73,0,73,0,73,0,73,0,73,0,73,8,73,9,73,0,73,0,73,0,73,5,73,0,73,0,73,0,73,0,73,0,73,0,73,0,73,0,73,0,73,0,73,0,73,0,73,0,73,0,73,0,73,0,73,0,73,0,73,0,73,0,73,0,73,0,73,0,73,0,73,0,73,0,73,0,73,0,73,0,73,0,73,0,73,0,73,0,73,0,73,0,73,0,73,0,73,0,73,0,73,0,73,0,73,0,73,0,73,0,73,0,73,0,73,0,73,0,73,0,73,0,73,0,73,0,73,0,73,0,73,0,73,0,73,0,73,0,73,0,73,0,73,0,73,0,73,0,73,0,73,0,73,0,73,0,73,0,73,0,73,0,73,0,73,0,73,0,73,0,73,0,73,0,73,3,73,0,73,0,73,0,73,0,73,0,73,0,73,0,73,0,73,0,73,0,73,0,73,0,73,0,73,0,73,0,73,0,73,0,73,0,73,0,73,0,73,0,73,0,73,0,73,0,73,0,73,0,73,0,73,0,73,0,73,0,73,0,73,0,73,0,73,0,73,0,73,0,73,0,73,0,73,0,73,0,73,0,73,0,73,0,73,0,73,0,73,0,73,0,73,0,73,0,73,0,73,0,73,0,73,0,73,0,73,0,73,0,73,0,73,0,73,0,73,0,73,0,73,0,73,0,73,0,73,0,73,0,73,0,73,0,73,0,73,0,73,0,73,1,73,0,73,0,73,0,73,0,73,0,73,0,73,0,73,0,73,0,73,0,73,0,73,0,73,0,73,0,73,0,73,0,73,0,73,0,73,0,73,0,73,0,73,0,73,0,73,0,73,0,73,0,73,0,73,0,73,0,73,0,73,0,73,0,73,0,73,0,73,0,73,0,73,0,73,0,73,0,73,0,73,0,73,0,73,0,73,0,73,0,73,0,73,0,73,0,73,0,73,0,73,0,73,0,73,0,73,0,73,0,73,0,73,0,73,0,73,0,73,0,73,0,73,0,73,0,73,0,73,0,73,0,73,0,73,0,73,0,73,0,73,0,73,0,73,0,73,0,73,0,73,0,73,0,73,0,73,0,73,0,73,0,73,0,73,0,73,0,73,0,73,0,73,0,73,0,73,0,73,0,73,0,73,0,73,0,73,0,73,0,73,0,73,0,73,0,73,0,73,0,73,0,73,0,73,0,73,0,73,0,73,0,73,0,73,0,73,0,73,0,73,0,73,0,73,0,73,0,73,0,73,0,73,0,73,0,73,0,73,0,73,0,73,0,73,0,73,0,73,0,73,0,73,0,73,0,73,0,73,0,73,0,73,0,73,0,73,0,73,0,73,0,73,0,73,0,73,0,73,0,73,0,73,0,73,0,73,0,73,0,73,0,73,0,73,0,73,0,73,0,73,0,73,0,73,0,73,0,73,0,73,0,73,0,73,0,73,0,73,0,73,0,73,0,73,0,73,0,73,0,73,0,73,0,73,0,73,0,73,0,73,0,73,0,73,0,73,0,73,0,73,0,73,0,73,0,73,0,73,0,73,0,73,0,73,0,73,0,73,0,73,0,73,0,73,0,73,0,73,0,73,0,73,0,73,0,73,0,73,0,73,0,73,0,73,0,73,0,73,0,73,0,73,0,73,0,73,0,73,0,73,0,73,0,73,0,73,0,73,0,73,0,73,0,73,0,73,0,73,0,73,0,73,0,73,0,73,0,73,0,73,0,73,0,73,0,73,0,73,0,73,0,73,0,73,0,73,0,73,0,73,0,73,0,73,0,73,0,73,0,73,0,73,0,73,0,73,0,73,0,73,0,73,0,73,0,73,0,73,0,73,0,73,0,73,0,73,0,73,0,73,0,73,0,73,0,73,0,73,0,73,0,73,0,73,0,73,0,73,0,73,0,73,0,73,0,73,0,73,0,73,0,73,0,73,0,73,0,73,0,73,0,73,0,73,0,73,0,73,0,73,0
,,74,0,74,0,74,0,74,0,74,0,74,0,74,0,74,0,74,0,74,0,74,0,74,0,74,0,74,0,74,0,74,0,74,0,74,0,74,0,74,0,74,0,74,0,74,0,74,0,74,0,74,0,74,0,74,0,74,0,74,0,74,0,74,0,74,0,74,0,74,0,74,0,74,0,74,0,74,0,74,0,74,0,74,0,74,0,74,0,74,0,74,0,74,0,74,0,74,0,74,0,74,0,74,0,74,0,74,0,74,0,74,0,74,0,74,0,74,0,74,0,74,0,74,0,74,0,74,0,74,0,74,0,74,0,74,0,74,0,74,0,74,0,74,0,74,0,74,0,74,0,74,0,74,0,74,0,74,0,74,0,74,0,74,0,74,0,74,0,74,0,74,0,74,0,74,0,74,0,74,0,74,0,74,0,74,0,74,0,74,0,74,0,74,0,74,0,74,0,74,0,74,0,74,0,74,0,74,0,74,0,74,0,74,0,74,0,74,0,74,0,74,0,74,0,74,0,74,10,74,2,74,0,74,0,74,0,74,4,74,0,74,0,74,0,74,1,74,0,74,0,74,0,74,0,74,0,74,0,74,0,74,0,74,0,74,0,74,0,74,0,74,0,74,0,74,0,74,0,74,0,74,0,74,0,74,0,74,0,74,0,74,0,74,0,74,0,74,0,74,0,74,0,74,0,74,0,74,0,74,0,74,0,74,0,74,0,74,0,74,0,74,0,74,0,74,0,74,0,74,0,74,0,74,0,74,0,74,0,74,0,74,0,74,0,74,0,74,0,74,0,74,0,74,0,74,0,74,0,74,0,74,0,74,0,74,0,74,0,74,0,74,0,74,0,74,0,74,0,74,0,74,0,74,0,74,0,74,0,74,0,74,3,74,0,74,0,74,0,74,0,74,0,74,0,74,0,74,0,74,0,74,0,74,0,74,0,74,0,74,0,74,0,74,0,74,0,74,0,74,0,74,0,74,0,74,0,74,0,74,0,74,0,74,0,74,0,74,0,74,0,74,0,74,0,74,0,74,0,74,0,74,0,74,0,74,0,74,0,74,0,74,0,74,0,74,0,74,0,74,0,74,0,74,0,74,0,74,0,74,0,74,0,74,0,74,0,74,0,74,0,74,0,74,0,74,0,74,0,74,0,74,0,74,0,74,0,74,0,74,0,74,0,74,0,74,0,74,0,74,0,74,0,74,0,74,3,74,0,74,0,74,0,74,0,74,0,74,0,74,0,74,0,74,0,74,0,74,0,74,0,74,0,74,0,74,0,74,0,74,0,74,0,74,0,74,0,74,0,74,0,74,0,74,0,74,0,74,0,74,0,74,0,74,0,74,0,74,0,74,0,74,0,74,0,74,0,74,0,74,0,74,0,74,0,74,0,74,0,74,0,74,0,74,0,74,0,74,0,74,0,74,0,74,0,74,0,74,0,74,0,74,0,74,0,74,0,74,0,74,0,74,0,74,0,74,0,74,0,74,0,74,0,74,0,74,0,74,0,74,0,74,0,74,0,74,0,74,0,74,0,74,0,74,0,74,0,74,0,74,0,74,0,74,0,74,0,74,0,74,0,74,0,74,0,74,0,74,0,74,0,74,0,74,0,74,0,74,0,74,0,74,0,74,0,74,0,74,0,74,0,74,0,74,0,74,0,74,0,74,0,74,0,74,0,74,0,74,0,74,0,74,0,74,0,74,0,74,0,74,0,74,0,74,0,74,0,74,0,74,0,74,0,74,0,74,0,74,0,74,0,74,0,74,0,74,0,74,0,74,0,74,0,74,0,74,0,74,0,74,0,74,0,74,0,74,0,74,0,74,0,74,0,74,0,74,0,74,0,74,0,74,0,74,0,74,0,74,0,74,0,74,0,74,0,74,0,74,0,74,0,74,0,74,0,74,0,74,0,74,0,74,0,74,0,74,0,74,0,74,0,74,0,74,0,74,0,74,0,74,0,74,0,74,0,74,0,74,0,74,0,74,0,74,0,74,0,74,0,74,0,74,0,74,0,74,0,74,0,74,0,74,0,74,0,74,0,74,0,74,0,74,0,74,0,74,0,74,0,74,0,74,0,74,0,74,0,74,0,74,0,74,0,74,0,74,0,74,0,74,0,74,0,74,0,74,0,74,0,74,0,74,0,74,0,74,0,74,0,74,0,74,0,74,0,74,0,74,0,74,0,74,0,74,0,74,0,74,0,74,0,74,0,74,0,74,0,74,0,74,0,74,0,74,0,74,0,74,0,74,0,74,0,74,0,74,0,74,0,74,0,74,0,74,0,74,0,74,0,74,0,74,0,74,0,74,0,74,0,74,0,74,0,74,0,74,0,74,0,74,0,74,0,74,0,74,0,74,0,74,0,74,0,74,0,74,0,74,0,74,0,74,0,74,0,74,0,74,0,74,0,74,0,74,0,74,0,74,0,74,0,74,0,74,0,74,0,74,0
,,75,0,75,0,75,0,75,0,75,0,75,0,75,0,75,0,75,0,75,0,75,0,75,0,75,0,75,0,75,0,75,0,75,0,75,0,75,0,75,0,75,0,75,0,75,0,75,0,75,0,75,0,75,0,75,0,75,0,75,0,75,0,75,0,75,0,75,0,75,0,75,0,75,0,75,0,75,0,75,0,75,0,75,0,75,0,75,0,75,0,75,0,75,0,75,0,75,0,75,0,75,0,75,0,75,0,75,0,75,0,75,0,75,0,75,0,75,0,75,0,75,0,75,0,75,0,75,0,75,0,75,0,75,0,75,0,75,0,75,0,75,0,75,0,75,0,75,0,75,0,75,0,75,0,75,0,75,0,75,0,75,0,75,0,75,0,75,0,75,0,75,0,75,0,75,0,75,0,75,0,75,0,75,0,75,0,75,0,75,0,75,0,75,0,75,0,75,0,75,0,75,0,75,0,75,0,75,0,75,0,75,0,75,0,75,0,75,0,75,0,75,0,75,0,75,0,75,15,75,4,75,0,75,0,75,0,75,3,75,0,75,0,75,0,75,0,75,0,75,0,75,0,75,0,75,0,75,0,75,0,75,0,75,0,75,0,75,0,75,0,75,0,75,0,75,0,75,0,75,0,75,0,75,0,75,0,75,0,75,0,75,0,75,0,75,0,75,0,75,0,75,0,75,0,75,0,75,0,75,0,75,0,75,0,75,0,75,0,75,0,75,0,75,0,75,0,75,0,75,0,75,0,75,0,75,0,75,0,75,0,75,0,75,0,75,0,75,0,75,0,75,0,75,0,75,0,75,0,75,0,75,0,75,0,75,0,75,0,75,0,75,0,75,0,75,0,75,0,75,0,75,0,75,0,75,0,75,0,75,0,75,1,75,0,75,0,75,0,75,0,75,0,75,0,75,0,75,0,75,0,75,0,75,0,75,0,75,0,75,0,75,0,75,0,75,0,75,0,75,0,75,0,75,0,75,0,75,0,75,0,75,0,75,0,75,0,75,0,75,0,75,0,75,0,75,0,75,0,75,0,75,0,75,0,75,0,75,0,75,0,75,0,75,0,75,0,75,0,75,0,75,0,75,0,75,0,75,0,75,0,75,0,75,0,75,0,75,0,75,0,75,0,75,0,75,0,75,0,75,0,75,0,75,0,75,0,75,0,75,0,75,0,75,0,75,0,75,0,75,0,75,0,75,0,75,3,75,0,75,0,75,0,75,0,75,0,75,0,75,0,75,0,75,0,75,0,75,0,75,0,75,0,75,0,75,0,75,0,75,0,75,0,75,0,75,0,75,0,75,0,75,0,75,0,75,0,75,0,75,0,75,0,75,0,75,0,75,0,75,0,75,0,75,0,75,0,75,0,75,0,75,0,75,0,75,0,75,0,75,0,75,0,75,0,75,0,75,0,75,0,75,0,75,0,75,0,75,0,75,0,75,0,75,0,75,0,75,0,75,0,75,0,75,0,75,0,75,0,75,0,75,0,75,0,75,0,75,0,75,0,75,0,75,0,75,0,75,0,75,0,75,0,75,0,75,0,75,0,75,0,75,0,75,0,75,0,75,0,75,0,75,0,75,0,75,0,75,0,75,0,75,0,75,0,75,0,75,0,75,0,75,0,75,0,75,0,75,0,75,0,75,0,75,0,75,0,75,0,75,0,75,0,75,0,75,0,75,0,75,0,75,0,75,0,75,0,75,0,75,0,75,0,75,0,75,0,75,0,75,0,75,0,75,0,75,0,75,0,75,0,75,0,75,0,75,0,75,0,75,0,75,0,75,0,75,0,75,0,75,0,75,0,75,0,75,0,75,0,75,0,75,0,75,0,75,0,75,0,75,0,75,0,75,0,75,0,75,0,75,0,75,0,75,0,75,0,75,0,75,0,75,0,75,0,75,0,75,0,75,0,75,0,75,0,75,0,75,0,75,0,75,0,75,0,75,0,75,0,75,0,75,0,75,0,75,0,75,0,75,0,75,0,75,0,75,0,75,0,75,0,75,0,75,0,75,0,75,0,75,0,75,0,75,0,75,0,75,0,75,0,75,0,75,0,75,0,75,0,75,0,75,0,75,0,75,0,75,0,75,0,75,0,75,0,75,0,75,0,75,0,75,0,75,0,75,0,75,0,75,0,75,0,75,0,75,0,75,0,75,0,75,0,75,0,75,0,75,0,75,0,75,0,75,0,75,0,75,0,75,0,75,0,75,0,75,0,75,0,75,0,75,0,75,0,75,0,75,0,75,0,75,0,75,0,75,0,75,0,75,0,75,0,75,0,75,0,75,0,75,0,75,0,75,0,75,0,75,0,75,0,75,0,75,0,75,0,75,0,75,0,75,0,75,0,75,0,75,0,75,0,75,0,75,0,75,0,75,0,75,0,75,0,75,0,75,0,75,0,75,0,75,0,75,0,75,0,75,0,75,0,75,0,75,0,75,0,75,0
,,76,0,76,0,76,0,76,0,76,0,76,0,76,0,76,0,76,0,76,0,76,0,76,0,76,0,76,0,76,0,76,0,76,0,76,0,76,0,76,0,76,0,76,0,76,0,76,0,76,0,76,0,76,0,76,0,76,0,76,0,76,0,76,0,76,0,76,0,76,0,76,0,76,0,76,0,76,0,76,0,76,0,76,0,76,0,76,0,76,0,76,0,76,0,76,0,76,0,76,0,76,0,76,0,76,0,76,0,76,0,76,0,76,0,76,0,76,0,76,0,76,0,76,0,76,0,76,0,76,0,76,0,76,0,76,0,76,0,76,0,76,0,76,0,76,0,76,0,76,0,76,0,76,0,76,0,76,0,76,0,76,0,76,0,76,0,76,0,76,0,76,0,76,0,76,0,76,0,76,0,76,0,76,0,76,0,76,0,76,0,76,0,76,0,76,0,76,0,76,0,76,0,76,0,76,0,76,0,76,0,76,0,76,0,76,0,76,0,76,0,76,0,76,0,76,0,76,9,76,4,76,0,76,0,76,0,76,2,76,0,76,0,76,0,76,0,76,0,76,0,76,0,76,0,76,0,76,0,76,0,76,0,76,0,76,0,76,0,76,0,76,0,76,0,76,0,76,0,76,0,76,0,76,0,76,0,76,0,76,0,76,0,76,0,76,0,76,0,76,0,76,0,76,0,76,0,76,0,76,0,76,0,76,0,76,0,76,0,76,0,76,0,76,0,76,0,76,0,76,0,76,0,76,0,76,0,76,0,76,0,76,0,76,0,76,0,76,0,76,0,76,0,76,0,76,0,76,0,76,0,76,0,76,0,76,0,76,0,76,0,76,0,76,0,76,0,76,0,76,0,76,0,76,0,76,0,76,0,76,0,76,6,76,0,76,0,76,0,76,0,76,0,76,0,76,0,76,0,76,0,76,0,76,0,76,0,76,0,76,0,76,0,76,0,76,0,76,0,76,0,76,0,76,0,76,0,76,0,76,0,76,0,76,0,76,0,76,0,76,0,76,0,76,0,76,0,76,0,76,0,76,0,76,0,76,0,76,0,76,0,76,0,76,0,76,0,76,0,76,0,76,0,76,0,76,0,76,0,76,0,76,0,76,0,76,0,76,0,76,0,76,0,76,0,76,0,76,0,76,0,76,0,76,0,76,0,76,0,76,0,76,0,76,0,76,0,76,0,76,0,76,0,76,0,76,5,76,0,76,0,76,0,76,0,76,0,76,0,76,0,76,0,76,0,76,0,76,0,76,0,76,0,76,0,76,0,76,0,76,0,76,0,76,0,76,0,76,0,76,0,76,0,76,0,76,0,76,0,76,0,76,0,76,0,76,0,76,0,76,0,76,0,76,0,76,0,76,0,76,0,76,0,76,0,76,0,76,0,76,0,76,0,76,0,76,0,76,0,76,0,76,0,76,0,76,0,76,0,76,0,76,0,76,0,76,0,76,0,76,0,76,0,76,0,76,0,76,0,76,0,76,0,76,0,76,0,76,0,76,0,76,0,76,0,76,0,76,0,76,0,76,0,76,0,76,0,76,0,76,0,76,0,76,0,76,0,76,0,76,0,76,0,76,0,76,0,76,0,76,0,76,0,76,0,76,0,76,0,76,0,76,0,76,0,76,0,76,0,76,0,76,0,76,0,76,0,76,0,76,0,76,0,76,0,76,0,76,0,76,0,76,0,76,0,76,0,76,0,76,0,76,0,76,0,76,0,76,0,76,0,76,0,76,0,76,0,76,0,76,0,76,0,76,0,76,0,76,0,76,0,76,0,76,0,76,0,76,0,76,0,76,0,76,0,76,0,76,0,76,0,76,0,76,0,76,0,76,0,76,0,76,0,76,0,76,0,76,0,76,0,76,0,76,0,76,0,76,0,76,0,76,0,76,0,76,0,76,0,76,0,76,0,76,0,76,0,76,0,76,0,76,0,76,0,76,0,76,0,76,0,76,0,76,0,76,0,76,0,76,0,76,0,76,0,76,0,76,0,76,0,76,0,76,0,76,0,76,0,76,0,76,0,76,0,76,0,76,0,76,0,76,0,76,0,76,0,76,0,76,0,76,0,76,0,76,0,76,0,76,0,76,0,76,0,76,0,76,0,76,0,76,0,76,0,76,0,76,0,76,0,76,0,76,0,76,0,76,0,76,0,76,0,76,0,76,0,76,0,76,0,76,0,76,0,76,0,76,0,76,0,76,0,76,0,76,0,76,0,76,0,76,0,76,0,76,0,76,0,76,0,76,0,76,0,76,0,76,0,76,0,76,0,76,0,76,0,76,0,76,0,76,0,76,0,76,0,76,0,76,0,76,0,76,0,76,0,76,0,76,0,76,0,76,0,76,0,76,0,76,0,76,0,76,0,76,0,76,0,76,0,76,0,76,0,76,0,76,0,76,0,76,0,76,0,76,0,76,0,76,0,76,0,76,0,76,0,76,0
,,77,0,77,0,77,0,77,0,77,0,77,0,77,0,77,0,77,0,77,0,77,0,77,0,77,0,77,0,77,0,77,0,77,0,77,0,77,0,77,0,77,0,77,0,77,0,77,0,77,0,77,0,77,0,77,0,77,0,77,0,77,0,77,0,77,0,77,0,77,0,77,0,77,0,77,0,77,0,77,0,77,0,77,0,77,0,77,0,77,0,77,0,77,0,77,0,77,0,77,0,77,0,77,0,77,0,77,0,77,0,77,0,77,0,77,0,77,0,77,0,77,0,77,0,77,0,77,0,77,0,77,0,77,0,77,0,77,0,77,0,77,0,77,0,77,0,77,0,77,0,77,0,77,0,77,0,77,0,77,0,77,0,77,0,77,0,77,0,77,0,77,0,77,0,77,0,77,0,77,0,77,0,77,0,77,0,77,0,77,0,77,0,77,0,77,0,77,0,77,0,77,0,77,0,77,0,77,0,77,0,77,0,77,0,77,0,77,0,77,0,77,0,77,0,77,0,77,8,77,6,77,0,77,0,77,0,77,4,77,0,77,0,77,0,77,0,77,0,77,0,77,0,77,0,77,0,77,0,77,0,77,0,77,0,77,0,77,0,77,0,77,0,77,0,77,0,77,0,77,0,77,0,77,0,77,0,77,0,77,0,77,0,77,0,77,0,77,0,77,0,77,0,77,0,77,0,77,0,77,0,77,0,77,0,77,0,77,0,77,0,77,0,77,0,77,0,77,0,77,0,77,0,77,0,77,0,77,0,77,0,77,0,77,0,77,0,77,0,77,0,77,0,77,0,77,0,77,0,77,0,77,0,77,0,77,0,77,0,77,0,77,0,77,0,77,0,77,0,77,0,77,0,77,0,77,0,77,0,77,0,77,7,77,0,77,0,77,0,77,0,77,0,77,0,77,0,77,0,77,0,77,0,77,0,77,0,77,0,77,0,77,0,77,0,77,0,77,0,77,0,77,0,77,0,77,0,77,0,77,0,77,0,77,0,77,0,77,0,77,0,77,0,77,0,77,0,77,0,77,0,77,0,77,0,77,0,77,0,77,0,77,0,77,0,77,0,77,0,77,0,77,0,77,0,77,0,77,0,77,0,77,0,77,0,77,0,77,0,77,0,77,0,77,0,77,0,77,0,77,0,77,0,77,0,77,0,77,0,77,0,77,0,77,0,77,0,77,0,77,0,77,0,77,0,77,2,77,0,77,0,77,0,77,0,77,0,77,0,77,0,77,0,77,0,77,0,77,0,77,0,77,0,77,0,77,0,77,0,77,0,77,0,77,0,77,0,77,0,77,0,77,0,77,0,77,0,77,0,77,0,77,0,77,0,77,0,77,0,77,0,77,0,77,0,77,0,77,0,77,0,77,0,77,0,77,0,77,0,77,0,77,0,77,0,77,0,77,0,77,0,77,0,77,0,77,0,77,0,77,0,77,0,77,0,77,0,77,0,77,0,77,0,77,0,77,0,77,0,77,0,77,0,77,0,77,0,77,0,77,0,77,0,77,0,77,0,77,0,77,0,77,0,77,0,77,0,77,0,77,0,77,0,77,0,77,0,77,0,77,0,77,0,77,0,77,0,77,0,77,0,77,0,77,0,77,0,77,0,77,0,77,0,77,0,77,0,77,0,77,0,77,0,77,0,77,0,77,0,77,0,77,0,77,0,77,0,77,0,77,0,77,0,77,0,77,0,77,0,77,0,77,0,77,0,77,0,77,0,77,0,77,0,77,0,77,0,77,0,77,0,77,0,77,0,77,0,77,0,77,0,77,0,77,0,77,0,77,0,77,0,77,0,77,0,77,0,77,0,77,0,77,0,77,0,77,0,77,0,77,0,77,0,77,0,77,0,77,0,77,0,77,0,77,0,77,0,77,0,77,0,77,0,77,0,77,0,77,0,77,0,77,0,77,0,77,0,77,0,77,0,77,0,77,0,77,0,77,0,77,0,77,0,77,0,77,0,77,0,77,0,77,0,77,0,77,0,77,0,77,0,77,0,77,0,77,0,77,0,77,0,77,0,77,0,77,0,77,0,77,0,77,0,77,0,77,0,77,0,77,0,77,0,77,0,77,0,77,0,77,0,77,0,77,0,77,0,77,0,77,0,77,0,77,0,77,0,77,0,77,0,77,0,77,0,77,0,77,0,77,0,77,0,77,0,77,0,77,0,77,0,77,0,77,0,77,0,77,0,77,0,77,0,77,0,77,0,77,0,77,0,77,0,77,0,77,0,77,0,77,0,77,0,77,0,77,0,77,0,77,0,77,0,77,0,77,0,77,0,77,0,77,0,77,0,77,0,77,0,77,0,77,0,77,0,77,0,77,0,77,0,77,0,77,0,77,0,77,0,77,0,77,0,77,0,77,0,77,0,77,0,77,0,77,0,77,0,77,0,77,0,77,0,77,0,77,0,77,0,77,0,77,0,77,0,77,0,77,0
,,78,0,78,0,78,0,78,0,78,0,78,0,78,0,78,0,78,0,78,0,78,0,78,0,78,0,78,0,78,0,78,0,78,0,78,0,78,0,78,0,78,0,78,0,78,0,78,0,78,0,78,0,78,0,78,0,78,0,78,0,78,0,78,0,78,0,78,0,78,0,78,0,78,0,78,0,78,0,78,0,78,0,78,0,78,0,78,0,78,0,78,0,78,0,78,0,78,0,78,0,78,0,78,0,78,0,78,0,78,0,78,0,78,0,78,0,78,0,78,0,78,0,78,0,78,0,78,0,78,0,78,0,78,0,78,0,78,0,78,0,78,0,78,0,78,0,78,0,78,0,78,0,78,0,78,0,78,0,78,0,78,0,78,0,78,0,78,0,78,0,78,0,78,0,78,0,78,0,78,0,78,0,78,0,78,0,78,0,78,0,78,0,78,0,78,0,78,0,78,0,78,0,78,0,78,0,78,0,78,0,78,0,78,0,78,0,78,0,78,0,78,0,78,0,78,0,78,10,78,1,78,0,78,0,78,0,78,5,78,0,78,0,78,0,78,3,78,0,78,0,78,0,78,0,78,0,78,0,78,0,78,0,78,0,78,0,78,0,78,0,78,0,78,0,78,0,78,0,78,0,78,0,78,0,78,0,78,0,78,0,78,0,78,0,78,0,78,0,78,0,78,0,78,0,78,0,78,0,78,0,78,0,78,0,78,0,78,0,78,0,78,0,78,0,78,0,78,0,78,0,78,0,78,0,78,0,78,0,78,0,78,0,78,0,78,0,78,0,78,0,78,0,78,0,78,0,78,0,78,0,78,0,78,0,78,0,78,0,78,0,78,0,78,0,78,0,78,0,78,0,78,0,78,0,78,0,78,0,78,0,78,4,78,0,78,0,78,0,78,0,78,0,78,0,78,0,78,0,78,0,78,0,78,0,78,0,78,0,78,0,78,0,78,0,78,0,78,0,78,0,78,0,78,0,78,0,78,0,78,0,78,0,78,0,78,0,78,0,78,0,78,0,78,0,78,0,78,0,78,0,78,0,78,0,78,0,78,0,78,0,78,0,78,0,78,0,78,0,78,0,78,0,78,0,78,0,78,0,78,0,78,0,78,0,78,0,78,0,78,0,78,0,78,0,78,0,78,0,78,0,78,0,78,0,78,0,78,0,78,0,78,0,78,0,78,0,78,0,78,0,78,0,78,0,78,5,78,0,78,0,78,0,78,0,78,0,78,0,78,0,78,0,78,0,78,0,78,0,78,0,78,0,78,0,78,0,78,0,78,0,78,0,78,0,78,0,78,0,78,0,78,0,78,0,78,0,78,0,78,0,78,0,78,0,78,0,78,0,78,0,78,0,78,0,78,0,78,0,78,0,78,0,78,0,78,0,78,0,78,0,78,0,78,0,78,0,78,0,78,0,78,0,78,0,78,0,78,0,78,0,78,0,78,0,78,0,78,0,78,0,78,0,78,0,78,0,78,0,78,0,78,0,78,0,78,0,78,0,78,0,78,0,78,0,78,0,78,0,78,0,78,0,78,0,78,0,78,0,78,0,78,0,78,0,78,0,78,0,78,0,78,0,78,0,78,0,78,0,78,0,78,0,78,0,78,0,78,0,78,0,78,0,78,0,78,0,78,0,78,0,78,0,78,0,78,0,78,0,78,0,78,0,78,0,78,0,78,0,78,0,78,0,78,0,78,0,78,0,78,0,78,0,78,0,78,0,78,0,78,0,78,0,78,0,78,0,78,0,78,0,78,0,78,0,78,0,78,0,78,0,78,0,78,0,78,0,78,0,78,0,78,0,78,0,78,0,78,0,78,0,78,0,78,0,78,0,78,0,78,0,78,0,78,0,78,0,78,0,78,0,78,0,78,0,78,0,78,0,78,0,78,0,78,0,78,0,78,0,78,0,78,0,78,0,78,0,78,0,78,0,78,0,78,0,78,0,78,0,78,0,78,0,78,0,78,0,78,0,78,0,78,0,78,0,78,0,78,0,78,0,78,0,78,0,78,0,78,0,78,0,78,0,78,0,78,0,78,0,78,0,78,0,78,0,78,0,78,0,78,0,78,0,78,0,78,0,78,0,78,0,78,0,78,0,78,0,78,0,78,0,78,0,78,0,78,0,78,0,78,0,78,0,78,0,78,0,78,0,78,0,78,0,78,0,78,0,78,0,78,0,78,0,78,0,78,0,78,0,78,0,78,0,78,0,78,0,78,0,78,0,78,0,78,0,78,0,78,0,78,0,78,0,78,0,78,0,78,0,78,0,78,0,78,0,78,0,78,0,78,0,78,0,78,0,78,0,78,0,78,0,78,0,78,0,78,0,78,0,78,0,78,0,78,0,78,0,78,0,78,0,78,0,78,0,78,0,78,0,78,0,78,0,78,0,78,0,78,0,78,0,78,0,78,0,78,0,78,0,78,0,78,0,78,0,78,0,78,0
,,79,0,79,0,79,0,79,0,79,0,79,0,79,0,79,0,79,0,79,0,79,0,79,0,79,0,79,0,79,0,79,0,79,0,79,0,79,0,79,0,79,0,79,0,79,0,79,0,79,0,79,0,79,0,79,0,79,0,79,0,79,0,79,0,79,0,79,0,79,0,79,0,79,0,79,0,79,0,79,0,79,0,79,0,79,0,79,0,79,0,79,0,79,0,79,0,79,0,79,0,79,0,79,0,79,0,79,0,79,0,79,0,79,0,79,0,79,0,79,0,79,0,79,0,79,0,79,0,79,0,79,0,79,0,79,0,79,0,79,0,79,0,79,0,79,0,79,0,79,0,79,0,79,0,79,0,79,0,79,0,79,0,79,0,79,0,79,0,79,0,79,0,79,0,79,0,79,0,79,0,79,0,79,0,79,0,79,0,79,0,79,0,79,0,79,0,79,0,79,0,79,0,79,0,79,0,79,0,79,0,79,0,79,0,79,0,79,0,79,0,79,0,79,0,79,0,79,8,79,0,79,0,79,0,79,0,79,2,79,0,79,0,79,0,79,1,79,0,79,0,79,0,79,0,79,0,79,0,79,0,79,0,79,0,79,0,79,0,79,0,79,0,79,0,79,0,79,0,79,0,79,0,79,0,79,0,79,0,79,0,79,0,79,0,79,0,79,0,79,0,79,0,79,0,79,0,79,0,79,0,79,0,79,0,79,0,79,0,79,0,79,0,79,0,79,0,79,0,79,0,79,0,79,0,79,0,79,0,79,0,79,0,79,0,79,0,79,0,79,0,79,0,79,0,79,0,79,0,79,0,79,0,79,0,79,0,79,0,79,0,79,0,79,0,79,0,79,0,79,0,79,0,79,0,79,0,79,0,79,0,79,5,79,0,79,0,79,0,79,0,79,0,79,0,79,0,79,0,79,0,79,0,79,0,79,0,79,0,79,0,79,0,79,0,79,0,79,0,79,0,79,0,79,0,79,0,79,0,79,0,79,0,79,0,79,0,79,0,79,0,79,0,79,0,79,0,79,0,79,0,79,0,79,0,79,0,79,0,79,0,79,0,79,0,79,0,79,0,79,0,79,0,79,0,79,0,79,0,79,0,79,0,79,0,79,0,79,0,79,0,79,0,79,0,79,0,79,0,79,0,79,0,79,0,79,0,79,0,79,0,79,0,79,0,79,0,79,0,79,0,79,0,79,0,79,7,79,0,79,0,79,0,79,0,79,0,79,0,79,0,79,0,79,0,79,0,79,0,79,0,79,0,79,0,79,0,79,0,79,0,79,0,79,0,79,0,79,0,79,0,79,0,79,0,79,0,79,0,79,0,79,0,79,0,79,0,79,0,79,0,79,0,79,0,79,0,79,0,79,0,79,0,79,0,79,0,79,0,79,0,79,0,79,0,79,0,79,0,79,0,79,0,79,0,79,0,79,0,79,0,79,0,79,0,79,0,79,0,79,0,79,0,79,0,79,0,79,0,79,0,79,0,79,0,79,0,79,0,79,0,79,0,79,0,79,0,79,0,79,0,79,0,79,0,79,0,79,0,79,0,79,0,79,0,79,0,79,0,79,0,79,0,79,0,79,0,79,0,79,0,79,0,79,0,79,0,79,0,79,0,79,0,79,0,79,0,79,0,79,0,79,0,79,0,79,0,79,0,79,0,79,0,79,0,79,0,79,0,79,0,79,0,79,0,79,0,79,0,79,0,79,0,79,0,79,0,79,0,79,0,79,0,79,0,79,0,79,0,79,0,79,0,79,0,79,0,79,0,79,0,79,0,79,0,79,0,79,0,79,0,79,0,79,0,79,0,79,0,79,0,79,0,79,0,79,0,79,0,79,0,79,0,79,0,79,0,79,0,79,0,79,0,79,0,79,0,79,0,79,0,79,0,79,0,79,0,79,0,79,0,79,0,79,0,79,0,79,0,79,0,79,0,79,0,79,0,79,0,79,0,79,0,79,0,79,0,79,0,79,0,79,0,79,0,79,0,79,0,79,0,79,0,79,0,79,0,79,0,79,0,79,0,79,0,79,0,79,0,79,0,79,0,79,0,79,0,79,0,79,0,79,0,79,0,79,0,79,0,79,0,79,0,79,0,79,0,79,0,79,0,79,0,79,0,79,0,79,0,79,0,79,0,79,0,79,0,79,0,79,0,79,0,79,0,79,0,79,0,79,0,79,0,79,0,79,0,79,0,79,0,79,0,79,0,79,0,79,0,79,0,79,0,79,0,79,0,79,0,79,0,79,0,79,0,79,0,79,0,79,0,79,0,79,0,79,0,79,0,79,0,79,0,79,0,79,0,79,0,79,0,79,0,79,0,79,0,79,0,79,0,79,0,79,0,79,0,79,0,79,0,79,0,79,0,79,0,79,0,79,0,79,0,79,0,79,0,79,0,79,0,79,0,79,0,79,0,79,0,79,0,79,0,79,0,79,0,79,0
,,80,0,80,0,80,0,80,0,80,0,80,0,80,0,80,0,80,0,80,0,80,0,80,0,80,0,80,0,80,0,80,0,80,0,80,0,80,0,80,0,80,0,80,0,80,0,80,0,80,0,80,0,80,0,80,0,80,0,80,0,80,0,80,0,80,0,80,0,80,0,80,0,80,0,80,0,80,0,80,0,80,0,80,0,80,0,80,0,80,0,80,0,80,0,80,0,80,0,80,0,80,0,80,0,80,0,80,0,80,0,80,0,80,0,80,0,80,0,80,0,80,0,80,0,80,0,80,0,80,0,80,0,80,0,80,0,80,0,80,0,80,0,80,0,80,0,80,0,80,0,80,0,80,0,80,0,80,0,80,0,80,0,80,0,80,0,80,0,80,0,80,0,80,0,80,0,80,0,80,0,80,0,80,0,80,0,80,0,80,0,80,0,80,0,80,0,80,0,80,0,80,0,80,0,80,0,80,0,80,0,80,0,80,0,80,0,80,0,80,0,80,0,80,0,80,0,80,0,80,0,80,0,80,0,80,0,80,2,80,7,80,0,80,0,80,1,80,0,80,0,80,0,80,0,80,0,80,0,80,0,80,0,80,0,80,0,80,0,80,0,80,0,80,0,80,0,80,0,80,0,80,0,80,0,80,0,80,0,80,0,80,0,80,0,80,0,80,0,80,0,80,0,80,0,80,0,80,0,80,0,80,0,80,0,80,0,80,0,80,0,80,0,80,0,80,0,80,0,80,0,80,0,80,0,80,0,80,0,80,0,80,0,80,0,80,0,80,0,80,0,80,0,80,0,80,0,80,0,80,0,80,0,80,0,80,0,80,0,80,0,80,0,80,0,80,0,80,0,80,0,80,0,80,0,80,0,80,0,80,0,80,1,80,6,80,0,80,0,80,14,80,0,80,0,80,0,80,0,80,0,80,0,80,0,80,0,80,0,80,0,80,0,80,0,80,0,80,0,80,0,80,0,80,0,80,0,80,0,80,0,80,0,80,0,80,0,80,0,80,0,80,0,80,0,80,0,80,0,80,0,80,0,80,0,80,0,80,0,80,0,80,0,80,0,80,0,80,0,80,0,80,0,80,0,80,0,80,0,80,0,80,0,80,0,80,0,80,0,80,0,80,0,80,0,80,0,80,0,80,0,80,0,80,0,80,0,80,0,80,0,80,0,80,0,80,0,80,0,80,0,80,0,80,0,80,0,80,0,80,0,80,0,80,0,80,0,80,0,80,0,80,0,80,0,80,0,80,0,80,0,80,0,80,0,80,0,80,0,80,0,80,0,80,0,80,0,80,0,80,0,80,0,80,0,80,0,80,0,80,0,80,0,80,0,80,0,80,0,80,0,80,0,80,0,80,0,80,0,80,0,80,0,80,0,80,0,80,0,80,0,80,0,80,0,80,0,80,0,80,0,80,0,80,0,80,0,80,0,80,0,80,0,80,0,80,0,80,0,80,0,80,0,80,0,80,0,80,0,80,0,80,0,80,0,80,0,80,0,80,0,80,0,80,0,80,0,80,0,80,0,80,0,80,0,80,0,80,0,80,0,80,0,80,0,80,0,80,0,80,0,80,0,80,0,80,0,80,0,80,0,80,0,80,0,80,0,80,0,80,0,80,0,80,0,80,0,80,0,80,0,80,0,80,0,80,0,80,0,80,0,80,0,80,0,80,0,80,0,80,0,80,0,80,0,80,0,80,0,80,0,80,0,80,0,80,0,80,0,80,0,80,0,80,0,80,0,80,0,80,0,80,0,80,0,80,0,80,0,80,0,80,0,80,0,80,0,80,0,80,0,80,0,80,0,80,0,80,0,80,0,80,0,80,0,80,0,80,0,80,0,80,0,80,0,80,0,80,0,80,0,80,0,80,0,80,0,80,0,80,0,80,0,80,0,80,0,80,0,80,0,80,0,80,0,80,0,80,0,80,0,80,0,80,0,80,0,80,0,80,0,80,0,80,0,80,0,80,0,80,0,80,0,80,0,80,0,80,0,80,0,80,0,80,0,80,0,80,0,80,0,80,0,80,0,80,0,80,0,80,0,80,0,80,0,80,0,80,0,80,0,80,0,80,0,80,0,80,0,80,0,80,0,80,0,80,0,80,0,80,0,80,0,80,0,80,0,80,0,80,0,80,0,80,0,80,0,80,0,80,0,80,0,80,0,80,0,80,0,80,0,80,0,80,0,80,0,80,0,80,0,80,0,80,0,80,0,80,0,80,0,80,0,80,0,80,0,80,0,80,0,80,0,80,0,80,0,80,0,80,0,80,0,80,0,80,0,80,0,80,0,80,0,80,0,80,0,80,0,80,0,80,0,80,0,80,0,80,0,80,0,80,0,80,0,80,0,80,0,80,0,80,0,80,0,80,0,80,0,80,0,80,0,80,0,80,0,80,0,80,0,80,0,80,0,80,0,80,0,80,0,80,0,80,0,80,0,80,0
,,81,0,81,0,81,0,81,0,81,0,81,0,81,0,81,0,81,0,81,0,81,0,81,0,81,0,81,0,81,0,81,0,81,0,81,0,81,0,81,0,81,0,81,0,81,0,81,0,81,0,81,0,81,0,81,0,81,0,81,0,81,0,81,0,81,0,81,0,81,0,81,0,81,0,81,0,81,0,81,0,81,0,81,0,81,0,81,0,81,0,81,0,81,0,81,0,81,0,81,0,81,0,81,0,81,0,81,0,81,0,81,0,81,0,81,0,81,0,81,0,81,0,81,0,81,0,81,0,81,0,81,0,81,0,81,0,81,0,81,0,81,0,81,0,81,0,81,0,81,0,81,0,81,0,81,0,81,0,81,0,81,0,81,0,81,0,81,0,81,0,81,0,81,0,81,0,81,0,81,0,81,0,81,0,81,0,81,0,81,0,81,0,81,0,81,0,81,0,81,0,81,0,81,0,81,0,81,0,81,0,81,0,81,0,81,0,81,0,81,0,81,0,81,0,81,0,81,0,81,0,81,0,81,0,81,0,81,4,81,4,81,0,81,0,81,5,81,0,81,0,81,0,81,0,81,0,81,0,81,0,81,0,81,0,81,0,81,0,81,0,81,0,81,0,81,0,81,0,81,0,81,0,81,0,81,0,81,0,81,0,81,0,81,0,81,0,81,0,81,0,81,0,81,0,81,0,81,0,81,0,81,0,81,0,81,0,81,0,81,0,81,0,81,0,81,0,81,0,81,0,81,0,81,0,81,0,81,0,81,0,81,0,81,0,81,0,81,0,81,0,81,0,81,0,81,0,81,0,81,0,81,0,81,0,81,0,81,0,81,0,81,0,81,0,81,0,81,0,81,0,81,0,81,0,81,0,81,0,81,0,81,4,81,10,81,0,81,0,81,11,81,0,81,0,81,0,81,0,81,0,81,0,81,0,81,0,81,0,81,0,81,0,81,0,81,0,81,0,81,0,81,0,81,0,81,0,81,0,81,0,81,0,81,0,81,0,81,0,81,0,81,0,81,0,81,0,81,0,81,0,81,0,81,0,81,0,81,0,81,0,81,0,81,0,81,0,81,0,81,0,81,0,81,0,81,0,81,0,81,0,81,0,81,0,81,0,81,0,81,0,81,0,81,0,81,0,81,0,81,0,81,0,81,0,81,0,81,0,81,0,81,0,81,0,81,0,81,0,81,0,81,0,81,0,81,0,81,0,81,0,81,0,81,0,81,0,81,0,81,0,81,0,81,0,81,0,81,0,81,0,81,0,81,0,81,0,81,0,81,0,81,0,81,0,81,0,81,0,81,0,81,0,81,0,81,0,81,0,81,0,81,0,81,0,81,0,81,0,81,0,81,0,81,0,81,0,81,0,81,0,81,0,81,0,81,0,81,0,81,0,81,0,81,0,81,0,81,0,81,0,81,0,81,0,81,0,81,0,81,0,81,0,81,0,81,0,81,0,81,0,81,0,81,0,81,0,81,0,81,0,81,0,81,0,81,0,81,0,81,0,81,0,81,0,81,0,81,0,81,0,81,0,81,0,81,0,81,0,81,0,81,0,81,0,81,0,81,0,81,0,81,0,81,0,81,0,81,0,81,0,81,0,81,0,81,0,81,0,81,0,81,0,81,0,81,0,81,0,81,0,81,0,81,0,81,0,81,0,81,0,81,0,81,0,81,0,81,0,81,0,81,0,81,0,81,0,81,0,81,0,81,0,81,0,81,0,81,0,81,0,81,0,81,0,81,0,81,0,81,0,81,0,81,0,81,0,81,0,81,0,81,0,81,0,81,0,81,0,81,0,81,0,81,0,81,0,81,0,81,0,81,0,81,0,81,0,81,0,81,0,81,0,81,0,81,0,81,0,81,0,81,0,81,0,81,0,81,0,81,0,81,0,81,0,81,0,81,0,81,0,81,0,81,0,81,0,81,0,81,0,81,0,81,0,81,0,81,0,81,0,81,0,81,0,81,0,81,0,81,0,81,0,81,0,81,0,81,0,81,0,81,0,81,0,81,0,81,0,81,0,81,0,81,0,81,0,81,0,81,0,81,0,81,0,81,0,81,0,81,0,81,0,81,0,81,0,81,0,81,0,81,0,81,0,81,0,81,0,81,0,81,0,81,0,81,0,81,0,81,0,81,0,81,0,81,0,81,0,81,0,81,0,81,0,81,0,81,0,81,0,81,0,81,0,81,0,81,0,81,0,81,0,81,0,81,0,81,0,81,0,81,0,81,0,81,0,81,0,81,0,81,0,81,0,81,0,81,0,81,0,81,0,81,0,81,0,81,0,81,0,81,0,81,0,81,0,81,0,81,0,81,0,81,0,81,0,81,0,81,0,81,0,81,0,81,0,81,0,81,0,81,0,81,0,81,0,81,0,81,0,81,0,81,0,81,0,81,0,81,0,81,0,81,0,81,0,81,0,81,0,81,0,81,0,81,0,81,0
,,82,0,82,0,82,0,82,0,82,0,82,0,82,0,82,0,82,0,82,0,82,0,82,0,82,0,82,0,82,0,82,0,82,0,82,0,82,0,82,0,82,0,82,0,82,0,82,0,82,0,82,0,82,0,82,0,82,0,82,0,82,0,82,0,82,0,82,0,82,0,82,0,82,0,82,0,82,0,82,0,82,0,82,0,82,0,82,0,82,0,82,0,82,0,82,0,82,0,82,0,82,0,82,0,82,0,82,0,82,0,82,0,82,0,82,0,82,0,82,0,82,0,82,0,82,0,82,0,82,0,82,0,82,0,82,0,82,0,82,0,82,0,82,0,82,0,82,0,82,0,82,0,82,0,82,0,82,0,82,0,82,0,82,0,82,0,82,0,82,0,82,0,82,0,82,0,82,0,82,0,82,0,82,0,82,0,82,0,82,0,82,0,82,0,82,0,82,0,82,0,82,0,82,0,82,0,82,0,82,0,82,0,82,0,82,0,82,0,82,0,82,0,82,0,82,0,82,0,82,1,82,0,82,0,82,0,82,3,82,2,82,0,82,0,82,3,82,0,82,0,82,0,82,0,82,0,82,0,82,0,82,0,82,0,82,0,82,0,82,0,82,0,82,0,82,0,82,0,82,0,82,0,82,0,82,0,82,0,82,0,82,0,82,0,82,0,82,0,82,0,82,0,82,0,82,0,82,0,82,0,82,0,82,0,82,0,82,0,82,0,82,0,82,0,82,0,82,0,82,0,82,0,82,0,82,0,82,0,82,0,82,0,82,0,82,0,82,0,82,0,82,0,82,0,82,0,82,0,82,0,82,0,82,0,82,0,82,0,82,0,82,0,82,0,82,0,82,0,82,0,82,0,82,0,82,0,82,0,82,0,82,5,82,9,82,0,82,0,82,13,82,0,82,0,82,0,82,0,82,0,82,0,82,0,82,0,82,0,82,0,82,0,82,0,82,0,82,0,82,0,82,0,82,0,82,0,82,0,82,0,82,0,82,0,82,0,82,0,82,0,82,0,82,0,82,0,82,0,82,0,82,0,82,0,82,0,82,0,82,0,82,0,82,0,82,0,82,0,82,0,82,0,82,0,82,0,82,0,82,0,82,0,82,0,82,0,82,0,82,0,82,0,82,0,82,0,82,0,82,0,82,0,82,0,82,0,82,0,82,0,82,0,82,0,82,0,82,0,82,0,82,0,82,0,82,0,82,0,82,0,82,0,82,0,82,0,82,0,82,0,82,0,82,0,82,0,82,0,82,0,82,0,82,0,82,0,82,0,82,0,82,0,82,0,82,0,82,0,82,0,82,0,82,0,82,0,82,0,82,0,82,0,82,0,82,0,82,0,82,0,82,0,82,0,82,0,82,0,82,0,82,0,82,0,82,0,82,0,82,0,82,0,82,0,82,0,82,0,82,0,82,0,82,0,82,0,82,0,82,0,82,0,82,0,82,0,82,0,82,0,82,0,82,0,82,0,82,0,82,0,82,0,82,0,82,0,82,0,82,0,82,0,82,0,82,0,82,0,82,0,82,0,82,0,82,0,82,0,82,0,82,0,82,0,82,0,82,0,82,0,82,0,82,0,82,0,82,0,82,0,82,0,82,0,82,0,82,0,82,0,82,0,82,0,82,0,82,0,82,0,82,0,82,0,82,0,82,0,82,0,82,0,82,0,82,0,82,0,82,0,82,0,82,0,82,0,82,0,82,0,82,0,82,0,82,0,82,0,82,0,82,0,82,0,82,0,82,0,82,0,82,0,82,0,82,0,82,0,82,0,82,0,82,0,82,0,82,0,82,0,82,0,82,0,82,0,82,0,82,0,82,0,82,0,82,0,82,0,82,0,82,0,82,0,82,0,82,0,82,0,82,0,82,0,82,0,82,0,82,0,82,0,82,0,82,0,82,0,82,0,82,0,82,0,82,0,82,0,82,0,82,0,82,0,82,0,82,0,82,0,82,0,82,0,82,0,82,0,82,0,82,0,82,0,82,0,82,0,82,0,82,0,82,0,82,0,82,0,82,0,82,0,82,0,82,0,82,0,82,0,82,0,82,0,82,0,82,0,82,0,82,0,82,0,82,0,82,0,82,0,82,0,82,0,82,0,82,0,82,0,82,0,82,0,82,0,82,0,82,0,82,0,82,0,82,0,82,0,82,0,82,0,82,0,82,0,82,0,82,0,82,0,82,0,82,0,82,0,82,0,82,0,82,0,82,0,82,0,82,0,82,0,82,0,82,0,82,0,82,0,82,0,82,0,82,0,82,0,82,0,82,0,82,0,82,0,82,0,82,0,82,0,82,0,82,0,82,0,82,0,82,0,82,0,82,0,82,0,82,0,82,0,82,0,82,0,82,0,82,0,82,0,82,0,82,0,82,0,82,0,82,0,82,0,82,0,82,0,82,0,82,0,82,0,82,0,82,0,82,0,82,0,82,0,82,0,82,0
,,83,0,83,0,83,0,83,0,83,0,83,0,83,0,83,0,83,0,83,0,83,0,83,0,83,0,83,0,83,0,83,0,83,0,83,0,83,0,83,0,83,0,83,0,83,0,83,0,83,0,83,0,83,0,83,0,83,0,83,0,83,0,83,0,83,0,83,0,83,0,83,0,83,0,83,0,83,0,83,0,83,0,83,0,83,0,83,0,83,0,83,0,83,0,83,0,83,0,83,0,83,0,83,0,83,0,83,0,83,0,83,0,83,0,83,0,83,0,83,0,83,0,83,0,83,0,83,0,83,0,83,0,83,0,83,0,83,0,83,0,83,0,83,0,83,0,83,0,83,0,83,0,83,0,83,0,83,0,83,0,83,0,83,0,83,0,83,0,83,0,83,0,83,0,83,0,83,0,83,0,83,0,83,0,83,0,83,0,83,0,83,0,83,0,83,0,83,0,83,0,83,0,83,0,83,0,83,0,83,0,83,0,83,0,83,0,83,0,83,0,83,0,83,0,83,0,83,0,83,1,83,0,83,0,83,0,83,7,83,1,83,0,83,0,83,5,83,0,83,0,83,0,83,0,83,0,83,0,83,0,83,0,83,0,83,0,83,0,83,0,83,0,83,0,83,0,83,0,83,0,83,0,83,0,83,0,83,0,83,0,83,0,83,0,83,0,83,0,83,0,83,0,83,0,83,0,83,0,83,0,83,0,83,0,83,0,83,0,83,0,83,0,83,0,83,0,83,0,83,0,83,0,83,0,83,0,83,0,83,0,83,0,83,0,83,0,83,0,83,0,83,0,83,0,83,0,83,0,83,0,83,0,83,0,83,0,83,0,83,0,83,0,83,0,83,0,83,0,83,0,83,0,83,0,83,0,83,0,83,0,83,10,83,7,83,0,83,0,83,9,83,0,83,0,83,0,83,0,83,0,83,0,83,0,83,0,83,0,83,0,83,0,83,0,83,0,83,0,83,0,83,0,83,0,83,0,83,0,83,0,83,0,83,0,83,0,83,0,83,0,83,0,83,0,83,0,83,0,83,0,83,0,83,0,83,0,83,0,83,0,83,0,83,0,83,0,83,0,83,0,83,0,83,0,83,0,83,0,83,0,83,0,83,0,83,0,83,0,83,0,83,0,83,0,83,0,83,0,83,0,83,0,83,0,83,0,83,0,83,0,83,0,83,0,83,0,83,0,83,0,83,0,83,0,83,0,83,0,83,0,83,0,83,0,83,0,83,0,83,0,83,0,83,0,83,0,83,0,83,0,83,0,83,0,83,0,83,0,83,0,83,0,83,0,83,0,83,0,83,0,83,0,83,0,83,0,83,0,83,0,83,0,83,0,83,0,83,0,83,0,83,0,83,0,83,0,83,0,83,0,83,0,83,0,83,0,83,0,83,0,83,0,83,0,83,0,83,0,83,0,83,0,83,0,83,0,83,0,83,0,83,0,83,0,83,0,83,0,83,0,83,0,83,0,83,0,83,0,83,0,83,0,83,0,83,0,83,0,83,0,83,0,83,0,83,0,83,0,83,0,83,0,83,0,83,0,83,0,83,0,83,0,83,0,83,0,83,0,83,0,83,0,83,0,83,0,83,0,83,0,83,0,83,0,83,0,83,0,83,0,83,0,83,0,83,0,83,0,83,0,83,0,83,0,83,0,83,0,83,0,83,0,83,0,83,0,83,0,83,0,83,0,83,0,83,0,83,0,83,0,83,0,83,0,83,0,83,0,83,0,83,0,83,0,83,0,83,0,83,0,83,0,83,0,83,0,83,0,83,0,83,0,83,0,83,0,83,0,83,0,83,0,83,0,83,0,83,0,83,0,83,0,83,0,83,0,83,0,83,0,83,0,83,0,83,0,83,0,83,0,83,0,83,0,83,0,83,0,83,0,83,0,83,0,83,0,83,0,83,0,83,0,83,0,83,0,83,0,83,0,83,0,83,0,83,0,83,0,83,0,83,0,83,0,83,0,83,0,83,0,83,0,83,0,83,0,83,0,83,0,83,0,83,0,83,0,83,0,83,0,83,0,83,0,83,0,83,0,83,0,83,0,83,0,83,0,83,0,83,0,83,0,83,0,83,0,83,0,83,0,83,0,83,0,83,0,83,0,83,0,83,0,83,0,83,0,83,0,83,0,83,0,83,0,83,0,83,0,83,0,83,0,83,0,83,0,83,0,83,0,83,0,83,0,83,0,83,0,83,0,83,0,83,0,83,0,83,0,83,0,83,0,83,0,83,0,83,0,83,0,83,0,83,0,83,0,83,0,83,0,83,0,83,0,83,0,83,0,83,0,83,0,83,0,83,0,83,0,83,0,83,0,83,0,83,0,83,0,83,0,83,0,83,0,83,0,83,0,83,0,83,0,83,0,83,0,83,0,83,0,83,0,83,0,83,0,83,0,83,0,83,0,83,0,83,0,83,0,83,0,83,0,83,0,83,0,83,0
,,84,0,84,0,84,0,84,0,84,0,84,0,84,0,84,0,84,0,84,0,84,0,84,0,84,0,84,0,84,0,84,0,84,0,84,0,84,0,84,0,84,0,84,0,84,0,84,0,84,0,84,0,84,0,84,0,84,0,84,0,84,0,84,0,84,0,84,0,84,0,84,0,84,0,84,0,84,0,84,0,84,0,84,0,84,0,84,0,84,0,84,0,84,0,84,0,84,0,84,0,84,0,84,0,84,0,84,0,84,0,84,0,84,0,84,0,84,0,84,0,84,0,84,0,84,0,84,0,84,0,84,0,84,0,84,0,84,0,84,0,84,0,84,0,84,0,84,0,84,0,84,0,84,0,84,0,84,0,84,0,84,0,84,0,84,0,84,0,84,0,84,0,84,0,84,0,84,0,84,0,84,0,84,0,84,0,84,0,84,0,84,0,84,0,84,0,84,0,84,0,84,0,84,0,84,0,84,0,84,0,84,0,84,0,84,0,84,0,84,0,84,0,84,0,84,0,84,0,84,1,84,0,84,0,84,0,84,7,84,5,84,0,84,0,84,4,84,0,84,0,84,0,84,0,84,0,84,0,84,0,84,0,84,0,84,0,84,0,84,0,84,0,84,0,84,0,84,0,84,0,84,0,84,0,84,0,84,0,84,0,84,0,84,0,84,0,84,0,84,0,84,0,84,0,84,0,84,0,84,0,84,0,84,0,84,0,84,0,84,0,84,0,84,0,84,0,84,0,84,0,84,0,84,0,84,0,84,0,84,0,84,0,84,0,84,0,84,0,84,0,84,0,84,0,84,0,84,0,84,0,84,0,84,0,84,0,84,0,84,0,84,0,84,0,84,0,84,0,84,0,84,0,84,0,84,0,84,0,84,0,84,4,84,5,84,0,84,0,84,9,84,0,84,0,84,0,84,0,84,0,84,0,84,0,84,0,84,0,84,0,84,0,84,0,84,0,84,0,84,0,84,0,84,0,84,0,84,0,84,0,84,0,84,0,84,0,84,0,84,0,84,0,84,0,84,0,84,0,84,0,84,0,84,0,84,0,84,0,84,0,84,0,84,0,84,0,84,0,84,0,84,0,84,0,84,0,84,0,84,0,84,0,84,0,84,0,84,0,84,0,84,0,84,0,84,0,84,0,84,0,84,0,84,0,84,0,84,0,84,0,84,0,84,0,84,0,84,0,84,0,84,0,84,0,84,0,84,0,84,0,84,0,84,0,84,0,84,0,84,0,84,0,84,0,84,0,84,0,84,0,84,0,84,0,84,0,84,0,84,0,84,0,84,0,84,0,84,0,84,0,84,0,84,0,84,0,84,0,84,0,84,0,84,0,84,0,84,0,84,0,84,0,84,0,84,0,84,0,84,0,84,0,84,0,84,0,84,0,84,0,84,0,84,0,84,0,84,0,84,0,84,0,84,0,84,0,84,0,84,0,84,0,84,0,84,0,84,0,84,0,84,0,84,0,84,0,84,0,84,0,84,0,84,0,84,0,84,0,84,0,84,0,84,0,84,0,84,0,84,0,84,0,84,0,84,0,84,0,84,0,84,0,84,0,84,0,84,0,84,0,84,0,84,0,84,0,84,0,84,0,84,0,84,0,84,0,84,0,84,0,84,0,84,0,84,0,84,0,84,0,84,0,84,0,84,0,84,0,84,0,84,0,84,0,84,0,84,0,84,0,84,0,84,0,84,0,84,0,84,0,84,0,84,0,84,0,84,0,84,0,84,0,84,0,84,0,84,0,84,0,84,0,84,0,84,0,84,0,84,0,84,0,84,0,84,0,84,0,84,0,84,0,84,0,84,0,84,0,84,0,84,0,84,0,84,0,84,0,84,0,84,0,84,0,84,0,84,0,84,0,84,0,84,0,84,0,84,0,84,0,84,0,84,0,84,0,84,0,84,0,84,0,84,0,84,0,84,0,84,0,84,0,84,0,84,0,84,0,84,0,84,0,84,0,84,0,84,0,84,0,84,0,84,0,84,0,84,0,84,0,84,0,84,0,84,0,84,0,84,0,84,0,84,0,84,0,84,0,84,0,84,0,84,0,84,0,84,0,84,0,84,0,84,0,84,0,84,0,84,0,84,0,84,0,84,0,84,0,84,0,84,0,84,0,84,0,84,0,84,0,84,0,84,0,84,0,84,0,84,0,84,0,84,0,84,0,84,0,84,0,84,0,84,0,84,0,84,0,84,0,84,0,84,0,84,0,84,0,84,0,84,0,84,0,84,0,84,0,84,0,84,0,84,0,84,0,84,0,84,0,84,0,84,0,84,0,84,0,84,0,84,0,84,0,84,0,84,0,84,0,84,0,84,0,84,0,84,0,84,0,84,0,84,0,84,0,84,0,84,0,84,0,84,0,84,0,84,0,84,0,84,0,84,0,84,0,84,0,84,0,84,0,84,0,84,0,84,0,84,0,84,0,84,0,84,0,84,0
,,85,0,85,0,85,0,85,0,85,0,85,0,85,0,85,0,85,0,85,0,85,0,85,0,85,0,85,0,85,0,85,0,85,0,85,0,85,0,85,0,85,0,85,0,85,0,85,0,85,0,85,0,85,0,85,0,85,0,85,0,85,0,85,0,85,0,85,0,85,0,85,0,85,0,85,0,85,0,85,0,85,0,85,0,85,0,85,0,85,0,85,0,85,0,85,0,85,0,85,0,85,0,85,0,85,0,85,0,85,0,85,0,85,0,85,0,85,0,85,0,85,0,85,0,85,0,85,0,85,0,85,0,85,0,85,0,85,0,85,0,85,0,85,0,85,0,85,0,85,0,85,0,85,0,85,0,85,0,85,0,85,0,85,0,85,0,85,0,85,0,85,0,85,0,85,0,85,0,85,0,85,0,85,0,85,0,85,0,85,0,85,0,85,0,85,0,85,0,85,0,85,0,85,0,85,0,85,0,85,0,85,0,85,0,85,0,85,0,85,0,85,0,85,0,85,0,85,0,85,1,85,0,85,0,85,0,85,5,85,3,85,0,85,0,85,4,85,0,85,0,85,0,85,0,85,0,85,0,85,0,85,0,85,0,85,0,85,0,85,0,85,0,85,0,85,0,85,0,85,0,85,0,85,0,85,0,85,0,85,0,85,0,85,0,85,0,85,0,85,0,85,0,85,0,85,0,85,0,85,0,85,0,85,0,85,0,85,0,85,0,85,0,85,0,85,0,85,0,85,0,85,0,85,0,85,0,85,0,85,0,85,0,85,0,85,0,85,0,85,0,85,0,85,0,85,0,85,0,85,0,85,0,85,0,85,0,85,0,85,0,85,0,85,0,85,0,85,0,85,0,85,0,85,0,85,0,85,0,85,0,85,4,85,6,85,0,85,0,85,12,85,0,85,0,85,0,85,0,85,0,85,0,85,0,85,0,85,0,85,0,85,0,85,0,85,0,85,0,85,0,85,0,85,0,85,0,85,0,85,0,85,0,85,0,85,0,85,0,85,0,85,0,85,0,85,0,85,0,85,0,85,0,85,0,85,0,85,0,85,0,85,0,85,0,85,0,85,0,85,0,85,0,85,0,85,0,85,0,85,0,85,0,85,0,85,0,85,0,85,0,85,0,85,0,85,0,85,0,85,0,85,0,85,0,85,0,85,0,85,0,85,0,85,0,85,0,85,0,85,0,85,0,85,0,85,0,85,0,85,0,85,0,85,0,85,0,85,0,85,0,85,0,85,0,85,0,85,0,85,0,85,0,85,0,85,0,85,0,85,0,85,0,85,0,85,0,85,0,85,0,85,0,85,0,85,0,85,0,85,0,85,0,85,0,85,0,85,0,85,0,85,0,85,0,85,0,85,0,85,0,85,0,85,0,85,0,85,0,85,0,85,0,85,0,85,0,85,0,85,0,85,0,85,0,85,0,85,0,85,0,85,0,85,0,85,0,85,0,85,0,85,0,85,0,85,0,85,0,85,0,85,0,85,0,85,0,85,0,85,0,85,0,85,0,85,0,85,0,85,0,85,0,85,0,85,0,85,0,85,0,85,0,85,0,85,0,85,0,85,0,85,0,85,0,85,0,85,0,85,0,85,0,85,0,85,0,85,0,85,0,85,0,85,0,85,0,85,0,85,0,85,0,85,0,85,0,85,0,85,0,85,0,85,0,85,0,85,0,85,0,85,0,85,0,85,0,85,0,85,0,85,0,85,0,85,0,85,0,85,0,85,0,85,0,85,0,85,0,85,0,85,0,85,0,85,0,85,0,85,0,85,0,85,0,85,0,85,0,85,0,85,0,85,0,85,0,85,0,85,0,85,0,85,0,85,0,85,0,85,0,85,0,85,0,85,0,85,0,85,0,85,0,85,0,85,0,85,0,85,0,85,0,85,0,85,0,85,0,85,0,85,0,85,0,85,0,85,0,85,0,85,0,85,0,85,0,85,0,85,0,85,0,85,0,85,0,85,0,85,0,85,0,85,0,85,0,85,0,85,0,85,0,85,0,85,0,85,0,85,0,85,0,85,0,85,0,85,0,85,0,85,0,85,0,85,0,85,0,85,0,85,0,85,0,85,0,85,0,85,0,85,0,85,0,85,0,85,0,85,0,85,0,85,0,85,0,85,0,85,0,85,0,85,0,85,0,85,0,85,0,85,0,85,0,85,0,85,0,85,0,85,0,85,0,85,0,85,0,85,0,85,0,85,0,85,0,85,0,85,0,85,0,85,0,85,0,85,0,85,0,85,0,85,0,85,0,85,0,85,0,85,0,85,0,85,0,85,0,85,0,85,0,85,0,85,0,85,0,85,0,85,0,85,0,85,0,85,0,85,0,85,0,85,0,85,0,85,0,85,0,85,0,85,0,85,0,85,0,85,0,85,0,85,0,85,0,85,0,85,0,85,0,85,0,85,0,85,0,85,0,85,0,85,0,85,0,85,0
,,86,0,86,0,86,0,86,0,86,0,86,0,86,0,86,0,86,0,86,0,86,0,86,0,86,0,86,0,86,0,86,0,86,0,86,0,86,0,86,0,86,0,86,0,86,0,86,0,86,0,86,0,86,0,86,0,86,0,86,0,86,0,86,0,86,0,86,0,86,0,86,0,86,0,86,0,86,0,86,0,86,0,86,0,86,0,86,0,86,0,86,0,86,0,86,0,86,0,86,0,86,0,86,0,86,0,86,0,86,0,86,0,86,0,86,0,86,0,86,0,86,0,86,0,86,0,86,0,86,0,86,0,86,0,86,0,86,0,86,0,86,0,86,0,86,0,86,0,86,0,86,0,86,0,86,0,86,0,86,0,86,0,86,0,86,0,86,0,86,0,86,0,86,0,86,0,86,0,86,0,86,0,86,0,86,0,86,0,86,0,86,0,86,0,86,0,86,0,86,0,86,0,86,0,86,0,86,0,86,0,86,0,86,0,86,0,86,0,86,0,86,0,86,0,86,0,86,0,86,0,86,0,86,0,86,0,86,4,86,5,86,0,86,0,86,7,86,0,86,0,86,0,86,0,86,0,86,0,86,0,86,0,86,0,86,0,86,0,86,0,86,0,86,0,86,0,86,0,86,0,86,0,86,0,86,0,86,0,86,0,86,0,86,0,86,0,86,0,86,0,86,0,86,0,86,0,86,0,86,0,86,0,86,0,86,0,86,0,86,0,86,0,86,0,86,0,86,0,86,0,86,0,86,0,86,0,86,0,86,0,86,0,86,0,86,0,86,0,86,0,86,0,86,0,86,0,86,0,86,0,86,0,86,0,86,0,86,0,86,0,86,0,86,0,86,0,86,0,86,0,86,0,86,0,86,0,86,0,86,0,86,4,86,10,86,0,86,0,86,9,86,0,86,0,86,0,86,0,86,0,86,0,86,0,86,0,86,0,86,0,86,0,86,0,86,0,86,0,86,0,86,0,86,0,86,0,86,0,86,0,86,0,86,0,86,0,86,0,86,0,86,0,86,0,86,0,86,0,86,0,86,0,86,0,86,0,86,0,86,0,86,0,86,0,86,0,86,0,86,0,86,0,86,0,86,0,86,0,86,0,86,0,86,0,86,0,86,0,86,0,86,0,86,0,86,0,86,0,86,0,86,0,86,0,86,0,86,0,86,0,86,0,86,0,86,0,86,0,86,0,86,0,86,0,86,0,86,0,86,0,86,0,86,0,86,0,86,0,86,0,86,0,86,0,86,0,86,0,86,0,86,0,86,0,86,0,86,0,86,0,86,0,86,0,86,0,86,0,86,0,86,0,86,0,86,0,86,0,86,0,86,0,86,0,86,0,86,0,86,0,86,0,86,0,86,0,86,0,86,0,86,0,86,0,86,0,86,0,86,0,86,0,86,0,86,0,86,0,86,0,86,0,86,0,86,0,86,0,86,0,86,0,86,0,86,0,86,0,86,0,86,0,86,0,86,0,86,0,86,0,86,0,86,0,86,0,86,0,86,0,86,0,86,0,86,0,86,0,86,0,86,0,86,0,86,0,86,0,86,0,86,0,86,0,86,0,86,0,86,0,86,0,86,0,86,0,86,0,86,0,86,0,86,0,86,0,86,0,86,0,86,0,86,0,86,0,86,0,86,0,86,0,86,0,86,0,86,0,86,0,86,0,86,0,86,0,86,0,86,0,86,0,86,0,86,0,86,0,86,0,86,0,86,0,86,0,86,0,86,0,86,0,86,0,86,0,86,0,86,0,86,0,86,0,86,0,86,0,86,0,86,0,86,0,86,0,86,0,86,0,86,0,86,0,86,0,86,0,86,0,86,0,86,0,86,0,86,0,86,0,86,0,86,0,86,0,86,0,86,0,86,0,86,0,86,0,86,0,86,0,86,0,86,0,86,0,86,0,86,0,86,0,86,0,86,0,86,0,86,0,86,0,86,0,86,0,86,0,86,0,86,0,86,0,86,0,86,0,86,0,86,0,86,0,86,0,86,0,86,0,86,0,86,0,86,0,86,0,86,0,86,0,86,0,86,0,86,0,86,0,86,0,86,0,86,0,86,0,86,0,86,0,86,0,86,0,86,0,86,0,86,0,86,0,86,0,86,0,86,0,86,0,86,0,86,0,86,0,86,0,86,0,86,0,86,0,86,0,86,0,86,0,86,0,86,0,86,0,86,0,86,0,86,0,86,0,86,0,86,0,86,0,86,0,86,0,86,0,86,0,86,0,86,0,86,0,86,0,86,0,86,0,86,0,86,0,86,0,86,0,86,0,86,0,86,0,86,0,86,0,86,0,86,0,86,0,86,0,86,0,86,0,86,0,86,0,86,0,86,0,86,0,86,0,86,0,86,0,86,0,86,0,86,0,86,0,86,0,86,0,86,0,86,0,86,0,86,0,86,0,86,0,86,0,86,0,86,0,86,0,86,0,86,0,86,0,86,0
,,87,0,87,0,87,0,87,0,87,0,87,0,87,0,87,0,87,0,87,0,87,0,87,0,87,0,87,0,87,0,87,0,87,0,87,0,87,0,87,0,87,0,87,0,87,0,87,0,87,0,87,0,87,0,87,0,87,0,87,0,87,0,87,0,87,0,87,0,87,0,87,0,87,0,87,0,87,0,87,0,87,0,87,0,87,0,87,0,87,0,87,0,87,0,87,0,87,0,87,0,87,0,87,0,87,0,87,0,87,0,87,0,87,0,87,0,87,0,87,0,87,0,87,0,87,0,87,0,87,0,87,0,87,0,87,0,87,0,87,0,87,0,87,0,87,0,87,0,87,0,87,0,87,0,87,0,87,0,87,0,87,0,87,0,87,0,87,0,87,0,87,0,87,0,87,0,87,0,87,0,87,0,87,0,87,0,87,0,87,0,87,0,87,0,87,0,87,0,87,0,87,0,87,0,87,0,87,0,87,0,87,0,87,0,87,0,87,0,87,0,87,0,87,0,87,0,87,0,87,0,87,0,87,0,87,0,87,5,87,9,87,0,87,0,87,4,87,0,87,0,87,0,87,0,87,0,87,0,87,0,87,0,87,0,87,0,87,0,87,0,87,0,87,0,87,0,87,0,87,0,87,0,87,0,87,0,87,0,87,0,87,0,87,0,87,0,87,0,87,0,87,0,87,0,87,0,87,0,87,0,87,0,87,0,87,0,87,0,87,0,87,0,87,0,87,0,87,0,87,0,87,0,87,0,87,0,87,0,87,0,87,0,87,0,87,0,87,0,87,0,87,0,87,0,87,0,87,0,87,0,87,0,87,0,87,0,87,0,87,0,87,0,87,0,87,0,87,0,87,0,87,0,87,0,87,0,87,0,87,0,87,1,87,2,87,0,87,0,87,10,87,0,87,0,87,0,87,0,87,0,87,0,87,0,87,0,87,0,87,0,87,0,87,0,87,0,87,0,87,0,87,0,87,0,87,0,87,0,87,0,87,0,87,0,87,0,87,0,87,0,87,0,87,0,87,0,87,0,87,0,87,0,87,0,87,0,87,0,87,0,87,0,87,0,87,0,87,0,87,0,87,0,87,0,87,0,87,0,87,0,87,0,87,0,87,0,87,0,87,0,87,0,87,0,87,0,87,0,87,0,87,0,87,0,87,0,87,0,87,0,87,0,87,0,87,0,87,0,87,0,87,0,87,0,87,0,87,0,87,0,87,0,87,0,87,0,87,0,87,0,87,0,87,0,87,0,87,0,87,0,87,0,87,0,87,0,87,0,87,0,87,0,87,0,87,0,87,0,87,0,87,0,87,0,87,0,87,0,87,0,87,0,87,0,87,0,87,0,87,0,87,0,87,0,87,0,87,0,87,0,87,0,87,0,87,0,87,0,87,0,87,0,87,0,87,0,87,0,87,0,87,0,87,0,87,0,87,0,87,0,87,0,87,0,87,0,87,0,87,0,87,0,87,0,87,0,87,0,87,0,87,0,87,0,87,0,87,0,87,0,87,0,87,0,87,0,87,0,87,0,87,0,87,0,87,0,87,0,87,0,87,0,87,0,87,0,87,0,87,0,87,0,87,0,87,0,87,0,87,0,87,0,87,0,87,0,87,0,87,0,87,0,87,0,87,0,87,0,87,0,87,0,87,0,87,0,87,0,87,0,87,0,87,0,87,0,87,0,87,0,87,0,87,0,87,0,87,0,87,0,87,0,87,0,87,0,87,0,87,0,87,0,87,0,87,0,87,0,87,0,87,0,87,0,87,0,87,0,87,0,87,0,87,0,87,0,87,0,87,0,87,0,87,0,87,0,87,0,87,0,87,0,87,0,87,0,87,0,87,0,87,0,87,0,87,0,87,0,87,0,87,0,87,0,87,0,87,0,87,0,87,0,87,0,87,0,87,0,87,0,87,0,87,0,87,0,87,0,87,0,87,0,87,0,87,0,87,0,87,0,87,0,87,0,87,0,87,0,87,0,87,0,87,0,87,0,87,0,87,0,87,0,87,0,87,0,87,0,87,0,87,0,87,0,87,0,87,0,87,0,87,0,87,0,87,0,87,0,87,0,87,0,87,0,87,0,87,0,87,0,87,0,87,0,87,0,87,0,87,0,87,0,87,0,87,0,87,0,87,0,87,0,87,0,87,0,87,0,87,0,87,0,87,0,87,0,87,0,87,0,87,0,87,0,87,0,87,0,87,0,87,0,87,0,87,0,87,0,87,0,87,0,87,0,87,0,87,0,87,0,87,0,87,0,87,0,87,0,87,0,87,0,87,0,87,0,87,0,87,0,87,0,87,0,87,0,87,0,87,0,87,0,87,0,87,0,87,0,87,0,87,0,87,0,87,0,87,0,87,0,87,0,87,0,87,0,87,0,87,0,87,0,87,0,87,0,87,0,87,0,87,0,87,0,87,0,87,0,87,0,87,0,87,0,87,0,87,0
,,88,0,88,0,88,0,88,0,88,0,88,0,88,0,88,0,88,0,88,0,88,0,88,0,88,0,88,0,88,0,88,0,88,0,88,0,88,0,88,0,88,0,88,0,88,0,88,0,88,0,88,0,88,0,88,0,88,0,88,0,88,0,88,0,88,0,88,0,88,0,88,0,88,0,88,0,88,0,88,0,88,0,88,0,88,0,88,0,88,0,88,0,88,0,88,0,88,0,88,0,88,0,88,0,88,0,88,0,88,0,88,0,88,0,88,0,88,0,88,0,88,0,88,0,88,0,88,0,88,0,88,0,88,0,88,0,88,0,88,0,88,0,88,0,88,0,88,0,88,0,88,0,88,0,88,0,88,0,88,0,88,0,88,0,88,0,88,0,88,0,88,0,88,0,88,0,88,0,88,0,88,0,88,0,88,0,88,0,88,0,88,0,88,0,88,0,88,0,88,0,88,0,88,0,88,0,88,0,88,0,88,0,88,0,88,0,88,0,88,0,88,0,88,0,88,0,88,0,88,0,88,0,88,0,88,0,88,5,88,5,88,0,88,0,88,7,88,0,88,1,88,0,88,0,88,0,88,0,88,0,88,0,88,0,88,0,88,0,88,0,88,0,88,0,88,0,88,0,88,0,88,0,88,0,88,0,88,0,88,0,88,0,88,0,88,0,88,0,88,0,88,0,88,0,88,0,88,0,88,0,88,0,88,0,88,0,88,0,88,0,88,0,88,0,88,0,88,0,88,0,88,0,88,0,88,0,88,0,88,0,88,0,88,0,88,0,88,0,88,0,88,0,88,0,88,0,88,0,88,0,88,0,88,0,88,0,88,0,88,0,88,0,88,0,88,0,88,0,88,0,88,0,88,0,88,0,88,0,88,0,88,3,88,6,88,0,88,0,88,9,88,0,88,0,88,0,88,0,88,0,88,0,88,0,88,0,88,0,88,0,88,0,88,0,88,0,88,0,88,0,88,0,88,0,88,0,88,0,88,0,88,0,88,0,88,0,88,0,88,0,88,0,88,0,88,0,88,0,88,0,88,0,88,0,88,0,88,0,88,0,88,0,88,0,88,0,88,0,88,0,88,0,88,0,88,0,88,0,88,0,88,0,88,0,88,0,88,0,88,0,88,0,88,0,88,0,88,0,88,0,88,0,88,0,88,0,88,0,88,0,88,0,88,0,88,0,88,0,88,0,88,0,88,0,88,0,88,0,88,0,88,0,88,0,88,0,88,0,88,0,88,0,88,0,88,0,88,0,88,0,88,0,88,0,88,0,88,0,88,0,88,0,88,0,88,0,88,0,88,0,88,0,88,0,88,0,88,0,88,0,88,0,88,0,88,0,88,0,88,0,88,0,88,0,88,0,88,0,88,0,88,0,88,0,88,0,88,0,88,0,88,0,88,0,88,0,88,0,88,0,88,0,88,0,88,0,88,0,88,0,88,0,88,0,88,0,88,0,88,0,88,0,88,0,88,0,88,0,88,0,88,0,88,0,88,0,88,0,88,0,88,0,88,0,88,0,88,0,88,0,88,0,88,0,88,0,88,0,88,0,88,0,88,0,88,0,88,0,88,0,88,0,88,0,88,0,88,0,88,0,88,0,88,0,88,0,88,0,88,0,88,0,88,0,88,0,88,0,88,0,88,0,88,0,88,0,88,0,88,0,88,0,88,0,88,0,88,0,88,0,88,0,88,0,88,0,88,0,88,0,88,0,88,0,88,0,88,0,88,0,88,0,88,0,88,0,88,0,88,0,88,0,88,0,88,0,88,0,88,0,88,0,88,0,88,0,88,0,88,0,88,0,88,0,88,0,88,0,88,0,88,0,88,0,88,0,88,0,88,0,88,0,88,0,88,0,88,0,88,0,88,0,88,0,88,0,88,0,88,0,88,0,88,0,88,0,88,0,88,0,88,0,88,0,88,0,88,0,88,0,88,0,88,0,88,0,88,0,88,0,88,0,88,0,88,0,88,0,88,0,88,0,88,0,88,0,88,0,88,0,88,0,88,0,88,0,88,0,88,0,88,0,88,0,88,0,88,0,88,0,88,0,88,0,88,0,88,0,88,0,88,0,88,0,88,0,88,0,88,0,88,0,88,0,88,0,88,0,88,0,88,0,88,0,88,0,88,0,88,0,88,0,88,0,88,0,88,0,88,0,88,0,88,0,88,0,88,0,88,0,88,0,88,0,88,0,88,0,88,0,88,0,88,0,88,0,88,0,88,0,88,0,88,0,88,0,88,0,88,0,88,0,88,0,88,0,88,0,88,0,88,0,88,0,88,0,88,0,88,0,88,0,88,0,88,0,88,0,88,0,88,0,88,0,88,0,88,0,88,0,88,0,88,0,88,0,88,0,88,0,88,0,88,0,88,0,88,0,88,0,88,0,88,0,88,0,88,0,88,0,88,0,88,0,88,0,88,0,88,0,88,0,88,0,88,0,88,0
,,89,0,89,0,89,0,89,0,89,0,89,0,89,0,89,0,89,0,89,0,89,0,89,0,89,0,89,0,89,0,89,0,89,0,89,0,89,0,89,0,89,0,89,0,89,0,89,0,89,0,89,0,89,0,89,0,89,0,89,0,89,0,89,0,89,0,89,0,89,0,89,0,89,0,89,0,89,0,89,0,89,0,89,0,89,0,89,0,89,0,89,0,89,0,89,0,89,0,89,0,89,0,89,0,89,0,89,0,89,0,89,0,89,0,89,0,89,0,89,0,89,0,89,0,89,0,89,0,89,0,89,0,89,0,89,0,89,0,89,0,89,0,89,0,89,0,89,0,89,0,89,0,89,0,89,0,89,0,89,0,89,0,89,0,89,0,89,0,89,0,89,0,89,0,89,0,89,0,89,0,89,0,89,0,89,0,89,0,89,0,89,0,89,0,89,0,89,0,89,0,89,0,89,0,89,0,89,0,89,0,89,0,89,0,89,0,89,0,89,0,89,0,89,0,89,0,89,0,89,0,89,0,89,0,89,0,89,5,89,4,89,0,89,0,89,1,89,0,89,0,89,0,89,0,89,0,89,0,89,0,89,0,89,0,89,0,89,0,89,0,89,0,89,0,89,0,89,0,89,0,89,0,89,0,89,0,89,0,89,0,89,0,89,0,89,0,89,0,89,0,89,0,89,0,89,0,89,0,89,0,89,0,89,0,89,0,89,0,89,0,89,0,89,0,89,0,89,0,89,0,89,0,89,0,89,0,89,0,89,0,89,0,89,0,89,0,89,0,89,0,89,0,89,0,89,0,89,0,89,0,89,0,89,0,89,0,89,0,89,0,89,0,89,0,89,0,89,0,89,0,89,0,89,0,89,0,89,0,89,0,89,3,89,6,89,0,89,0,89,13,89,0,89,0,89,0,89,0,89,0,89,0,89,0,89,0,89,0,89,0,89,0,89,0,89,0,89,0,89,0,89,0,89,0,89,0,89,0,89,0,89,0,89,0,89,0,89,0,89,0,89,0,89,0,89,0,89,0,89,0,89,0,89,0,89,0,89,0,89,0,89,0,89,0,89,0,89,0,89,0,89,0,89,0,89,0,89,0,89,0,89,0,89,0,89,0,89,0,89,0,89,0,89,0,89,0,89,0,89,0,89,0,89,0,89,0,89,0,89,0,89,0,89,0,89,0,89,0,89,0,89,0,89,0,89,0,89,0,89,0,89,0,89,0,89,0,89,0,89,0,89,0,89,0,89,0,89,0,89,0,89,0,89,0,89,0,89,0,89,0,89,0,89,0,89,0,89,0,89,0,89,0,89,0,89,0,89,0,89,0,89,0,89,0,89,0,89,0,89,0,89,0,89,0,89,0,89,0,89,0,89,0,89,0,89,0,89,0,89,0,89,0,89,0,89,0,89,0,89,0,89,0,89,0,89,0,89,0,89,0,89,0,89,0,89,0,89,0,89,0,89,0,89,0,89,0,89,0,89,0,89,0,89,0,89,0,89,0,89,0,89,0,89,0,89,0,89,0,89,0,89,0,89,0,89,0,89,0,89,0,89,0,89,0,89,0,89,0,89,0,89,0,89,0,89,0,89,0,89,0,89,0,89,0,89,0,89,0,89,0,89,0,89,0,89,0,89,0,89,0,89,0,89,0,89,0,89,0,89,0,89,0,89,0,89,0,89,0,89,0,89,0,89,0,89,0,89,0,89,0,89,0,89,0,89,0,89,0,89,0,89,0,89,0,89,0,89,0,89,0,89,0,89,0,89,0,89,0,89,0,89,0,89,0,89,0,89,0,89,0,89,0,89,0,89,0,89,0,89,0,89,0,89,0,89,0,89,0,89,0,89,0,89,0,89,0,89,0,89,0,89,0,89,0,89,0,89,0,89,0,89,0,89,0,89,0,89,0,89,0,89,0,89,0,89,0,89,0,89,0,89,0,89,0,89,0,89,0,89,0,89,0,89,0,89,0,89,0,89,0,89,0,89,0,89,0,89,0,89,0,89,0,89,0,89,0,89,0,89,0,89,0,89,0,89,0,89,0,89,0,89,0,89,0,89,0,89,0,89,0,89,0,89,0,89,0,89,0,89,0,89,0,89,0,89,0,89,0,89,0,89,0,89,0,89,0,89,0,89,0,89,0,89,0,89,0,89,0,89,0,89,0,89,0,89,0,89,0,89,0,89,0,89,0,89,0,89,0,89,0,89,0,89,0,89,0,89,0,89,0,89,0,89,0,89,0,89,0,89,0,89,0,89,0,89,0,89,0,89,0,89,0,89,0,89,0,89,0,89,0,89,0,89,0,89,0,89,0,89,0,89,0,89,0,89,0,89,0,89,0,89,0,89,0,89,0,89,0,89,0,89,0,89,0,89,0,89,0,89,0,89,0,89,0,89,0,89,0,89,0,89,0,89,0,89,0,89,0,89,0,89,0,89,0,89,0,89,0
,,90,0,90,0,90,0,90,0,90,0,90,0,90,0,90,0,90,0,90,0,90,0,90,0,90,0,90,0,90,0,90,0,90,0,90,0,90,0,90,0,90,0,90,0,90,0,90,0,90,0,90,0,90,0,90,0,90,0,90,0,90,0,90,0,90,0,90,0,90,0,90,0,90,0,90,0,90,0,90,0,90,0,90,0,90,0,90,0,90,0,90,0,90,0,90,0,90,0,90,0,90,0,90,0,90,0,90,0,90,0,90,0,90,0,90,0,90,0,90,0,90,0,90,0,90,0,90,0,90,0,90,0,90,0,90,0,90,0,90,0,90,0,90,0,90,0,90,0,90,0,90,0,90,0,90,0,90,0,90,0,90,0,90,0,90,0,90,0,90,0,90,0,90,0,90,0,90,0,90,0,90,0,90,0,90,0,90,0,90,0,90,0,90,0,90,0,90,0,90,0,90,0,90,0,90,0,90,0,90,0,90,0,90,0,90,0,90,0,90,0,90,0,90,0,90,0,90,0,90,0,90,0,90,0,90,0,90,4,90,3,90,0,90,0,90,4,90,0,90,0,90,0,90,0,90,0,90,0,90,0,90,0,90,0,90,0,90,0,90,0,90,0,90,0,90,0,90,0,90,0,90,0,90,0,90,0,90,0,90,0,90,0,90,0,90,0,90,0,90,0,90,0,90,0,90,0,90,0,90,0,90,0,90,0,90,0,90,0,90,0,90,0,90,0,90,0,90,0,90,0,90,0,90,0,90,0,90,0,90,0,90,0,90,0,90,0,90,0,90,0,90,0,90,0,90,0,90,0,90,0,90,0,90,0,90,0,90,0,90,0,90,0,90,0,90,0,90,0,90,0,90,0,90,0,90,0,90,0,90,0,90,4,90,8,90,0,90,0,90,12,90,0,90,0,90,0,90,0,90,0,90,0,90,0,90,0,90,0,90,0,90,0,90,0,90,0,90,0,90,0,90,0,90,0,90,0,90,0,90,0,90,0,90,0,90,0,90,0,90,0,90,0,90,0,90,0,90,0,90,0,90,0,90,0,90,0,90,0,90,0,90,0,90,0,90,0,90,0,90,0,90,0,90,0,90,0,90,0,90,0,90,0,90,0,90,0,90,0,90,0,90,0,90,0,90,0,90,0,90,0,90,0,90,0,90,0,90,0,90,0,90,0,90,0,90,0,90,0,90,0,90,0,90,0,90,0,90,0,90,0,90,0,90,0,90,0,90,0,90,0,90,0,90,0,90,0,90,0,90,0,90,0,90,0,90,0,90,0,90,0,90,0,90,0,90,0,90,0,90,0,90,0,90,0,90,0,90,0,90,0,90,0,90,0,90,0,90,0,90,0,90,0,90,0,90,0,90,0,90,0,90,0,90,0,90,0,90,0,90,0,90,0,90,0,90,0,90,0,90,0,90,0,90,0,90,0,90,0,90,0,90,0,90,0,90,0,90,0,90,0,90,0,90,0,90,0,90,0,90,0,90,0,90,0,90,0,90,0,90,0,90,0,90,0,90,0,90,0,90,0,90,0,90,0,90,0,90,0,90,0,90,0,90,0,90,0,90,0,90,0,90,0,90,0,90,0,90,0,90,0,90,0,90,0,90,0,90,0,90,0,90,0,90,0,90,0,90,0,90,0,90,0,90,0,90,0,90,0,90,0,90,0,90,0,90,0,90,0,90,0,90,0,90,0,90,0,90,0,90,0,90,0,90,0,90,0,90,0,90,0,90,0,90,0,90,0,90,0,90,0,90,0,90,0,90,0,90,0,90,0,90,0,90,0,90,0,90,0,90,0,90,0,90,0,90,0,90,0,90,0,90,0,90,0,90,0,90,0,90,0,90,0,90,0,90,0,90,0,90,0,90,0,90,0,90,0,90,0,90,0,90,0,90,0,90,0,90,0,90,0,90,0,90,0,90,0,90,0,90,0,90,0,90,0,90,0,90,0,90,0,90,0,90,0,90,0,90,0,90,0,90,0,90,0,90,0,90,0,90,0,90,0,90,0,90,0,90,0,90,0,90,0,90,0,90,0,90,0,90,0,90,0,90,0,90,0,90,0,90,0,90,0,90,0,90,0,90,0,90,0,90,0,90,0,90,0,90,0,90,0,90,0,90,0,90,0,90,0,90,0,90,0,90,0,90,0,90,0,90,0,90,0,90,0,90,0,90,0,90,0,90,0,90,0,90,0,90,0,90,0,90,0,90,0,90,0,90,0,90,0,90,0,90,0,90,0,90,0,90,0,90,0,90,0,90,0,90,0,90,0,90,0,90,0,90,0,90,0,90,0,90,0,90,0,90,0,90,0,90,0,90,0,90,0,90,0,90,0,90,0,90,0,90,0,90,0,90,0,90,0,90,0,90,0,90,0,90,0,90,0,90,0,90,0,90,0,90,0,90,0,90,0,90,0,90,0,90,0,90,0,90,0,90,0,90,0,90,0
,,91,0,91,0,91,0,91,0,91,0,91,0,91,0,91,0,91,0,91,0,91,0,91,0,91,0,91,0,91,0,91,0,91,0,91,0,91,0,91,0,91,0,91,0,91,0,91,0,91,0,91,0,91,0,91,0,91,0,91,0,91,0,91,0,91,0,91,0,91,0,91,0,91,0,91,0,91,0,91,0,91,0,91,0,91,0,91,0,91,0,91,0,91,0,91,0,91,0,91,0,91,0,91,0,91,0,91,0,91,0,91,0,91,0,91,0,91,0,91,0,91,0,91,0,91,0,91,0,91,0,91,0,91,0,91,0,91,0,91,0,91,0,91,0,91,0,91,0,91,0,91,0,91,0,91,0,91,0,91,0,91,0,91,0,91,0,91,0,91,0,91,0,91,0,91,0,91,0,91,0,91,0,91,0,91,0,91,0,91,0,91,0,91,0,91,0,91,0,91,0,91,0,91,0,91,0,91,0,91,0,91,0,91,0,91,0,91,0,91,0,91,0,91,0,91,0,91,0,91,1,91,0,91,0,91,0,91,7,91,1,91,0,91,0,91,7,91,0,91,0,91,0,91,0,91,0,91,0,91,0,91,0,91,0,91,0,91,0,91,0,91,0,91,0,91,0,91,0,91,0,91,0,91,0,91,0,91,0,91,0,91,0,91,0,91,0,91,0,91,0,91,0,91,0,91,0,91,0,91,0,91,0,91,0,91,0,91,0,91,0,91,0,91,0,91,0,91,0,91,0,91,0,91,0,91,0,91,0,91,0,91,0,91,0,91,0,91,0,91,0,91,0,91,0,91,0,91,0,91,0,91,0,91,0,91,0,91,0,91,0,91,0,91,0,91,0,91,0,91,0,91,0,91,0,91,0,91,0,91,0,91,10,91,7,91,0,91,0,91,8,91,0,91,0,91,0,91,0,91,0,91,0,91,0,91,0,91,0,91,0,91,0,91,0,91,0,91,0,91,0,91,0,91,0,91,0,91,0,91,0,91,0,91,0,91,0,91,0,91,0,91,0,91,0,91,0,91,0,91,0,91,0,91,0,91,0,91,0,91,0,91,0,91,0,91,0,91,0,91,0,91,0,91,0,91,0,91,0,91,0,91,0,91,0,91,0,91,0,91,0,91,0,91,0,91,0,91,0,91,0,91,0,91,0,91,0,91,0,91,0,91,0,91,0,91,0,91,0,91,0,91,0,91,0,91,0,91,0,91,0,91,0,91,0,91,0,91,0,91,0,91,0,91,0,91,0,91,0,91,0,91,0,91,0,91,0,91,0,91,0,91,0,91,0,91,0,91,0,91,0,91,0,91,0,91,0,91,0,91,0,91,0,91,0,91,0,91,0,91,0,91,0,91,0,91,0,91,0,91,0,91,0,91,0,91,0,91,0,91,0,91,0,91,0,91,0,91,0,91,0,91,0,91,0,91,0,91,0,91,0,91,0,91,0,91,0,91,0,91,0,91,0,91,0,91,0,91,0,91,0,91,0,91,0,91,0,91,0,91,0,91,0,91,0,91,0,91,0,91,0,91,0,91,0,91,0,91,0,91,0,91,0,91,0,91,0,91,0,91,0,91,0,91,0,91,0,91,0,91,0,91,0,91,0,91,0,91,0,91,0,91,0,91,0,91,0,91,0,91,0,91,0,91,0,91,0,91,0,91,0,91,0,91,0,91,0,91,0,91,0,91,0,91,0,91,0,91,0,91,0,91,0,91,0,91,0,91,0,91,0,91,0,91,0,91,0,91,0,91,0,91,0,91,0,91,0,91,0,91,0,91,0,91,0,91,0,91,0,91,0,91,0,91,0,91,0,91,0,91,0,91,0,91,0,91,0,91,0,91,0,91,0,91,0,91,0,91,0,91,0,91,0,91,0,91,0,91,0,91,0,91,0,91,0,91,0,91,0,91,0,91,0,91,0,91,0,91,0,91,0,91,0,91,0,91,0,91,0,91,0,91,0,91,0,91,0,91,0,91,0,91,0,91,0,91,0,91,0,91,0,91,0,91,0,91,0,91,0,91,0,91,0,91,0,91,0,91,0,91,0,91,0,91,0,91,0,91,0,91,0,91,0,91,0,91,0,91,0,91,0,91,0,91,0,91,0,91,0,91,0,91,0,91,0,91,0,91,0,91,0,91,0,91,0,91,0,91,0,91,0,91,0,91,0,91,0,91,0,91,0,91,0,91,0,91,0,91,0,91,0,91,0,91,0,91,0,91,0,91,0,91,0,91,0,91,0,91,0,91,0,91,0,91,0,91,0,91,0,91,0,91,0,91,0,91,0,91,0,91,0,91,0,91,0,91,0,91,0,91,0,91,0,91,0,91,0,91,0,91,0,91,0,91,0,91,0,91,0,91,0,91,0,91,0,91,0,91,0,91,0,91,0,91,0,91,0,91,0,91,0,91,0,91,0,91,0,91,0,91,0,91,0,91,0,91,0,91,0
,,92,0,92,0,92,0,92,0,92,0,92,0,92,0,92,0,92,0,92,0,92,0,92,0,92,0,92,0,92,0,92,0,92,0,92,0,92,0,92,0,92,0,92,0,92,0,92,0,92,0,92,0,92,0,92,0,92,0,92,0,92,0,92,0,92,0,92,0,92,0,92,0,92,0,92,0,92,0,92,0,92,0,92,0,92,0,92,0,92,0,92,0,92,0,92,0,92,0,92,0,92,0,92,0,92,0,92,0,92,0,92,0,92,0,92,0,92,0,92,0,92,0,92,0,92,0,92,0,92,0,92,0,92,0,92,0,92,0,92,0,92,0,92,0,92,0,92,0,92,0,92,0,92,0,92,0,92,0,92,0,92,0,92,0,92,0,92,0,92,0,92,0,92,0,92,0,92,0,92,0,92,0,92,0,92,0,92,0,92,0,92,0,92,0,92,0,92,0,92,0,92,0,92,0,92,0,92,0,92,0,92,0,92,0,92,0,92,0,92,0,92,0,92,0,92,0,92,0,92,0,92,0,92,0,92,0,92,5,92,5,92,0,92,0,92,9,92,0,92,0,92,0,92,0,92,0,92,0,92,0,92,0,92,0,92,0,92,0,92,0,92,0,92,0,92,0,92,0,92,0,92,0,92,0,92,0,92,0,92,0,92,0,92,0,92,0,92,0,92,0,92,0,92,0,92,0,92,0,92,0,92,0,92,0,92,0,92,0,92,0,92,0,92,0,92,0,92,0,92,0,92,0,92,0,92,0,92,0,92,0,92,0,92,0,92,0,92,0,92,0,92,0,92,0,92,0,92,0,92,0,92,0,92,0,92,0,92,0,92,0,92,0,92,0,92,0,92,0,92,0,92,0,92,0,92,0,92,0,92,0,92,5,92,6,92,0,92,0,92,8,92,0,92,0,92,0,92,0,92,0,92,0,92,0,92,0,92,0,92,0,92,0,92,0,92,0,92,0,92,0,92,0,92,0,92,0,92,0,92,0,92,0,92,0,92,0,92,0,92,0,92,0,92,0,92,0,92,0,92,0,92,0,92,0,92,0,92,0,92,0,92,0,92,0,92,0,92,0,92,0,92,0,92,0,92,0,92,0,92,0,92,0,92,0,92,0,92,0,92,0,92,0,92,0,92,0,92,0,92,0,92,0,92,0,92,0,92,0,92,0,92,0,92,0,92,0,92,0,92,0,92,0,92,0,92,0,92,0,92,0,92,0,92,0,92,0,92,0,92,0,92,0,92,0,92,0,92,0,92,0,92,0,92,0,92,0,92,0,92,0,92,0,92,0,92,0,92,0,92,0,92,0,92,0,92,0,92,0,92,0,92,0,92,0,92,0,92,0,92,0,92,0,92,0,92,0,92,0,92,0,92,0,92,0,92,0,92,0,92,0,92,0,92,0,92,0,92,0,92,0,92,0,92,0,92,0,92,0,92,0,92,0,92,0,92,0,92,0,92,0,92,0,92,0,92,0,92,0,92,0,92,0,92,0,92,0,92,0,92,0,92,0,92,0,92,0,92,0,92,0,92,0,92,0,92,0,92,0,92,0,92,0,92,0,92,0,92,0,92,0,92,0,92,0,92,0,92,0,92,0,92,0,92,0,92,0,92,0,92,0,92,0,92,0,92,0,92,0,92,0,92,0,92,0,92,0,92,0,92,0,92,0,92,0,92,0,92,0,92,0,92,0,92,0,92,0,92,0,92,0,92,0,92,0,92,0,92,0,92,0,92,0,92,0,92,0,92,0,92,0,92,0,92,0,92,0,92,0,92,0,92,0,92,0,92,0,92,0,92,0,92,0,92,0,92,0,92,0,92,0,92,0,92,0,92,0,92,0,92,0,92,0,92,0,92,0,92,0,92,0,92,0,92,0,92,0,92,0,92,0,92,0,92,0,92,0,92,0,92,0,92,0,92,0,92,0,92,0,92,0,92,0,92,0,92,0,92,0,92,0,92,0,92,0,92,0,92,0,92,0,92,0,92,0,92,0,92,0,92,0,92,0,92,0,92,0,92,0,92,0,92,0,92,0,92,0,92,0,92,0,92,0,92,0,92,0,92,0,92,0,92,0,92,0,92,0,92,0,92,0,92,0,92,0,92,0,92,0,92,0,92,0,92,0,92,0,92,0,92,0,92,0,92,0,92,0,92,0,92,0,92,0,92,0,92,0,92,0,92,0,92,0,92,0,92,0,92,0,92,0,92,0,92,0,92,0,92,0,92,0,92,0,92,0,92,0,92,0,92,0,92,0,92,0,92,0,92,0,92,0,92,0,92,0,92,0,92,0,92,0,92,0,92,0,92,0,92,0,92,0,92,0,92,0,92,0,92,0,92,0,92,0,92,0,92,0,92,0,92,0,92,0,92,0,92,0,92,0,92,0,92,0,92,0,92,0,92,0,92,0,92,0,92,0,92,0,92,0,92,0,92,0,92,0,92,0,92,0
,,93,0,93,0,93,0,93,0,93,0,93,0,93,0,93,0,93,0,93,0,93,0,93,0,93,0,93,0,93,0,93,0,93,0,93,0,93,0,93,0,93,0,93,0,93,0,93,0,93,0,93,0,93,0,93,0,93,0,93,0,93,0,93,0,93,0,93,0,93,0,93,0,93,0,93,0,93,0,93,0,93,0,93,0,93,0,93,0,93,0,93,0,93,0,93,0,93,0,93,0,93,0,93,0,93,0,93,0,93,0,93,0,93,0,93,0,93,0,93,0,93,0,93,0,93,0,93,0,93,0,93,0,93,0,93,0,93,0,93,0,93,0,93,0,93,0,93,0,93,0,93,0,93,0,93,0,93,0,93,0,93,0,93,0,93,0,93,0,93,0,93,0,93,0,93,0,93,0,93,0,93,0,93,0,93,0,93,0,93,0,93,0,93,0,93,0,93,0,93,0,93,0,93,0,93,0,93,0,93,0,93,0,93,0,93,0,93,0,93,0,93,0,93,0,93,0,93,0,93,0,93,0,93,0,93,0,93,1,93,7,93,0,93,0,93,1,93,0,93,1,93,0,93,0,93,0,93,0,93,0,93,0,93,0,93,0,93,0,93,0,93,0,93,0,93,0,93,0,93,0,93,0,93,0,93,0,93,0,93,0,93,0,93,0,93,0,93,0,93,0,93,0,93,0,93,0,93,0,93,0,93,0,93,0,93,0,93,0,93,0,93,0,93,0,93,0,93,0,93,0,93,0,93,0,93,0,93,0,93,0,93,0,93,0,93,0,93,0,93,0,93,0,93,0,93,0,93,0,93,0,93,0,93,0,93,0,93,0,93,0,93,0,93,0,93,0,93,0,93,0,93,0,93,0,93,0,93,0,93,0,93,0,93,7,93,0,93,0,93,14,93,0,93,0,93,0,93,0,93,0,93,0,93,0,93,0,93,0,93,0,93,0,93,0,93,0,93,0,93,0,93,0,93,0,93,0,93,0,93,0,93,0,93,0,93,0,93,0,93,0,93,0,93,0,93,0,93,0,93,0,93,0,93,0,93,0,93,0,93,0,93,0,93,0,93,0,93,0,93,0,93,0,93,0,93,0,93,0,93,0,93,0,93,0,93,0,93,0,93,0,93,0,93,0,93,0,93,0,93,0,93,0,93,0,93,0,93,0,93,0,93,0,93,0,93,0,93,0,93,0,93,0,93,0,93,0,93,0,93,0,93,0,93,0,93,0,93,0,93,0,93,0,93,0,93,0,93,0,93,0,93,0,93,0,93,0,93,0,93,0,93,0,93,0,93,0,93,0,93,0,93,0,93,0,93,0,93,0,93,0,93,0,93,0,93,0,93,0,93,0,93,0,93,0,93,0,93,0,93,0,93,0,93,0,93,0,93,0,93,0,93,0,93,0,93,0,93,0,93,0,93,0,93,0,93,0,93,0,93,0,93,0,93,0,93,0,93,0,93,0,93,0,93,0,93,0,93,0,93,0,93,0,93,0,93,0,93,0,93,0,93,0,93,0,93,0,93,0,93,0,93,0,93,0,93,0,93,0,93,0,93,0,93,0,93,0,93,0,93,0,93,0,93,0,93,0,93,0,93,0,93,0,93,0,93,0,93,0,93,0,93,0,93,0,93,0,93,0,93,0,93,0,93,0,93,0,93,0,93,0,93,0,93,0,93,0,93,0,93,0,93,0,93,0,93,0,93,0,93,0,93,0,93,0,93,0,93,0,93,0,93,0,93,0,93,0,93,0,93,0,93,0,93,0,93,0,93,0,93,0,93,0,93,0,93,0,93,0,93,0,93,0,93,0,93,0,93,0,93,0,93,0,93,0,93,0,93,0,93,0,93,0,93,0,93,0,93,0,93,0,93,0,93,0,93,0,93,0,93,0,93,0,93,0,93,0,93,0,93,0,93,0,93,0,93,0,93,0,93,0,93,0,93,0,93,0,93,0,93,0,93,0,93,0,93,0,93,0,93,0,93,0,93,0,93,0,93,0,93,0,93,0,93,0,93,0,93,0,93,0,93,0,93,0,93,0,93,0,93,0,93,0,93,0,93,0,93,0,93,0,93,0,93,0,93,0,93,0,93,0,93,0,93,0,93,0,93,0,93,0,93,0,93,0,93,0,93,0,93,0,93,0,93,0,93,0,93,0,93,0,93,0,93,0,93,0,93,0,93,0,93,0,93,0,93,0,93,0,93,0,93,0,93,0,93,0,93,0,93,0,93,0,93,0,93,0,93,0,93,0,93,0,93,0,93,0,93,0,93,0,93,0,93,0,93,0,93,0,93,0,93,0,93,0,93,0,93,0,93,0,93,0,93,0,93,0,93,0,93,0,93,0,93,0,93,0,93,0,93,0,93,0,93,0,93,0,93,0,93,0,93,0,93,0,93,0,93,0,93,0,93,0,93,0,93,0,93,0,93,0,93,0,93,0,93,0,93,0
,,94,0,94,0,94,0,94,0,94,0,94,0,94,0,94,0,94,0,94,0,94,0,94,0,94,0,94,0,94,0,94,0,94,0,94,0,94,0,94,0,94,0,94,0,94,0,94,0,94,0,94,0,94,0,94,0,94,0,94,0,94,0,94,0,94,0,94,0,94,0,94,0,94,0,94,0,94,0,94,0,94,0,94,0,94,0,94,0,94,0,94,0,94,0,94,0,94,0,94,0,94,0,94,0,94,0,94,0,94,0,94,0,94,0,94,0,94,0,94,0,94,0,94,0,94,0,94,0,94,0,94,0,94,0,94,0,94,0,94,0,94,0,94,0,94,0,94,0,94,0,94,0,94,0,94,0,94,0,94,0,94,0,94,0,94,0,94,0,94,0,94,0,94,0,94,0,94,0,94,0,94,0,94,0,94,0,94,0,94,0,94,0,94,0,94,0,94,0,94,0,94,0,94,0,94,0,94,0,94,0,94,0,94,0,94,0,94,0,94,0,94,0,94,0,94,0,94,0,94,0,94,0,94,0,94,0,94,3,94,5,94,0,94,0,94,5,94,0,94,0,94,0,94,0,94,0,94,0,94,0,94,0,94,0,94,0,94,0,94,0,94,0,94,0,94,0,94,0,94,0,94,0,94,0,94,0,94,0,94,0,94,0,94,0,94,0,94,0,94,0,94,0,94,0,94,0,94,0,94,0,94,0,94,0,94,0,94,0,94,0,94,0,94,0,94,0,94,0,94,0,94,0,94,0,94,0,94,0,94,0,94,0,94,0,94,0,94,0,94,0,94,0,94,0,94,0,94,0,94,0,94,0,94,0,94,0,94,0,94,0,94,0,94,0,94,0,94,0,94,0,94,0,94,0,94,0,94,0,94,0,94,4,94,10,94,0,94,0,94,13,94,0,94,0,94,0,94,0,94,0,94,0,94,0,94,0,94,0,94,0,94,0,94,0,94,0,94,0,94,0,94,0,94,0,94,0,94,0,94,0,94,0,94,0,94,0,94,0,94,0,94,0,94,0,94,0,94,0,94,0,94,0,94,0,94,0,94,0,94,0,94,0,94,0,94,0,94,0,94,0,94,0,94,0,94,0,94,0,94,0,94,0,94,0,94,0,94,0,94,0,94,0,94,0,94,0,94,0,94,0,94,0,94,0,94,0,94,0,94,0,94,0,94,0,94,0,94,0,94,0,94,0,94,0,94,0,94,0,94,0,94,0,94,0,94,0,94,0,94,0,94,0,94,0,94,0,94,0,94,0,94,0,94,0,94,0,94,0,94,0,94,0,94,0,94,0,94,0,94,0,94,0,94,0,94,0,94,0,94,0,94,0,94,0,94,0,94,0,94,0,94,0,94,0,94,0,94,0,94,0,94,0,94,0,94,0,94,0,94,0,94,0,94,0,94,0,94,0,94,0,94,0,94,0,94,0,94,0,94,0,94,0,94,0,94,0,94,0,94,0,94,0,94,0,94,0,94,0,94,0,94,0,94,0,94,0,94,0,94,0,94,0,94,0,94,0,94,0,94,0,94,0,94,0,94,0,94,0,94,0,94,0,94,0,94,0,94,0,94,0,94,0,94,0,94,0,94,0,94,0,94,0,94,0,94,0,94,0,94,0,94,0,94,0,94,0,94,0,94,0,94,0,94,0,94,0,94,0,94,0,94,0,94,0,94,0,94,0,94,0,94,0,94,0,94,0,94,0,94,0,94,0,94,0,94,0,94,0,94,0,94,0,94,0,94,0,94,0,94,0,94,0,94,0,94,0,94,0,94,0,94,0,94,0,94,0,94,0,94,0,94,0,94,0,94,0,94,0,94,0,94,0,94,0,94,0,94,0,94,0,94,0,94,0,94,0,94,0,94,0,94,0,94,0,94,0,94,0,94,0,94,0,94,0,94,0,94,0,94,0,94,0,94,0,94,0,94,0,94,0,94,0,94,0,94,0,94,0,94,0,94,0,94,0,94,0,94,0,94,0,94,0,94,0,94,0,94,0,94,0,94,0,94,0,94,0,94,0,94,0,94,0,94,0,94,0,94,0,94,0,94,0,94,0,94,0,94,0,94,0,94,0,94,0,94,0,94,0,94,0,94,0,94,0,94,0,94,0,94,0,94,0,94,0,94,0,94,0,94,0,94,0,94,0,94,0,94,0,94,0,94,0,94,0,94,0,94,0,94,0,94,0,94,0,94,0,94,0,94,0,94,0,94,0,94,0,94,0,94,0,94,0,94,0,94,0,94,0,94,0,94,0,94,0,94,0,94,0,94,0,94,0,94,0,94,0,94,0,94,0,94,0,94,0,94,0,94,0,94,0,94,0,94,0,94,0,94,0,94,0,94,0,94,0,94,0,94,0,94,0,94,0,94,0,94,0,94,0,94,0,94,0,94,0,94,0,94,0,94,0,94,0,94,0,94,0,94,0,94,0,94,0,94,0,94,0,94,0
,,95,0,95,0,95,0,95,0,95,0,95,0,95,0,95,0,95,0,95,0,95,0,95,0,95,0,95,0,95,0,95,0,95,0,95,0,95,0,95,0,95,0,95,0,95,0,95,0,95,0,95,0,95,0,95,0,95,0,95,0,95,0,95,0,95,0,95,0,95,0,95,0,95,0,95,0,95,0,95,0,95,0,95,0,95,0,95,0,95,0,95,0,95,0,95,0,95,0,95,0,95,0,95,0,95,0,95,0,95,0,95,0,95,0,95,0,95,0,95,0,95,0,95,0,95,0,95,0,95,0,95,0,95,0,95,0,95,0,95,0,95,0,95,0,95,0,95,0,95,0,95,0,95,0,95,0,95,0,95,0,95,0,95,0,95,0,95,0,95,0,95,0,95,0,95,0,95,0,95,0,95,0,95,0,95,0,95,0,95,0,95,0,95,0,95,0,95,0,95,0,95,0,95,0,95,0,95,0,95,0,95,0,95,0,95,0,95,0,95,0,95,0,95,0,95,0,95,0,95,0,95,0,95,0,95,0,95,2,95,2,95,0,95,0,95,3,95,0,95,0,95,0,95,0,95,0,95,0,95,0,95,0,95,0,95,0,95,0,95,0,95,0,95,0,95,0,95,0,95,0,95,0,95,0,95,0,95,0,95,0,95,0,95,0,95,0,95,0,95,0,95,0,95,0,95,0,95,0,95,0,95,0,95,0,95,0,95,0,95,0,95,0,95,0,95,0,95,0,95,0,95,0,95,0,95,0,95,0,95,0,95,0,95,0,95,0,95,0,95,0,95,0,95,0,95,0,95,0,95,0,95,0,95,0,95,0,95,0,95,0,95,0,95,0,95,0,95,0,95,0,95,0,95,0,95,0,95,0,95,0,95,5,95,14,95,0,95,0,95,13,95,0,95,0,95,0,95,0,95,0,95,0,95,0,95,0,95,0,95,0,95,0,95,0,95,0,95,0,95,0,95,0,95,0,95,0,95,0,95,0,95,0,95,0,95,0,95,0,95,0,95,0,95,0,95,0,95,0,95,0,95,0,95,0,95,0,95,0,95,0,95,0,95,0,95,0,95,0,95,0,95,0,95,0,95,0,95,0,95,0,95,0,95,0,95,0,95,0,95,0,95,0,95,0,95,0,95,0,95,0,95,0,95,0,95,0,95,0,95,0,95,0,95,0,95,0,95,0,95,0,95,0,95,0,95,0,95,0,95,0,95,0,95,0,95,0,95,0,95,0,95,0,95,0,95,0,95,0,95,0,95,0,95,0,95,0,95,0,95,0,95,0,95,0,95,0,95,0,95,0,95,0,95,0,95,0,95,0,95,0,95,0,95,0,95,0,95,0,95,0,95,0,95,0,95,0,95,0,95,0,95,0,95,0,95,0,95,0,95,0,95,0,95,0,95,0,95,0,95,0,95,0,95,0,95,0,95,0,95,0,95,0,95,0,95,0,95,0,95,0,95,0,95,0,95,0,95,0,95,0,95,0,95,0,95,0,95,0,95,0,95,0,95,0,95,0,95,0,95,0,95,0,95,0,95,0,95,0,95,0,95,0,95,0,95,0,95,0,95,0,95,0,95,0,95,0,95,0,95,0,95,0,95,0,95,0,95,0,95,0,95,0,95,0,95,0,95,0,95,0,95,0,95,0,95,0,95,0,95,0,95,0,95,0,95,0,95,0,95,0,95,0,95,0,95,0,95,0,95,0,95,0,95,0,95,0,95,0,95,0,95,0,95,0,95,0,95,0,95,0,95,0,95,0,95,0,95,0,95,0,95,0,95,0,95,0,95,0,95,0,95,0,95,0,95,0,95,0,95,0,95,0,95,0,95,0,95,0,95,0,95,0,95,0,95,0,95,0,95,0,95,0,95,0,95,0,95,0,95,0,95,0,95,0,95,0,95,0,95,0,95,0,95,0,95,0,95,0,95,0,95,0,95,0,95,0,95,0,95,0,95,0,95,0,95,0,95,0,95,0,95,0,95,0,95,0,95,0,95,0,95,0,95,0,95,0,95,0,95,0,95,0,95,0,95,0,95,0,95,0,95,0,95,0,95,0,95,0,95,0,95,0,95,0,95,0,95,0,95,0,95,0,95,0,95,0,95,0,95,0,95,0,95,0,95,0,95,0,95,0,95,0,95,0,95,0,95,0,95,0,95,0,95,0,95,0,95,0,95,0,95,0,95,0,95,0,95,0,95,0,95,0,95,0,95,0,95,0,95,0,95,0,95,0,95,0,95,0,95,0,95,0,95,0,95,0,95,0,95,0,95,0,95,0,95,0,95,0,95,0,95,0,95,0,95,0,95,0,95,0,95,0,95,0,95,0,95,0,95,0,95,0,95,0,95,0,95,0,95,0,95,0,95,0,95,0,95,0,95,0,95,0,95,0,95,0,95,0,95,0,95,0,95,0,95,0,95,0,95,0,95,0,95,0,95,0,95,0
,,96,0,96,0,96,0,96,0,96,0,96,0,96,0,96,0,96,0,96,0,96,0,96,0,96,0,96,0,96,0,96,0,96,0,96,0,96,0,96,0,96,0,96,0,96,0,96,0,96,0,96,0,96,0,96,0,96,0,96,0,96,0,96,0,96,0,96,0,96,0,96,0,96,0,96,0,96,0,96,0,96,0,96,0,96,0,96,0,96,0,96,0,96,0,96,0,96,0,96,0,96,0,96,0,96,0,96,0,96,0,96,0,96,0,96,0,96,0,96,0,96,0,96,0,96,0,96,0,96,0,96,0,96,0,96,0,96,0,96,0,96,0,96,0,96,0,96,0,96,0,96,0,96,0,96,0,96,0,96,0,96,0,96,0,96,0,96,0,96,0,96,0,96,0,96,0,96,0,96,0,96,0,96,0,96,0,96,0,96,0,96,0,96,0,96,0,96,0,96,0,96,0,96,0,96,0,96,0,96,0,96,0,96,0,96,0,96,0,96,0,96,0,96,0,96,0,96,0,96,0,96,0,96,0,96,0,96,1,96,4,96,0,96,0,96,2,96,0,96,0,96,0,96,0,96,0,96,0,96,0,96,0,96,0,96,0,96,0,96,0,96,0,96,0,96,0,96,0,96,0,96,0,96,0,96,0,96,0,96,0,96,0,96,0,96,0,96,0,96,0,96,0,96,0,96,0,96,0,96,0,96,0,96,0,96,0,96,0,96,0,96,0,96,0,96,0,96,0,96,0,96,0,96,0,96,0,96,0,96,0,96,0,96,0,96,0,96,0,96,0,96,0,96,0,96,0,96,0,96,0,96,0,96,0,96,0,96,0,96,0,96,0,96,0,96,0,96,0,96,0,96,0,96,0,96,0,96,0,96,0,96,2,96,11,96,0,96,0,96,15,96,0,96,0,96,0,96,0,96,0,96,0,96,0,96,0,96,0,96,0,96,0,96,0,96,0,96,0,96,0,96,0,96,0,96,0,96,0,96,0,96,0,96,0,96,0,96,0,96,0,96,0,96,0,96,0,96,0,96,0,96,0,96,0,96,0,96,0,96,0,96,0,96,0,96,0,96,0,96,0,96,0,96,0,96,0,96,0,96,0,96,0,96,0,96,0,96,0,96,0,96,0,96,0,96,0,96,0,96,0,96,0,96,0,96,0,96,0,96,0,96,0,96,0,96,0,96,0,96,0,96,0,96,0,96,0,96,0,96,0,96,0,96,0,96,0,96,0,96,0,96,0,96,0,96,0,96,0,96,0,96,0,96,0,96,0,96,0,96,0,96,0,96,0,96,0,96,0,96,0,96,0,96,0,96,0,96,0,96,0,96,0,96,0,96,0,96,0,96,0,96,0,96,0,96,0,96,0,96,0,96,0,96,0,96,0,96,0,96,0,96,0,96,0,96,0,96,0,96,0,96,0,96,0,96,0,96,0,96,0,96,0,96,0,96,0,96,0,96,0,96,0,96,0,96,0,96,0,96,0,96,0,96,0,96,0,96,0,96,0,96,0,96,0,96,0,96,0,96,0,96,0,96,0,96,0,96,0,96,0,96,0,96,0,96,0,96,0,96,0,96,0,96,0,96,0,96,0,96,0,96,0,96,0,96,0,96,0,96,0,96,0,96,0,96,0,96,0,96,0,96,0,96,0,96,0,96,0,96,0,96,0,96,0,96,0,96,0,96,0,96,0,96,0,96,0,96,0,96,0,96,0,96,0,96,0,96,0,96,0,96,0,96,0,96,0,96,0,96,0,96,0,96,0,96,0,96,0,96,0,96,0,96,0,96,0,96,0,96,0,96,0,96,0,96,0,96,0,96,0,96,0,96,0,96,0,96,0,96,0,96,0,96,0,96,0,96,0,96,0,96,0,96,0,96,0,96,0,96,0,96,0,96,0,96,0,96,0,96,0,96,0,96,0,96,0,96,0,96,0,96,0,96,0,96,0,96,0,96,0,96,0,96,0,96,0,96,0,96,0,96,0,96,0,96,0,96,0,96,0,96,0,96,0,96,0,96,0,96,0,96,0,96,0,96,0,96,0,96,0,96,0,96,0,96,0,96,0,96,0,96,0,96,0,96,0,96,0,96,0,96,0,96,0,96,0,96,0,96,0,96,0,96,0,96,0,96,0,96,0,96,0,96,0,96,0,96,0,96,0,96,0,96,0,96,0,96,0,96,0,96,0,96,0,96,0,96,0,96,0,96,0,96,0,96,0,96,0,96,0,96,0,96,0,96,0,96,0,96,0,96,0,96,0,96,0,96,0,96,0,96,0,96,0,96,0,96,0,96,0,96,0,96,0,96,0,96,0,96,0,96,0,96,0,96,0,96,0,96,0,96,0,96,0,96,0,96,0,96,0,96,0,96,0,96,0,96,0,96,0,96,0,96,0,96,0,96,0,96,0,96,0,96,0,96,0,96,0,96,0,96,0,96,0,96,0,96,0
,,97,0,97,0,97,0,97,0,97,0,97,0,97,0,97,0,97,0,97,0,97,0,97,0,97,0,97,0,97,0,97,0,97,0,97,0,97,0,97,0,97,0,97,0,97,0,97,0,97,0,97,0,97,0,97,0,97,0,97,0,97,0,97,0,97,0,97,0,97,0,97,0,97,0,97,0,97,0,97,0,97,0,97,0,97,0,97,0,97,0,97,0,97,0,97,0,97,0,97,0,97,0,97,0,97,0,97,0,97,0,97,0,97,0,97,0,97,0,97,0,97,0,97,0,97,0,97,0,97,0,97,0,97,0,97,0,97,0,97,0,97,0,97,0,97,0,97,0,97,0,97,0,97,0,97,0,97,0,97,0,97,0,97,0,97,0,97,0,97,0,97,0,97,0,97,0,97,0,97,0,97,0,97,0,97,0,97,0,97,0,97,0,97,0,97,0,97,0,97,0,97,0,97,0,97,0,97,0,97,0,97,0,97,0,97,0,97,0,97,0,97,0,97,0,97,0,97,0,97,0,97,0,97,0,97,0,97,2,97,5,97,0,97,0,97,6,97,0,97,1,97,0,97,0,97,0,97,0,97,0,97,0,97,0,97,0,97,0,97,0,97,0,97,0,97,0,97,0,97,0,97,0,97,0,97,0,97,0,97,0,97,0,97,0,97,0,97,0,97,0,97,0,97,0,97,0,97,0,97,0,97,0,97,0,97,0,97,0,97,0,97,0,97,0,97,0,97,0,97,0,97,0,97,0,97,0,97,0,97,0,97,0,97,0,97,0,97,0,97,0,97,0,97,0,97,0,97,0,97,0,97,0,97,0,97,0,97,0,97,0,97,0,97,0,97,0,97,0,97,0,97,0,97,0,97,0,97,0,97,0,97,4,97,15,97,0,97,0,97,8,97,0,97,0,97,0,97,0,97,0,97,0,97,0,97,0,97,0,97,0,97,0,97,0,97,0,97,0,97,0,97,0,97,0,97,0,97,0,97,0,97,0,97,0,97,0,97,0,97,0,97,0,97,0,97,0,97,0,97,0,97,0,97,0,97,0,97,0,97,0,97,0,97,0,97,0,97,0,97,0,97,0,97,0,97,0,97,0,97,0,97,0,97,0,97,0,97,0,97,0,97,0,97,0,97,0,97,0,97,0,97,0,97,0,97,0,97,0,97,0,97,0,97,0,97,0,97,0,97,0,97,0,97,0,97,0,97,0,97,0,97,0,97,0,97,0,97,0,97,0,97,0,97,0,97,0,97,0,97,0,97,0,97,0,97,0,97,0,97,0,97,0,97,0,97,0,97,0,97,0,97,0,97,0,97,0,97,0,97,0,97,0,97,0,97,0,97,0,97,0,97,0,97,0,97,0,97,0,97,0,97,0,97,0,97,0,97,0,97,0,97,0,97,0,97,0,97,0,97,0,97,0,97,0,97,0,97,0,97,0,97,0,97,0,97,0,97,0,97,0,97,0,97,0,97,0,97,0,97,0,97,0,97,0,97,0,97,0,97,0,97,0,97,0,97,0,97,0,97,0,97,0,97,0,97,0,97,0,97,0,97,0,97,0,97,0,97,0,97,0,97,0,97,0,97,0,97,0,97,0,97,0,97,0,97,0,97,0,97,0,97,0,97,0,97,0,97,0,97,0,97,0,97,0,97,0,97,0,97,0,97,0,97,0,97,0,97,0,97,0,97,0,97,0,97,0,97,0,97,0,97,0,97,0,97,0,97,0,97,0,97,0,97,0,97,0,97,0,97,0,97,0,97,0,97,0,97,0,97,0,97,0,97,0,97,0,97,0,97,0,97,0,97,0,97,0,97,0,97,0,97,0,97,0,97,0,97,0,97,0,97,0,97,0,97,0,97,0,97,0,97,0,97,0,97,0,97,0,97,0,97,0,97,0,97,0,97,0,97,0,97,0,97,0,97,0,97,0,97,0,97,0,97,0,97,0,97,0,97,0,97,0,97,0,97,0,97,0,97,0,97,0,97,0,97,0,97,0,97,0,97,0,97,0,97,0,97,0,97,0,97,0,97,0,97,0,97,0,97,0,97,0,97,0,97,0,97,0,97,0,97,0,97,0,97,0,97,0,97,0,97,0,97,0,97,0,97,0,97,0,97,0,97,0,97,0,97,0,97,0,97,0,97,0,97,0,97,0,97,0,97,0,97,0,97,0,97,0,97,0,97,0,97,0,97,0,97,0,97,0,97,0,97,0,97,0,97,0,97,0,97,0,97,0,97,0,97,0,97,0,97,0,97,0,97,0,97,0,97,0,97,0,97,0,97,0,97,0,97,0,97,0,97,0,97,0,97,0,97,0,97,0,97,0,97,0,97,0,97,0,97,0,97,0,97,0,97,0,97,0,97,0,97,0,97,0,97,0,97,0,97,0,97,0,97,0,97,0,97,0,97,0,97,0,97,0,97,0,97,0,97,0,97,0,97,0,97,0
,,98,0,98,0,98,0,98,0,98,0,98,0,98,0,98,0,98,0,98,0,98,0,98,0,98,0,98,0,98,0,98,0,98,0,98,0,98,0,98,0,98,0,98,0,98,0,98,0,98,0,98,0,98,0,98,0,98,0,98,0,98,0,98,0,98,0,98,0,98,0,98,0,98,0,98,0,98,0,98,0,98,0,98,0,98,0,98,0,98,0,98,0,98,0,98,0,98,0,98,0,98,0,98,0,98,0,98,0,98,0,98,0,98,0,98,0,98,0,98,0,98,0,98,0,98,0,98,0,98,0,98,0,98,0,98,0,98,0,98,0,98,0,98,0,98,0,98,0,98,0,98,0,98,0,98,0,98,0,98,0,98,0,98,0,98,0,98,0,98,0,98,0,98,0,98,0,98,0,98,0,98,0,98,0,98,0,98,0,98,0,98,0,98,0,98,0,98,0,98,0,98,0,98,0,98,0,98,0,98,0,98,0,98,0,98,0,98,0,98,0,98,0,98,0,98,0,98,0,98,0,98,0,98,0,98,0,98,4,98,4,98,0,98,0,98,3,98,0,98,0,98,0,98,0,98,0,98,0,98,0,98,0,98,0,98,0,98,0,98,0,98,0,98,0,98,0,98,0,98,0,98,0,98,0,98,0,98,0,98,0,98,0,98,0,98,0,98,0,98,0,98,0,98,0,98,0,98,0,98,0,98,0,98,0,98,0,98,0,98,0,98,0,98,0,98,0,98,0,98,0,98,0,98,0,98,0,98,0,98,0,98,0,98,0,98,0,98,0,98,0,98,0,98,0,98,0,98,0,98,0,98,0,98,0,98,0,98,0,98,0,98,0,98,0,98,0,98,0,98,0,98,0,98,0,98,0,98,0,98,0,98,5,98,6,98,0,98,0,98,12,98,0,98,0,98,0,98,0,98,0,98,0,98,0,98,0,98,0,98,0,98,0,98,0,98,0,98,0,98,0,98,0,98,0,98,0,98,0,98,0,98,0,98,0,98,0,98,0,98,0,98,0,98,0,98,0,98,0,98,0,98,0,98,0,98,0,98,0,98,0,98,0,98,0,98,0,98,0,98,0,98,0,98,0,98,0,98,0,98,0,98,0,98,0,98,0,98,0,98,0,98,0,98,0,98,0,98,0,98,0,98,0,98,0,98,0,98,0,98,0,98,0,98,0,98,0,98,0,98,0,98,0,98,0,98,0,98,0,98,0,98,0,98,0,98,0,98,0,98,0,98,0,98,0,98,0,98,0,98,0,98,0,98,0,98,0,98,0,98,0,98,0,98,0,98,0,98,0,98,0,98,0,98,0,98,0,98,0,98,0,98,0,98,0,98,0,98,0,98,0,98,0,98,0,98,0,98,0,98,0,98,0,98,0,98,0,98,0,98,0,98,0,98,0,98,0,98,0,98,0,98,0,98,0,98,0,98,0,98,0,98,0,98,0,98,0,98,0,98,0,98,0,98,0,98,0,98,0,98,0,98,0,98,0,98,0,98,0,98,0,98,0,98,0,98,0,98,0,98,0,98,0,98,0,98,0,98,0,98,0,98,0,98,0,98,0,98,0,98,0,98,0,98,0,98,0,98,0,98,0,98,0,98,0,98,0,98,0,98,0,98,0,98,0,98,0,98,0,98,0,98,0,98,0,98,0,98,0,98,0,98,0,98,0,98,0,98,0,98,0,98,0,98,0,98,0,98,0,98,0,98,0,98,0,98,0,98,0,98,0,98,0,98,0,98,0,98,0,98,0,98,0,98,0,98,0,98,0,98,0,98,0,98,0,98,0,98,0,98,0,98,0,98,0,98,0,98,0,98,0,98,0,98,0,98,0,98,0,98,0,98,0,98,0,98,0,98,0,98,0,98,0,98,0,98,0,98,0,98,0,98,0,98,0,98,0,98,0,98,0,98,0,98,0,98,0,98,0,98,0,98,0,98,0,98,0,98,0,98,0,98,0,98,0,98,0,98,0,98,0,98,0,98,0,98,0,98,0,98,0,98,0,98,0,98,0,98,0,98,0,98,0,98,0,98,0,98,0,98,0,98,0,98,0,98,0,98,0,98,0,98,0,98,0,98,0,98,0,98,0,98,0,98,0,98,0,98,0,98,0,98,0,98,0,98,0,98,0,98,0,98,0,98,0,98,0,98,0,98,0,98,0,98,0,98,0,98,0,98,0,98,0,98,0,98,0,98,0,98,0,98,0,98,0,98,0,98,0,98,0,98,0,98,0,98,0,98,0,98,0,98,0,98,0,98,0,98,0,98,0,98,0,98,0,98,0,98,0,98,0,98,0,98,0,98,0,98,0,98,0,98,0,98,0,98,0,98,0,98,0,98,0,98,0,98,0,98,0,98,0,98,0,98,0,98,0,98,0,98,0,98,0,98,0,98,0,98,0,98,0,98,0,98,0,98,0,98,0,98,0,98,0,98,0,98,0,98,0
,,99,0,99,0,99,0,99,0,99,0,99,0,99,0,99,0,99,0,99,0,99,0,99,0,99,0,99,0,99,0,99,0,99,0,99,0,99,0,99,0,99,0,99,0,99,0,99,0,99,0,99,0,99,0,99,0,99,0,99,0,99,0,99,0,99,0,99,0,99,0,99,0,99,0,99,0,99,0,99,0,99,0,99,0,99,0,99,0,99,0,99,0,99,0,99,0,99,0,99,0,99,0,99,0,99,0,99,0,99,0,99,0,99,0,99,0,99,0,99,0,99,0,99,0,99,0,99,0,99,0,99,0,99,0,99,0,99,0,99,0,99,0,99,0,99,0,99,0,99,0,99,0,99,0,99,0,99,0,99,0,99,0,99,0,99,0,99,0,99,0,99,0,99,0,99,0,99,0,99,0,99,0,99,0,99,0,99,0,99,0,99,0,99,0,99,0,99,0,99,0,99,0,99,0,99,0,99,0,99,0,99,0,99,0,99,0,99,0,99,0,99,0,99,0,99,0,99,0,99,0,99,0,99,0,99,0,99,0,99,1,99,0,99,0,99,5,99,0,99,0,99,0,99,0,99,0,99,0,99,0,99,0,99,0,99,0,99,0,99,0,99,0,99,0,99,0,99,0,99,0,99,0,99,0,99,0,99,0,99,0,99,0,99,0,99,0,99,0,99,0,99,0,99,0,99,0,99,0,99,0,99,0,99,0,99,0,99,0,99,0,99,0,99,0,99,0,99,0,99,0,99,0,99,0,99,0,99,0,99,0,99,0,99,0,99,0,99,0,99,0,99,0,99,0,99,0,99,0,99,0,99,0,99,0,99,0,99,0,99,0,99,0,99,0,99,0,99,0,99,0,99,0,99,0,99,0,99,0,99,0,99,6,99,21,99,0,99,0,99,9,99,0,99,0,99,0,99,0,99,0,99,0,99,0,99,0,99,0,99,0,99,0,99,0,99,0,99,0,99,0,99,0,99,0,99,0,99,0,99,0,99,0,99,0,99,0,99,0,99,0,99,0,99,0,99,0,99,0,99,0,99,0,99,0,99,0,99,0,99,0,99,0,99,0,99,0,99,0,99,0,99,0,99,0,99,0,99,0,99,0,99,0,99,0,99,0,99,0,99,0,99,0,99,0,99,0,99,0,99,0,99,0,99,0,99,0,99,0,99,0,99,0,99,0,99,0,99,0,99,0,99,0,99,0,99,0,99,0,99,0,99,0,99,0,99,0,99,0,99,0,99,0,99,0,99,0,99,0,99,0,99,0,99,0,99,0,99,0,99,0,99,0,99,0,99,0,99,0,99,0,99,0,99,0,99,0,99,0,99,0,99,0,99,0,99,0,99,0,99,0,99,0,99,0,99,0,99,0,99,0,99,0,99,0,99,0,99,0,99,0,99,0,99,0,99,0,99,0,99,0,99,0,99,0,99,0,99,0,99,0,99,0,99,0,99,0,99,0,99,0,99,0,99,0,99,0,99,0,99,0,99,0,99,0,99,0,99,0,99,0,99,0,99,0,99,0,99,0,99,0,99,0,99,0,99,0,99,0,99,0,99,0,99,0,99,0,99,0,99,0,99,0,99,0,99,0,99,0,99,0,99,0,99,0,99,0,99,0,99,0,99,0,99,0,99,0,99,0,99,0,99,0,99,0,99,0,99,0,99,0,99,0,99,0,99,0,99,0,99,0,99,0,99,0,99,0,99,0,99,0,99,0,99,0,99,0,99,0,99,0,99,0,99,0,99,0,99,0,99,0,99,0,99,0,99,0,99,0,99,0,99,0,99,0,99,0,99,0,99,0,99,0,99,0,99,0,99,0,99,0,99,0,99,0,99,0,99,0,99,0,99,0,99,0,99,0,99,0,99,0,99,0,99,0,99,0,99,0,99,0,99,0,99,0,99,0,99,0,99,0,99,0,99,0,99,0,99,0,99,0,99,0,99,0,99,0,99,0,99,0,99,0,99,0,99,0,99,0,99,0,99,0,99,0,99,0,99,0,99,0,99,0,99,0,99,0,99,0,99,0,99,0,99,0,99,0,99,0,99,0,99,0,99,0,99,0,99,0,99,0,99,0,99,0,99,0,99,0,99,0,99,0,99,0,99,0,99,0,99,0,99,0,99,0,99,0,99,0,99,0,99,0,99,0,99,0,99,0,99,0,99,0,99,0,99,0,99,0,99,0,99,0,99,0,99,0,99,0,99,0,99,0,99,0,99,0,99,0,99,0,99,0,99,0,99,0,99,0,99,0,99,0,99,0,99,0,99,0,99,0,99,0,99,0,99,0,99,0,99,0,99,0,99,0,99,0,99,0,99,0,99,0,99,0,99,0,99,0,99,0,99,0,99,0,99,0,99,0,99,0,99,0,99,0,99,0,99,0,99,0,99,0,99,0,99,0,99,0,99,0,99,0,99,0,99,0,99,0,99,0,99,0,99,0,99,0,99,0
,,100,0,100,0,100,0,100,0,100,0,100,0,100,0,100,0,100,0,100,0,100,0,100,0,100,0,100,0,100,0,100,0,100,0,100,0,100,0,100,0,100,0,100,0,100,0,100,0,100,0,100,0,100,0,100,0,100,0,100,0,100,0,100,0,100,0,100,0,100,0,100,0,100,0,100,0,100,0,100,0,100,0,100,0,100,0,100,0,100,0,100,0,100,0,100,0,100,0,100,0,100,0,100,0,100,0,100,0,100,0,100,0,100,0,100,0,100,0,100,0,100,0,100,0,100,0,100,0,100,0,100,0,100,0,100,0,100,0,100,0,100,0,100,0,100,0,100,0,100,0,100,0,100,0,100,0,100,0,100,0,100,0,100,0,100,0,100,0,100,0,100,0,100,0,100,0,100,0,100,0,100,0,100,0,100,0,100,0,100,0,100,0,100,0,100,0,100,0,100,0,100,0,100,0,100,0,100,0,100,0,100,0,100,0,100,0,100,0,100,0,100,0,100,0,100,0,100,0,100,0,100,0,100,0,100,0,100,5,100,6,100,0,100,0,100,3,100,0,100,0,100,0,100,0,100,0,100,0,100,0,100,0,100,0,100,0,100,0,100,0,100,0,100,0,100,0,100,0,100,0,100,0,100,0,100,0,100,0,100,0,100,0,100,0,100,0,100,0,100,0,100,0,100,0,100,0,100,0,100,0,100,0,100,0,100,0,100,0,100,0,100,0,100,0,100,0,100,0,100,0,100,0,100,0,100,0,100,0,100,0,100,0,100,0,100,0,100,0,100,0,100,0,100,0,100,0,100,0,100,0,100,0,100,0,100,0,100,0,100,0,100,0,100,0,100,0,100,0,100,0,100,0,100,0,100,0,100,0,100,0,100,4,100,8,100,0,100,0,100,13,100,0,100,0,100,0,100,0,100,0,100,0,100,0,100,0,100,0,100,0,100,0,100,0,100,0,100,0,100,0,100,0,100,0,100,0,100,0,100,0,100,0,100,0,100,0,100,0,100,0,100,0,100,0,100,0,100,0,100,0,100,0,100,0,100,0,100,0,100,0,100,0,100,0,100,0,100,0,100,0,100,0,100,0,100,0,100,0,100,0,100,0,100,0,100,0,100,0,100,0,100,0,100,0,100,0,100,0,100,0,100,0,100,0,100,0,100,0,100,0,100,0,100,0,100,0,100,0,100,0,100,0,100,0,100,0,100,0,100,0,100,0,100,0,100,0,100,0,100,0,100,0,100,0,100,0,100,0,100,0,100,0,100,0,100,0,100,0,100,0,100,0,100,0,100,0,100,0,100,0,100,0,100,0,100,0,100,0,100,0,100,0,100,0,100,0,100,0,100,0,100,0,100,0,100,0,100,0,100,0,100,0,100,0,100,0,100,0,100,0,100,0,100,0,100,0,100,0,100,0,100,0,100,0,100,0,100,0,100,0,100,0,100,0,100,0,100,0,100,0,100,0,100,0,100,0,100,0,100,0,100,0,100,0,100,0,100,0,100,0,100,0,100,0,100,0,100,0,100,0,100,0,100,0,100,0,100,0,100,0,100,0,100,0,100,0,100,0,100,0,100,0,100,0,100,0,100,0,100,0,100,0,100,0,100,0,100,0,100,0,100,0,100,0,100,0,100,0,100,0,100,0,100,0,100,0,100,0,100,0,100,0,100,0,100,0,100,0,100,0,100,0,100,0,100,0,100,0,100,0,100,0,100,0,100,0,100,0,100,0,100,0,100,0,100,0,100,0,100,0,100,0,100,0,100,0,100,0,100,0,100,0,100,0,100,0,100,0,100,0,100,0,100,0,100,0,100,0,100,0,100,0,100,0,100,0,100,0,100,0,100,0,100,0,100,0,100,0,100,0,100,0,100,0,100,0,100,0,100,0,100,0,100,0,100,0,100,0,100,0,100,0,100,0,100,0,100,0,100,0,100,0,100,0,100,0,100,0,100,0,100,0,100,0,100,0,100,0,100,0,100,0,100,0,100,0,100,0,100,0,100,0,100,0,100,0,100,0,100,0,100,0,100,0,100,0,100,0,100,0,100,0,100,0,100,0,100,0,100,0,100,0,100,0,100,0,100,0,100,0,100,0,100,0,100,0,100,0,100,0,100,0,100,0,100,0,100,0,100,0,100,0,100,0,100,0,100,0,100,0,100,0,100,0,100,0,100,0,100,0,100,0,100,0,100,0,100,0,100,0,100,0,100,0,100,0,100,0,100,0,100,0,100,0,100,0,100,0,100,0,100,0,100,0,100,0,100,0,100,0,100,0,100,0,100,0,100,0,100,0,100,0,100,0,100,0,100,0,100,0,100,0,100,0,100,0,100,0,100,0,100,0,100,0,100,0,100,0,100,0,100,0,100,0,100,0,100,0,100,0,100,0,100,0,100,0,100,0,100,0,100,0,100,0,100,0,100,0,100,0,100,0,100,0,100,0,100,0
,,101,0,101,0,101,0,101,0,101,0,101,0,101,0,101,0,101,0,101,0,101,0,101,0,101,0,101,0,101,0,101,0,101,0,101,0,101,0,101,0,101,0,101,0,101,0,101,0,101,0,101,0,101,0,101,0,101,0,101,0,101,0,101,0,101,0,101,0,101,0,101,0,101,0,101,0,101,0,101,0,101,0,101,0,101,0,101,0,101,0,101,0,101,0,101,0,101,0,101,0,101,0,101,0,101,0,101,0,101,0,101,0,101,0,101,0,101,0,101,0,101,0,101,0,101,0,101,0,101,0,101,0,101,0,101,0,101,0,101,0,101,0,101,0,101,0,101,0,101,0,101,0,101,0,101,0,101,0,101,0,101,0,101,0,101,0,101,0,101,0,101,0,101,0,101,0,101,0,101,0,101,0,101,0,101,0,101,0,101,0,101,0,101,0,101,0,101,0,101,0,101,0,101,0,101,0,101,0,101,0,101,0,101,0,101,0,101,0,101,0,101,0,101,0,101,0,101,0,101,0,101,0,101,0,101,0,101,1,101,3,101,0,101,0,101,0,101,0,101,0,101,0,101,0,101,0,101,0,101,0,101,0,101,0,101,0,101,0,101,0,101,0,101,0,101,0,101,0,101,0,101,0,101,0,101,0,101,0,101,0,101,0,101,0,101,0,101,0,101,0,101,0,101,0,101,0,101,0,101,0,101,0,101,0,101,0,101,0,101,0,101,0,101,0,101,0,101,0,101,0,101,0,101,0,101,0,101,0,101,0,101,0,101,0,101,0,101,0,101,0,101,0,101,0,101,0,101,0,101,0,101,0,101,0,101,0,101,0,101,0,101,0,101,0,101,0,101,0,101,0,101,0,101,0,101,0,101,0,101,0,101,2,101,12,101,0,101,0,101,16,101,0,101,0,101,0,101,0,101,0,101,0,101,0,101,0,101,0,101,0,101,0,101,0,101,0,101,0,101,0,101,0,101,0,101,0,101,0,101,0,101,0,101,0,101,0,101,0,101,0,101,0,101,0,101,0,101,0,101,0,101,0,101,0,101,0,101,0,101,0,101,0,101,0,101,0,101,0,101,0,101,0,101,0,101,0,101,0,101,0,101,0,101,0,101,0,101,0,101,0,101,0,101,0,101,0,101,0,101,0,101,0,101,0,101,0,101,0,101,0,101,0,101,0,101,0,101,0,101,0,101,0,101,0,101,0,101,0,101,0,101,0,101,0,101,0,101,0,101,0,101,0,101,0,101,0,101,0,101,0,101,0,101,0,101,0,101,0,101,0,101,0,101,0,101,0,101,0,101,0,101,0,101,0,101,0,101,0,101,0,101,0,101,0,101,0,101,0,101,0,101,0,101,0,101,0,101,0,101,0,101,0,101,0,101,0,101,0,101,0,101,0,101,0,101,0,101,0,101,0,101,0,101,0,101,0,101,0,101,0,101,0,101,0,101,0,101,0,101,0,101,0,101,0,101,0,101,0,101,0,101,0,101,0,101,0,101,0,101,0,101,0,101,0,101,0,101,0,101,0,101,0,101,0,101,0,101,0,101,0,101,0,101,0,101,0,101,0,101,0,101,0,101,0,101,0,101,0,101,0,101,0,101,0,101,0,101,0,101,0,101,0,101,0,101,0,101,0,101,0,101,0,101,0,101,0,101,0,101,0,101,0,101,0,101,0,101,0,101,0,101,0,101,0,101,0,101,0,101,0,101,0,101,0,101,0,101,0,101,0,101,0,101,0,101,0,101,0,101,0,101,0,101,0,101,0,101,0,101,0,101,0,101,0,101,0,101,0,101,0,101,0,101,0,101,0,101,0,101,0,101,0,101,0,101,0,101,0,101,0,101,0,101,0,101,0,101,0,101,0,101,0,101,0,101,0,101,0,101,0,101,0,101,0,101,0,101,0,101,0,101,0,101,0,101,0,101,0,101,0,101,0,101,0,101,0,101,0,101,0,101,0,101,0,101,0,101,0,101,0,101,0,101,0,101,0,101,0,101,0,101,0,101,0,101,0,101,0,101,0,101,0,101,0,101,0,101,0,101,0,101,0,101,0,101,0,101,0,101,0,101,0,101,0,101,0,101,0,101,0,101,0,101,0,101,0,101,0,101,0,101,0,101,0,101,0,101,0,101,0,101,0,101,0,101,0,101,0,101,0,101,0,101,0,101,0,101,0,101,0,101,0,101,0,101,0,101,0,101,0,101,0,101,0,101,0,101,0,101,0,101,0,101,0,101,0,101,0,101,0,101,0,101,0,101,0,101,0,101,0,101,0,101,0,101,0,101,0,101,0,101,0,101,0,101,0,101,0,101,0,101,0,101,0,101,0,101,0,101,0,101,0,101,0,101,0,101,0,101,0,101,0,101,0,101,0,101,0,101,0,101,0,101,0,101,0,101,0,101,0,101,0,101,0,101,0,101,0,101,0,101,0,101,0,101,0,101,0
,,102,0,102,0,102,0,102,0,102,0,102,0,102,0,102,0,102,0,102,0,102,0,102,0,102,0,102,0,102,0,102,0,102,0,102,0,102,0,102,0,102,0,102,0,102,0,102,0,102,0,102,0,102,0,102,0,102,0,102,0,102,0,102,0,102,0,102,0,102,0,102,0,102,0,102,0,102,0,102,0,102,0,102,0,102,0,102,0,102,0,102,0,102,0,102,0,102,0,102,0,102,0,102,0,102,0,102,0,102,0,102,0,102,0,102,0,102,0,102,0,102,0,102,0,102,0,102,0,102,0,102,0,102,0,102,0,102,0,102,0,102,0,102,0,102,0,102,0,102,0,102,0,102,0,102,0,102,0,102,0,102,0,102,0,102,0,102,0,102,0,102,0,102,0,102,0,102,0,102,0,102,0,102,0,102,0,102,0,102,0,102,0,102,0,102,0,102,0,102,0,102,0,102,0,102,0,102,0,102,0,102,0,102,0,102,0,102,0,102,0,102,0,102,0,102,0,102,0,102,1,102,0,102,0,102,0,102,4,102,1,102,0,102,0,102,5,102,0,102,0,102,0,102,0,102,0,102,0,102,0,102,0,102,0,102,0,102,0,102,0,102,0,102,0,102,0,102,0,102,0,102,0,102,0,102,0,102,0,102,0,102,0,102,0,102,0,102,0,102,0,102,0,102,0,102,0,102,0,102,0,102,0,102,0,102,0,102,0,102,0,102,0,102,0,102,0,102,0,102,0,102,0,102,0,102,0,102,0,102,0,102,0,102,0,102,0,102,0,102,0,102,0,102,0,102,0,102,0,102,0,102,0,102,0,102,0,102,0,102,0,102,0,102,0,102,0,102,0,102,0,102,0,102,0,102,0,102,0,102,0,102,10,102,11,102,0,102,0,102,10,102,0,102,0,102,0,102,0,102,0,102,0,102,0,102,0,102,0,102,0,102,0,102,0,102,0,102,0,102,0,102,0,102,0,102,0,102,0,102,0,102,0,102,0,102,0,102,0,102,0,102,0,102,0,102,0,102,0,102,0,102,0,102,0,102,0,102,0,102,0,102,0,102,0,102,0,102,0,102,0,102,0,102,0,102,0,102,0,102,0,102,0,102,0,102,0,102,0,102,0,102,0,102,0,102,0,102,0,102,0,102,0,102,0,102,0,102,0,102,0,102,0,102,0,102,0,102,0,102,0,102,0,102,0,102,0,102,0,102,0,102,0,102,0,102,0,102,0,102,0,102,0,102,0,102,0,102,0,102,0,102,0,102,0,102,0,102,0,102,0,102,0,102,0,102,0,102,0,102,0,102,0,102,0,102,0,102,0,102,0,102,0,102,0,102,0,102,0,102,0,102,0,102,0,102,0,102,0,102,0,102,0,102,0,102,0,102,0,102,0,102,0,102,0,102,0,102,0,102,0,102,0,102,0,102,0,102,0,102,0,102,0,102,0,102,0,102,0,102,0,102,0,102,0,102,0,102,0,102,0,102,0,102,0,102,0,102,0,102,0,102,0,102,0,102,0,102,0,102,0,102,0,102,0,102,0,102,0,102,0,102,0,102,0,102,0,102,0,102,0,102,0,102,0,102,0,102,0,102,0,102,0,102,0,102,0,102,0,102,0,102,0,102,0,102,0,102,0,102,0,102,0,102,0,102,0,102,0,102,0,102,0,102,0,102,0,102,0,102,0,102,0,102,0,102,0,102,0,102,0,102,0,102,0,102,0,102,0,102,0,102,0,102,0,102,0,102,0,102,0,102,0,102,0,102,0,102,0,102,0,102,0,102,0,102,0,102,0,102,0,102,0,102,0,102,0,102,0,102,0,102,0,102,0,102,0,102,0,102,0,102,0,102,0,102,0,102,0,102,0,102,0,102,0,102,0,102,0,102,0,102,0,102,0,102,0,102,0,102,0,102,0,102,0,102,0,102,0,102,0,102,0,102,0,102,0,102,0,102,0,102,0,102,0,102,0,102,0,102,0,102,0,102,0,102,0,102,0,102,0,102,0,102,0,102,0,102,0,102,0,102,0,102,0,102,0,102,0,102,0,102,0,102,0,102,0,102,0,102,0,102,0,102,0,102,0,102,0,102,0,102,0,102,0,102,0,102,0,102,0,102,0,102,0,102,0,102,0,102,0,102,0,102,0,102,0,102,0,102,0,102,0,102,0,102,0,102,0,102,0,102,0,102,0,102,0,102,0,102,0,102,0,102,0,102,0,102,0,102,0,102,0,102,0,102,0,102,0,102,0,102,0,102,0,102,0,102,0,102,0,102,0,102,0,102,0,102,0,102,0,102,0,102,0,102,0,102,0,102,0,102,0,102,0,102,0,102,0,102,0,102,0,102,0,102,0,102,0,102,0,102,0,102,0,102,0,102,0,102,0,102,0,102,0,102,0,102,0,102,0,102,0,102,0,102,0,102,0,102,0,102,0,102,0,102,0,102,0
,,103,0,103,0,103,0,103,0,103,0,103,0,103,0,103,0,103,0,103,0,103,0,103,0,103,0,103,0,103,0,103,0,103,0,103,0,103,0,103,0,103,0,103,0,103,0,103,0,103,0,103,0,103,0,103,0,103,0,103,0,103,0,103,0,103,0,103,0,103,0,103,0,103,0,103,0,103,0,103,0,103,0,103,0,103,0,103,0,103,0,103,0,103,0,103,0,103,0,103,0,103,0,103,0,103,0,103,0,103,0,103,0,103,0,103,0,103,0,103,0,103,0,103,0,103,0,103,0,103,0,103,0,103,0,103,0,103,0,103,0,103,0,103,0,103,0,103,0,103,0,103,0,103,0,103,0,103,0,103,0,103,0,103,0,103,0,103,0,103,0,103,0,103,0,103,0,103,0,103,0,103,0,103,0,103,0,103,0,103,0,103,0,103,0,103,0,103,0,103,0,103,0,103,0,103,0,103,0,103,0,103,0,103,0,103,0,103,0,103,0,103,0,103,0,103,0,103,0,103,1,103,0,103,0,103,0,103,5,103,4,103,0,103,0,103,4,103,0,103,0,103,0,103,0,103,0,103,0,103,0,103,0,103,0,103,0,103,0,103,0,103,0,103,0,103,0,103,0,103,0,103,0,103,0,103,0,103,0,103,0,103,0,103,0,103,0,103,0,103,0,103,0,103,0,103,0,103,0,103,0,103,0,103,0,103,0,103,0,103,0,103,0,103,0,103,0,103,0,103,0,103,0,103,0,103,0,103,0,103,0,103,0,103,0,103,0,103,0,103,0,103,0,103,0,103,0,103,0,103,0,103,0,103,0,103,0,103,0,103,0,103,0,103,0,103,0,103,0,103,0,103,0,103,0,103,0,103,0,103,0,103,5,103,8,103,0,103,0,103,12,103,0,103,0,103,0,103,0,103,0,103,0,103,0,103,0,103,0,103,0,103,0,103,0,103,0,103,0,103,0,103,0,103,0,103,0,103,0,103,0,103,0,103,0,103,0,103,0,103,0,103,0,103,0,103,0,103,0,103,0,103,0,103,0,103,0,103,0,103,0,103,0,103,0,103,0,103,0,103,0,103,0,103,0,103,0,103,0,103,0,103,0,103,0,103,0,103,0,103,0,103,0,103,0,103,0,103,0,103,0,103,0,103,0,103,0,103,0,103,0,103,0,103,0,103,0,103,0,103,0,103,0,103,0,103,0,103,0,103,0,103,0,103,0,103,0,103,0,103,0,103,0,103,0,103,0,103,0,103,0,103,0,103,0,103,0,103,0,103,0,103,0,103,0,103,0,103,0,103,0,103,0,103,0,103,0,103,0,103,0,103,0,103,0,103,0,103,0,103,0,103,0,103,0,103,0,103,0,103,0,103,0,103,0,103,0,103,0,103,0,103,0,103,0,103,0,103,0,103,0,103,0,103,0,103,0,103,0,103,0,103,0,103,0,103,0,103,0,103,0,103,0,103,0,103,0,103,0,103,0,103,0,103,0,103,0,103,0,103,0,103,0,103,0,103,0,103,0,103,0,103,0,103,0,103,0,103,0,103,0,103,0,103,0,103,0,103,0,103,0,103,0,103,0,103,0,103,0,103,0,103,0,103,0,103,0,103,0,103,0,103,0,103,0,103,0,103,0,103,0,103,0,103,0,103,0,103,0,103,0,103,0,103,0,103,0,103,0,103,0,103,0,103,0,103,0,103,0,103,0,103,0,103,0,103,0,103,0,103,0,103,0,103,0,103,0,103,0,103,0,103,0,103,0,103,0,103,0,103,0,103,0,103,0,103,0,103,0,103,0,103,0,103,0,103,0,103,0,103,0,103,0,103,0,103,0,103,0,103,0,103,0,103,0,103,0,103,0,103,0,103,0,103,0,103,0,103,0,103,0,103,0,103,0,103,0,103,0,103,0,103,0,103,0,103,0,103,0,103,0,103,0,103,0,103,0,103,0,103,0,103,0,103,0,103,0,103,0,103,0,103,0,103,0,103,0,103,0,103,0,103,0,103,0,103,0,103,0,103,0,103,0,103,0,103,0,103,0,103,0,103,0,103,0,103,0,103,0,103,0,103,0,103,0,103,0,103,0,103,0,103,0,103,0,103,0,103,0,103,0,103,0,103,0,103,0,103,0,103,0,103,0,103,0,103,0,103,0,103,0,103,0,103,0,103,0,103,0,103,0,103,0,103,0,103,0,103,0,103,0,103,0,103,0,103,0,103,0,103,0,103,0,103,0,103,0,103,0,103,0,103,0,103,0,103,0,103,0,103,0,103,0,103,0,103,0,103,0,103,0,103,0,103,0,103,0,103,0,103,0,103,0,103,0,103,0,103,0,103,0,103,0,103,0,103,0,103,0,103,0,103,0,103,0,103,0,103,0,103,0,103,0,103,0,103,0,103,0,103,0,103,0,103,0,103,0,103,0,103,0,103,0,103,0,103,0,103,0
,,104,0,104,0,104,0,104,0,104,0,104,0,104,0,104,0,104,0,104,0,104,0,104,0,104,0,104,0,104,0,104,0,104,0,104,0,104,0,104,0,104,0,104,0,104,0,104,0,104,0,104,0,104,0,104,0,104,0,104,0,104,0,104,0,104,0,104,0,104,0,104,0,104,0,104,0,104,0,104,0,104,0,104,0,104,0,104,0,104,0,104,0,104,0,104,0,104,0,104,0,104,0,104,0,104,0,104,0,104,0,104,0,104,0,104,0,104,0,104,0,104,0,104,0,104,0,104,0,104,0,104,0,104,0,104,0,104,0,104,0,104,0,104,0,104,0,104,0,104,0,104,0,104,0,104,0,104,0,104,0,104,0,104,0,104,0,104,0,104,0,104,0,104,0,104,0,104,0,104,0,104,0,104,0,104,0,104,0,104,0,104,0,104,0,104,0,104,0,104,0,104,0,104,0,104,0,104,0,104,0,104,0,104,0,104,0,104,0,104,0,104,0,104,0,104,0,104,0,104,0,104,0,104,0,104,0,104,5,104,6,104,0,104,0,104,3,104,0,104,0,104,0,104,0,104,0,104,0,104,0,104,0,104,0,104,0,104,0,104,0,104,0,104,0,104,0,104,0,104,0,104,0,104,0,104,0,104,0,104,0,104,0,104,0,104,0,104,0,104,0,104,0,104,0,104,0,104,0,104,0,104,0,104,0,104,0,104,0,104,0,104,0,104,0,104,0,104,0,104,0,104,0,104,0,104,0,104,0,104,0,104,0,104,0,104,0,104,0,104,0,104,0,104,0,104,0,104,0,104,0,104,0,104,0,104,0,104,0,104,0,104,0,104,0,104,0,104,0,104,0,104,0,104,0,104,0,104,0,104,0,104,1,104,4,104,0,104,0,104,12,104,0,104,0,104,0,104,0,104,0,104,0,104,0,104,0,104,0,104,0,104,0,104,0,104,0,104,0,104,0,104,0,104,0,104,0,104,0,104,0,104,0,104,0,104,0,104,0,104,0,104,0,104,0,104,0,104,0,104,0,104,0,104,0,104,0,104,0,104,0,104,0,104,0,104,0,104,0,104,0,104,0,104,0,104,0,104,0,104,0,104,0,104,0,104,0,104,0,104,0,104,0,104,0,104,0,104,0,104,0,104,0,104,0,104,0,104,0,104,0,104,0,104,0,104,0,104,0,104,0,104,0,104,0,104,0,104,0,104,0,104,0,104,0,104,0,104,0,104,0,104,0,104,0,104,0,104,0,104,0,104,0,104,0,104,0,104,0,104,0,104,0,104,0,104,0,104,0,104,0,104,0,104,0,104,0,104,0,104,0,104,0,104,0,104,0,104,0,104,0,104,0,104,0,104,0,104,0,104,0,104,0,104,0,104,0,104,0,104,0,104,0,104,0,104,0,104,0,104,0,104,0,104,0,104,0,104,0,104,0,104,0,104,0,104,0,104,0,104,0,104,0,104,0,104,0,104,0,104,0,104,0,104,0,104,0,104,0,104,0,104,0,104,0,104,0,104,0,104,0,104,0,104,0,104,0,104,0,104,0,104,0,104,0,104,0,104,0,104,0,104,0,104,0,104,0,104,0,104,0,104,0,104,0,104,0,104,0,104,0,104,0,104,0,104,0,104,0,104,0,104,0,104,0,104,0,104,0,104,0,104,0,104,0,104,0,104,0,104,0,104,0,104,0,104,0,104,0,104,0,104,0,104,0,104,0,104,0,104,0,104,0,104,0,104,0,104,0,104,0,104,0,104,0,104,0,104,0,104,0,104,0,104,0,104,0,104,0,104,0,104,0,104,0,104,0,104,0,104,0,104,0,104,0,104,0,104,0,104,0,104,0,104,0,104,0,104,0,104,0,104,0,104,0,104,0,104,0,104,0,104,0,104,0,104,0,104,0,104,0,104,0,104,0,104,0,104,0,104,0,104,0,104,0,104,0,104,0,104,0,104,0,104,0,104,0,104,0,104,0,104,0,104,0,104,0,104,0,104,0,104,0,104,0,104,0,104,0,104,0,104,0,104,0,104,0,104,0,104,0,104,0,104,0,104,0,104,0,104,0,104,0,104,0,104,0,104,0,104,0,104,0,104,0,104,0,104,0,104,0,104,0,104,0,104,0,104,0,104,0,104,0,104,0,104,0,104,0,104,0,104,0,104,0,104,0,104,0,104,0,104,0,104,0,104,0,104,0,104,0,104,0,104,0,104,0,104,0,104,0,104,0,104,0,104,0,104,0,104,0,104,0,104,0,104,0,104,0,104,0,104,0,104,0,104,0,104,0,104,0,104,0,104,0,104,0,104,0,104,0,104,0,104,0,104,0,104,0,104,0,104,0,104,0,104,0,104,0,104,0,104,0,104,0,104,0,104,0,104,0,104,0,104,0,104,0,104,0,104,0,104,0,104,0,104,0,104,0,104,0,104,0,104,0,104,0,104,0
,,105,0,105,0,105,0,105,0,105,0,105,0,105,0,105,0,105,0,105,0,105,0,105,0,105,0,105,0,105,0,105,0,105,0,105,0,105,0,105,0,105,0,105,0,105,0,105,0,105,0,105,0,105,0,105,0,105,0,105,0,105,0,105,0,105,0,105,0,105,0,105,0,105,0,105,0,105,0,105,0,105,0,105,0,105,0,105,0,105,0,105,0,105,0,105,0,105,0,105,0,105,0,105,0,105,0,105,0,105,0,105,0,105,0,105,0,105,0,105,0,105,0,105,0,105,0,105,0,105,0,105,0,105,0,105,0,105,0,105,0,105,0,105,0,105,0,105,0,105,0,105,0,105,0,105,0,105,0,105,0,105,0,105,0,105,0,105,0,105,0,105,0,105,0,105,0,105,0,105,0,105,0,105,0,105,0,105,0,105,0,105,0,105,0,105,0,105,0,105,0,105,0,105,0,105,0,105,0,105,0,105,0,105,0,105,0,105,0,105,0,105,0,105,0,105,0,105,0,105,1,105,0,105,0,105,0,105,4,105,0,105,0,105,0,105,6,105,0,105,0,105,0,105,0,105,0,105,0,105,0,105,0,105,0,105,0,105,0,105,0,105,0,105,0,105,0,105,0,105,0,105,0,105,0,105,0,105,0,105,0,105,0,105,0,105,0,105,0,105,0,105,0,105,0,105,0,105,0,105,0,105,0,105,0,105,0,105,0,105,0,105,0,105,0,105,0,105,0,105,0,105,0,105,0,105,0,105,0,105,0,105,0,105,0,105,0,105,0,105,0,105,0,105,0,105,0,105,0,105,0,105,0,105,0,105,0,105,0,105,0,105,0,105,0,105,0,105,0,105,0,105,0,105,0,105,0,105,0,105,0,105,12,105,12,105,0,105,0,105,8,105,0,105,0,105,0,105,0,105,0,105,0,105,0,105,0,105,0,105,0,105,0,105,0,105,0,105,0,105,0,105,0,105,0,105,0,105,0,105,0,105,0,105,0,105,0,105,0,105,0,105,0,105,0,105,0,105,0,105,0,105,0,105,0,105,0,105,0,105,0,105,0,105,0,105,0,105,0,105,0,105,0,105,0,105,0,105,0,105,0,105,0,105,0,105,0,105,0,105,0,105,0,105,0,105,0,105,0,105,0,105,0,105,0,105,0,105,0,105,0,105,0,105,0,105,0,105,0,105,0,105,0,105,0,105,0,105,0,105,0,105,0,105,0,105,0,105,0,105,0,105,0,105,0,105,0,105,0,105,0,105,0,105,0,105,0,105,0,105,0,105,0,105,0,105,0,105,0,105,0,105,0,105,0,105,0,105,0,105,0,105,0,105,0,105,0,105,0,105,0,105,0,105,0,105,0,105,0,105,0,105,0,105,0,105,0,105,0,105,0,105,0,105,0,105,0,105,0,105,0,105,0,105,0,105,0,105,0,105,0,105,0,105,0,105,0,105,0,105,0,105,0,105,0,105,0,105,0,105,0,105,0,105,0,105,0,105,0,105,0,105,0,105,0,105,0,105,0,105,0,105,0,105,0,105,0,105,0,105,0,105,0,105,0,105,0,105,0,105,0,105,0,105,0,105,0,105,0,105,0,105,0,105,0,105,0,105,0,105,0,105,0,105,0,105,0,105,0,105,0,105,0,105,0,105,0,105,0,105,0,105,0,105,0,105,0,105,0,105,0,105,0,105,0,105,0,105,0,105,0,105,0,105,0,105,0,105,0,105,0,105,0,105,0,105,0,105,0,105,0,105,0,105,0,105,0,105,0,105,0,105,0,105,0,105,0,105,0,105,0,105,0,105,0,105,0,105,0,105,0,105,0,105,0,105,0,105,0,105,0,105,0,105,0,105,0,105,0,105,0,105,0,105,0,105,0,105,0,105,0,105,0,105,0,105,0,105,0,105,0,105,0,105,0,105,0,105,0,105,0,105,0,105,0,105,0,105,0,105,0,105,0,105,0,105,0,105,0,105,0,105,0,105,0,105,0,105,0,105,0,105,0,105,0,105,0,105,0,105,0,105,0,105,0,105,0,105,0,105,0,105,0,105,0,105,0,105,0,105,0,105,0,105,0,105,0,105,0,105,0,105,0,105,0,105,0,105,0,105,0,105,0,105,0,105,0,105,0,105,0,105,0,105,0,105,0,105,0,105,0,105,0,105,0,105,0,105,0,105,0,105,0,105,0,105,0,105,0,105,0,105,0,105,0,105,0,105,0,105,0,105,0,105,0,105,0,105,0,105,0,105,0,105,0,105,0,105,0,105,0,105,0,105,0,105,0,105,0,105,0,105,0,105,0,105,0,105,0,105,0,105,0,105,0,105,0,105,0,105,0,105,0,105,0,105,0,105,0,105,0,105,0,105,0,105,0,105,0,105,0,105,0,105,0,105,0,105,0,105,0,105,0,105,0,105,0,105,0,105,0,105,0,105,0,105,0,105,0
,,106,0,106,0,106,0,106,0,106,0,106,0,106,0,106,0,106,0,106,0,106,0,106,0,106,0,106,0,106,0,106,0,106,0,106,0,106,0,106,0,106,0,106,0,106,0,106,0,106,0,106,0,106,0,106,0,106,0,106,0,106,0,106,0,106,0,106,0,106,0,106,0,106,0,106,0,106,0,106,0,106,0,106,0,106,0,106,0,106,0,106,0,106,0,106,0,106,0,106,0,106,0,106,0,106,0,106,0,106,0,106,0,106,0,106,0,106,0,106,0,106,0,106,0,106,0,106,0,106,0,106,0,106,0,106,0,106,0,106,0,106,0,106,0,106,0,106,0,106,0,106,0,106,0,106,0,106,0,106,0,106,0,106,0,106,0,106,0,106,0,106,0,106,0,106,0,106,0,106,0,106,0,106,0,106,0,106,0,106,0,106,0,106,0,106,0,106,0,106,0,106,0,106,0,106,0,106,0,106,0,106,0,106,0,106,0,106,0,106,0,106,0,106,0,106,0,106,0,106,0,106,0,106,0,106,0,106,6,106,4,106,0,106,0,106,4,106,0,106,0,106,0,106,0,106,0,106,0,106,0,106,0,106,0,106,0,106,0,106,0,106,0,106,0,106,0,106,0,106,0,106,0,106,0,106,0,106,0,106,0,106,0,106,0,106,0,106,0,106,0,106,0,106,0,106,0,106,0,106,0,106,0,106,0,106,0,106,0,106,0,106,0,106,0,106,0,106,0,106,0,106,0,106,0,106,0,106,0,106,0,106,0,106,0,106,0,106,0,106,0,106,0,106,0,106,0,106,0,106,0,106,0,106,0,106,0,106,0,106,0,106,0,106,0,106,0,106,0,106,0,106,0,106,0,106,0,106,0,106,0,106,5,106,7,106,0,106,0,106,12,106,0,106,0,106,0,106,0,106,0,106,0,106,0,106,0,106,0,106,0,106,0,106,0,106,0,106,0,106,0,106,0,106,0,106,0,106,0,106,0,106,0,106,0,106,0,106,0,106,0,106,0,106,0,106,0,106,0,106,0,106,0,106,0,106,0,106,0,106,0,106,0,106,0,106,0,106,0,106,0,106,0,106,0,106,0,106,0,106,0,106,0,106,0,106,0,106,0,106,0,106,0,106,0,106,0,106,0,106,0,106,0,106,0,106,0,106,0,106,0,106,0,106,0,106,0,106,0,106,0,106,0,106,0,106,0,106,0,106,0,106,0,106,0,106,0,106,0,106,0,106,0,106,0,106,0,106,0,106,0,106,0,106,0,106,0,106,0,106,0,106,0,106,0,106,0,106,0,106,0,106,0,106,0,106,0,106,0,106,0,106,0,106,0,106,0,106,0,106,0,106,0,106,0,106,0,106,0,106,0,106,0,106,0,106,0,106,0,106,0,106,0,106,0,106,0,106,0,106,0,106,0,106,0,106,0,106,0,106,0,106,0,106,0,106,0,106,0,106,0,106,0,106,0,106,0,106,0,106,0,106,0,106,0,106,0,106,0,106,0,106,0,106,0,106,0,106,0,106,0,106,0,106,0,106,0,106,0,106,0,106,0,106,0,106,0,106,0,106,0,106,0,106,0,106,0,106,0,106,0,106,0,106,0,106,0,106,0,106,0,106,0,106,0,106,0,106,0,106,0,106,0,106,0,106,0,106,0,106,0,106,0,106,0,106,0,106,0,106,0,106,0,106,0,106,0,106,0,106,0,106,0,106,0,106,0,106,0,106,0,106,0,106,0,106,0,106,0,106,0,106,0,106,0,106,0,106,0,106,0,106,0,106,0,106,0,106,0,106,0,106,0,106,0,106,0,106,0,106,0,106,0,106,0,106,0,106,0,106,0,106,0,106,0,106,0,106,0,106,0,106,0,106,0,106,0,106,0,106,0,106,0,106,0,106,0,106,0,106,0,106,0,106,0,106,0,106,0,106,0,106,0,106,0,106,0,106,0,106,0,106,0,106,0,106,0,106,0,106,0,106,0,106,0,106,0,106,0,106,0,106,0,106,0,106,0,106,0,106,0,106,0,106,0,106,0,106,0,106,0,106,0,106,0,106,0,106,0,106,0,106,0,106,0,106,0,106,0,106,0,106,0,106,0,106,0,106,0,106,0,106,0,106,0,106,0,106,0,106,0,106,0,106,0,106,0,106,0,106,0,106,0,106,0,106,0,106,0,106,0,106,0,106,0,106,0,106,0,106,0,106,0,106,0,106,0,106,0,106,0,106,0,106,0,106,0,106,0,106,0,106,0,106,0,106,0,106,0,106,0,106,0,106,0,106,0,106,0,106,0,106,0,106,0,106,0,106,0,106,0,106,0,106,0,106,0,106,0,106,0,106,0,106,0,106,0,106,0,106,0,106,0,106,0,106,0,106,0,106,0,106,0,106,0,106,0,106,0,106,0,106,0,106,0,106,0,106,0,106,0,106,0,106,0,106,0,106,0
,,107,0,107,0,107,0,107,0,107,0,107,0,107,0,107,0,107,0,107,0,107,0,107,0,107,0,107,0,107,0,107,0,107,0,107,0,107,0,107,0,107,0,107,0,107,0,107,0,107,0,107,0,107,0,107,0,107,0,107,0,107,0,107,0,107,0,107,0,107,0,107,0,107,0,107,0,107,0,107,0,107,0,107,0,107,0,107,0,107,0,107,0,107,0,107,0,107,0,107,0,107,0,107,0,107,0,107,0,107,0,107,0,107,0,107,0,107,0,107,0,107,0,107,0,107,0,107,0,107,0,107,0,107,0,107,0,107,0,107,0,107,0,107,0,107,0,107,0,107,0,107,0,107,0,107,0,107,0,107,0,107,0,107,0,107,0,107,0,107,0,107,0,107,0,107,0,107,0,107,0,107,0,107,0,107,0,107,0,107,0,107,0,107,0,107,0,107,0,107,0,107,0,107,0,107,0,107,0,107,0,107,0,107,0,107,0,107,0,107,0,107,0,107,0,107,0,107,0,107,0,107,0,107,0,107,0,107,0,107,0,107,0,107,0,107,0,107,0,107,0,107,0,107,0,107,0,107,0,107,0,107,0,107,0,107,0,107,0,107,0,107,0,107,0,107,0,107,0,107,0,107,0,107,0,107,0,107,0,107,0,107,0,107,0,107,0,107,0,107,0,107,0,107,0,107,0,107,0,107,0,107,0,107,0,107,2,107,0,107,0,107,18,107,19,107,0,107,0,107,5,107,0,107,0,107,0,107,0,107,0,107,0,107,0,107,0,107,0,107,0,107,0,107,0,107,0,107,0,107,0,107,0,107,0,107,0,107,0,107,0,107,0,107,0,107,0,107,0,107,0,107,0,107,0,107,0,107,0,107,0,107,0,107,0,107,0,107,0,107,0,107,4,107,0,107,0,107,0,107,0,107,0,107,0,107,0,107,0,107,0,107,0,107,0,107,0,107,0,107,0,107,0,107,0,107,0,107,0,107,0,107,0,107,0,107,0,107,0,107,0,107,0,107,0,107,0,107,0,107,0,107,0,107,0,107,0,107,0,107,0,107,0,107,0,107,0,107,0,107,0,107,0,107,0,107,0,107,0,107,0,107,0,107,0,107,0,107,0,107,0,107,0,107,0,107,0,107,0,107,0,107,0,107,0,107,0,107,0,107,0,107,0,107,0,107,0,107,0,107,0,107,0,107,0,107,0,107,0,107,0,107,0,107,0,107,0,107,0,107,0,107,0,107,0,107,0,107,0,107,0,107,0,107,0,107,0,107,0,107,0,107,0,107,0,107,0,107,0,107,0,107,0,107,0,107,0,107,0,107,0,107,0,107,0,107,0,107,0,107,0,107,0,107,0,107,0,107,0,107,0,107,0,107,0,107,0,107,0,107,0,107,0,107,0,107,0,107,0,107,0,107,0,107,0,107,0,107,0,107,0,107,0,107,0,107,0,107,0,107,0,107,0,107,0,107,0,107,0,107,0,107,0,107,0,107,0,107,0,107,0,107,0,107,0,107,0,107,0,107,0,107,0,107,0,107,0,107,0,107,0,107,0,107,0,107,0,107,0,107,0,107,0,107,0,107,0,107,0,107,0,107,0,107,0,107,0,107,0,107,0,107,0,107,0,107,0,107,0,107,0,107,0,107,0,107,0,107,0,107,0,107,0,107,0,107,0,107,0,107,0,107,0,107,0,107,0,107,0,107,0,107,0,107,0,107,0,107,0,107,0,107,0,107,0,107,0,107,0,107,0,107,0,107,0,107,0,107,0,107,0,107,0,107,0,107,0,107,0,107,0,107,0,107,0,107,0,107,0,107,0,107,0,107,0,107,0,107,0,107,0,107,0,107,0,107,0,107,0,107,0,107,0,107,0,107,0,107,0,107,0,107,0,107,0,107,0,107,0,107,0,107,0,107,0,107,0,107,0,107,0,107,0,107,0,107,0,107,0,107,0,107,0,107,0,107,0,107,0,107,0,107,0,107,0,107,0,107,0,107,0,107,0,107,0,107,0,107,0,107,0,107,0,107,0,107,0,107,0,107,0,107,0,107,0,107,0,107,0,107,0,107,0,107,0,107,0,107,0,107,0,107,0,107,0,107,0,107,0,107,0,107,0,107,0,107,0,107,0,107,0,107,0,107,0,107,0,107,0,107,0,107,0,107,0,107,0,107,0,107,0,107,0,107,0,107,0,107,0,107,0,107,0,107,0,107,0,107,0,107,0,107,0,107,0,107,0,107,0,107,0,107,0,107,0,107,0,107,0,107,0,107,0,107,0,107,0,107,0,107,0,107,0,107,0,107,0,107,0,107,0,107,0,107,0,107,0,107,0,107,0,107,0,107,0,107,0,107,0,107,0,107,0,107,0,107,0,107,0,107,0,107,0,107,0,107,0,107,0,107,0,107,0,107,0,107,0,107,0,107,0,107,0,107,0,107,0,107,0
,,108,0,108,0,108,0,108,0,108,0,108,0,108,0,108,0,108,0,108,0,108,0,108,0,108,0,108,0,108,0,108,0,108,0,108,0,108,0,108,0,108,0,108,0,108,0,108,0,108,0,108,0,108,0,108,0,108,0,108,0,108,0,108,0,108,0,108,0,108,0,108,0,108,0,108,0,108,0,108,0,108,0,108,0,108,0,108,0,108,0,108,0,108,0,108,0,108,0,108,0,108,0,108,0,108,0,108,0,108,0,108,0,108,0,108,0,108,0,108,0,108,0,108,0,108,0,108,0,108,0,108,0,108,0,108,0,108,0,108,0,108,0,108,0,108,0,108,0,108,0,108,0,108,0,108,0,108,0,108,0,108,0,108,0,108,0,108,0,108,0,108,0,108,0,108,0,108,0,108,0,108,0,108,0,108,0,108,0,108,0,108,0,108,0,108,0,108,0,108,0,108,0,108,0,108,0,108,0,108,0,108,0,108,0,108,0,108,0,108,0,108,0,108,0,108,0,108,0,108,0,108,0,108,0,108,0,108,0,108,0,108,0,108,0,108,0,108,0,108,0,108,0,108,0,108,0,108,0,108,0,108,0,108,0,108,0,108,0,108,0,108,0,108,0,108,0,108,0,108,0,108,0,108,0,108,0,108,0,108,0,108,0,108,0,108,0,108,0,108,0,108,0,108,0,108,0,108,0,108,0,108,0,108,0,108,12,108,0,108,0,108,13,108,8,108,0,108,0,108,0,108,0,108,0,108,0,108,0,108,0,108,0,108,0,108,0,108,0,108,0,108,0,108,0,108,0,108,0,108,0,108,0,108,0,108,0,108,0,108,0,108,0,108,0,108,0,108,0,108,0,108,0,108,0,108,0,108,0,108,0,108,0,108,0,108,0,108,0,108,0,108,11,108,0,108,0,108,0,108,0,108,0,108,0,108,0,108,0,108,0,108,0,108,0,108,0,108,0,108,0,108,0,108,0,108,0,108,0,108,0,108,0,108,0,108,0,108,0,108,0,108,0,108,0,108,0,108,0,108,0,108,0,108,0,108,0,108,0,108,0,108,0,108,0,108,0,108,0,108,0,108,0,108,0,108,0,108,0,108,0,108,0,108,0,108,0,108,0,108,0,108,0,108,0,108,0,108,0,108,0,108,0,108,0,108,0,108,0,108,0,108,0,108,0,108,0,108,0,108,0,108,0,108,0,108,0,108,0,108,0,108,0,108,0,108,0,108,0,108,0,108,0,108,0,108,0,108,0,108,0,108,0,108,0,108,0,108,0,108,0,108,0,108,0,108,0,108,0,108,0,108,0,108,0,108,0,108,0,108,0,108,0,108,0,108,0,108,0,108,0,108,0,108,0,108,0,108,0,108,0,108,0,108,0,108,0,108,0,108,0,108,0,108,0,108,0,108,0,108,0,108,0,108,0,108,0,108,0,108,0,108,0,108,0,108,0,108,0,108,0,108,0,108,0,108,0,108,0,108,0,108,0,108,0,108,0,108,0,108,0,108,0,108,0,108,0,108,0,108,0,108,0,108,0,108,0,108,0,108,0,108,0,108,0,108,0,108,0,108,0,108,0,108,0,108,0,108,0,108,0,108,0,108,0,108,0,108,0,108,0,108,0,108,0,108,0,108,0,108,0,108,0,108,0,108,0,108,0,108,0,108,0,108,0,108,0,108,0,108,0,108,0,108,0,108,0,108,0,108,0,108,0,108,0,108,0,108,0,108,0,108,0,108,0,108,0,108,0,108,0,108,0,108,0,108,0,108,0,108,0,108,0,108,0,108,0,108,0,108,0,108,0,108,0,108,0,108,0,108,0,108,0,108,0,108,0,108,0,108,0,108,0,108,0,108,0,108,0,108,0,108,0,108,0,108,0,108,0,108,0,108,0,108,0,108,0,108,0,108,0,108,0,108,0,108,0,108,0,108,0,108,0,108,0,108,0,108,0,108,0,108,0,108,0,108,0,108,0,108,0,108,0,108,0,108,0,108,0,108,0,108,0,108,0,108,0,108,0,108,0,108,0,108,0,108,0,108,0,108,0,108,0,108,0,108,0,108,0,108,0,108,0,108,0,108,0,108,0,108,0,108,0,108,0,108,0,108,0,108,0,108,0,108,0,108,0,108,0,108,0,108,0,108,0,108,0,108,0,108,0,108,0,108,0,108,0,108,0,108,0,108,0,108,0,108,0,108,0,108,0,108,0,108,0,108,0,108,0,108,0,108,0,108,0,108,0,108,0,108,0,108,0,108,0,108,0,108,0,108,0,108,0,108,0,108,0,108,0,108,0,108,0,108,0,108,0,108,0,108,0,108,0,108,0,108,0,108,0,108,0,108,0,108,0,108,0,108,0,108,0,108,0,108,0,108,0,108,0,108,0,108,0,108,0,108,0,108,0,108,0,108,0,108,0,108,0,108,0,108,0,108,0,108,0,108,0,108,0
,,109,0,109,0,109,0,109,0,109,0,109,0,109,0,109,0,109,0,109,0,109,0,109,0,109,0,109,0,109,0,109,0,109,0,109,0,109,0,109,0,109,0,109,0,109,0,109,0,109,0,109,0,109,0,109,0,109,0,109,0,109,0,109,0,109,0,109,0,109,0,109,0,109,0,109,0,109,0,109,0,109,0,109,0,109,0,109,0,109,0,109,0,109,0,109,0,109,0,109,0,109,0,109,0,109,0,109,0,109,0,109,0,109,0,109,0,109,0,109,0,109,0,109,0,109,0,109,0,109,0,109,0,109,0,109,0,109,0,109,0,109,0,109,0,109,0,109,0,109,0,109,0,109,0,109,0,109,0,109,0,109,0,109,0,109,0,109,0,109,0,109,0,109,0,109,0,109,0,109,0,109,0,109,0,109,0,109,0,109,0,109,0,109,0,109,0,109,0,109,0,109,0,109,0,109,0,109,0,109,0,109,0,109,0,109,0,109,0,109,0,109,0,109,0,109,0,109,0,109,0,109,0,109,0,109,0,109,0,109,0,109,0,109,0,109,0,109,0,109,0,109,0,109,0,109,0,109,0,109,0,109,0,109,0,109,0,109,0,109,0,109,0,109,0,109,0,109,0,109,0,109,0,109,0,109,0,109,0,109,0,109,0,109,0,109,0,109,0,109,0,109,0,109,0,109,0,109,0,109,0,109,0,109,0,109,2,109,0,109,0,109,13,109,0,109,0,109,0,109,0,109,0,109,0,109,0,109,0,109,0,109,0,109,0,109,0,109,0,109,0,109,0,109,0,109,0,109,0,109,0,109,0,109,0,109,0,109,0,109,0,109,0,109,0,109,0,109,0,109,0,109,0,109,0,109,0,109,0,109,0,109,0,109,0,109,0,109,0,109,0,109,17,109,0,109,0,109,0,109,0,109,0,109,0,109,0,109,0,109,0,109,0,109,0,109,0,109,0,109,0,109,0,109,0,109,0,109,0,109,0,109,0,109,0,109,0,109,0,109,0,109,0,109,0,109,0,109,0,109,0,109,0,109,0,109,0,109,0,109,0,109,0,109,0,109,0,109,0,109,0,109,0,109,0,109,0,109,0,109,0,109,0,109,0,109,0,109,0,109,0,109,0,109,0,109,0,109,0,109,0,109,0,109,0,109,0,109,0,109,0,109,0,109,0,109,0,109,0,109,0,109,0,109,0,109,0,109,0,109,0,109,0,109,0,109,0,109,0,109,0,109,0,109,0,109,0,109,0,109,0,109,0,109,0,109,0,109,0,109,0,109,0,109,0,109,0,109,0,109,0,109,0,109,0,109,0,109,0,109,0,109,0,109,0,109,0,109,0,109,0,109,0,109,0,109,0,109,0,109,0,109,0,109,0,109,0,109,0,109,0,109,0,109,0,109,0,109,0,109,0,109,0,109,0,109,0,109,0,109,0,109,0,109,0,109,0,109,0,109,0,109,0,109,0,109,0,109,0,109,0,109,0,109,0,109,0,109,0,109,0,109,0,109,0,109,0,109,0,109,0,109,0,109,0,109,0,109,0,109,0,109,0,109,0,109,0,109,0,109,0,109,0,109,0,109,0,109,0,109,0,109,0,109,0,109,0,109,0,109,0,109,0,109,0,109,0,109,0,109,0,109,0,109,0,109,0,109,0,109,0,109,0,109,0,109,0,109,0,109,0,109,0,109,0,109,0,109,0,109,0,109,0,109,0,109,0,109,0,109,0,109,0,109,0,109,0,109,0,109,0,109,0,109,0,109,0,109,0,109,0,109,0,109,0,109,0,109,0,109,0,109,0,109,0,109,0,109,0,109,0,109,0,109,0,109,0,109,0,109,0,109,0,109,0,109,0,109,0,109,0,109,0,109,0,109,0,109,0,109,0,109,0,109,0,109,0,109,0,109,0,109,0,109,0,109,0,109,0,109,0,109,0,109,0,109,0,109,0,109,0,109,0,109,0,109,0,109,0,109,0,109,0,109,0,109,0,109,0,109,0,109,0,109,0,109,0,109,0,109,0,109,0,109,0,109,0,109,0,109,0,109,0,109,0,109,0,109,0,109,0,109,0,109,0,109,0,109,0,109,0,109,0,109,0,109,0,109,0,109,0,109,0,109,0,109,0,109,0,109,0,109,0,109,0,109,0,109,0,109,0,109,0,109,0,109,0,109,0,109,0,109,0,109,0,109,0,109,0,109,0,109,0,109,0,109,0,109,0,109,0,109,0,109,0,109,0,109,0,109,0,109,0,109,0,109,0,109,0,109,0,109,0,109,0,109,0,109,0,109,0,109,0,109,0,109,0,109,0,109,0,109,0,109,0,109,0,109,0,109,0,109,0,109,0,109,0,109,0,109,0,109,0,109,0,109,0,109,0,109,0,109,0,109,0,109,0,109,0,109,0,109,0,109,0,109,0,109,0,109,0,109,0,109,0,109,0,109,0
,,110,0,110,0,110,0,110,0,110,0,110,0,110,0,110,0,110,0,110,0,110,0,110,0,110,0,110,0,110,0,110,0,110,0,110,0,110,0,110,0,110,0,110,0,110,0,110,0,110,0,110,0,110,0,110,0,110,0,110,0,110,0,110,0,110,0,110,0,110,0,110,0,110,0,110,0,110,0,110,0,110,0,110,0,110,0,110,0,110,0,110,0,110,0,110,0,110,0,110,0,110,0,110,0,110,0,110,0,110,0,110,0,110,0,110,0,110,0,110,0,110,0,110,0,110,0,110,0,110,0,110,0,110,0,110,0,110,0,110,0,110,0,110,0,110,0,110,0,110,0,110,0,110,0,110,0,110,0,110,0,110,0,110,0,110,0,110,0,110,0,110,0,110,0,110,0,110,0,110,0,110,0,110,0,110,0,110,0,110,0,110,0,110,0,110,0,110,0,110,0,110,0,110,0,110,0,110,0,110,0,110,0,110,0,110,0,110,0,110,0,110,0,110,0,110,0,110,0,110,0,110,0,110,0,110,0,110,0,110,0,110,0,110,0,110,0,110,0,110,0,110,0,110,0,110,0,110,0,110,0,110,0,110,0,110,0,110,0,110,0,110,0,110,0,110,0,110,0,110,0,110,0,110,0,110,0,110,0,110,0,110,0,110,0,110,0,110,0,110,0,110,0,110,0,110,0,110,0,110,0,110,0,110,0,110,7,110,0,110,0,110,12,110,8,110,0,110,0,110,1,110,0,110,0,110,0,110,0,110,0,110,0,110,0,110,0,110,0,110,0,110,0,110,0,110,0,110,0,110,0,110,0,110,0,110,0,110,0,110,0,110,0,110,0,110,0,110,0,110,0,110,0,110,0,110,0,110,0,110,0,110,0,110,0,110,0,110,0,110,0,110,13,110,0,110,0,110,0,110,0,110,0,110,0,110,0,110,0,110,0,110,0,110,0,110,0,110,0,110,0,110,0,110,0,110,0,110,0,110,0,110,0,110,0,110,0,110,0,110,0,110,0,110,0,110,0,110,0,110,0,110,0,110,0,110,0,110,0,110,0,110,0,110,0,110,0,110,0,110,0,110,0,110,0,110,0,110,0,110,0,110,0,110,0,110,0,110,0,110,0,110,0,110,0,110,0,110,0,110,0,110,0,110,0,110,0,110,0,110,0,110,0,110,0,110,0,110,0,110,0,110,0,110,0,110,0,110,0,110,0,110,0,110,0,110,0,110,0,110,0,110,0,110,0,110,0,110,0,110,0,110,0,110,0,110,0,110,0,110,0,110,0,110,0,110,0,110,0,110,0,110,0,110,0,110,0,110,0,110,0,110,0,110,0,110,0,110,0,110,0,110,0,110,0,110,0,110,0,110,0,110,0,110,0,110,0,110,0,110,0,110,0,110,0,110,0,110,0,110,0,110,0,110,0,110,0,110,0,110,0,110,0,110,0,110,0,110,0,110,0,110,0,110,0,110,0,110,0,110,0,110,0,110,0,110,0,110,0,110,0,110,0,110,0,110,0,110,0,110,0,110,0,110,0,110,0,110,0,110,0,110,0,110,0,110,0,110,0,110,0,110,0,110,0,110,0,110,0,110,0,110,0,110,0,110,0,110,0,110,0,110,0,110,0,110,0,110,0,110,0,110,0,110,0,110,0,110,0,110,0,110,0,110,0,110,0,110,0,110,0,110,0,110,0,110,0,110,0,110,0,110,0,110,0,110,0,110,0,110,0,110,0,110,0,110,0,110,0,110,0,110,0,110,0,110,0,110,0,110,0,110,0,110,0,110,0,110,0,110,0,110,0,110,0,110,0,110,0,110,0,110,0,110,0,110,0,110,0,110,0,110,0,110,0,110,0,110,0,110,0,110,0,110,0,110,0,110,0,110,0,110,0,110,0,110,0,110,0,110,0,110,0,110,0,110,0,110,0,110,0,110,0,110,0,110,0,110,0,110,0,110,0,110,0,110,0,110,0,110,0,110,0,110,0,110,0,110,0,110,0,110,0,110,0,110,0,110,0,110,0,110,0,110,0,110,0,110,0,110,0,110,0,110,0,110,0,110,0,110,0,110,0,110,0,110,0,110,0,110,0,110,0,110,0,110,0,110,0,110,0,110,0,110,0,110,0,110,0,110,0,110,0,110,0,110,0,110,0,110,0,110,0,110,0,110,0,110,0,110,0,110,0,110,0,110,0,110,0,110,0,110,0,110,0,110,0,110,0,110,0,110,0,110,0,110,0,110,0,110,0,110,0,110,0,110,0,110,0,110,0,110,0,110,0,110,0,110,0,110,0,110,0,110,0,110,0,110,0,110,0,110,0,110,0,110,0,110,0,110,0,110,0,110,0,110,0,110,0,110,0,110,0,110,0,110,0,110,0,110,0,110,0,110,0,110,0,110,0,110,0,110,0,110,0,110,0,110,0,110,0,110,0,110,0,110,0,110,0
,,111,0,111,0,111,0,111,0,111,0,111,0,111,0,111,0,111,0,111,0,111,0,111,0,111,0,111,0,111,0,111,0,111,0,111,0,111,0,111,0,111,0,111,0,111,0,111,0,111,0,111,0,111,0,111,0,111,0,111,0,111,0,111,0,111,0,111,0,111,0,111,0,111,0,111,0,111,0,111,0,111,0,111,0,111,0,111,0,111,0,111,0,111,0,111,0,111,0,111,0,111,0,111,0,111,0,111,0,111,0,111,0,111,0,111,0,111,0,111,0,111,0,111,0,111,0,111,0,111,0,111,0,111,0,111,0,111,0,111,0,111,0,111,0,111,0,111,0,111,0,111,0,111,0,111,0,111,0,111,0,111,0,111,0,111,0,111,0,111,0,111,0,111,0,111,0,111,0,111,0,111,0,111,0,111,0,111,0,111,0,111,0,111,0,111,0,111,0,111,0,111,0,111,0,111,0,111,0,111,0,111,0,111,0,111,0,111,0,111,0,111,0,111,0,111,0,111,0,111,0,111,0,111,0,111,0,111,0,111,0,111,0,111,0,111,0,111,0,111,0,111,0,111,0,111,0,111,0,111,0,111,0,111,0,111,0,111,0,111,0,111,0,111,0,111,0,111,0,111,0,111,0,111,0,111,0,111,0,111,0,111,0,111,0,111,0,111,0,111,0,111,0,111,0,111,0,111,0,111,0,111,0,111,0,111,1,111,0,111,0,111,9,111,7,111,0,111,0,111,2,111,0,111,0,111,0,111,0,111,0,111,0,111,0,111,0,111,0,111,0,111,0,111,0,111,0,111,0,111,0,111,0,111,0,111,0,111,0,111,0,111,0,111,0,111,0,111,0,111,0,111,0,111,0,111,0,111,0,111,0,111,0,111,0,111,0,111,0,111,0,111,14,111,0,111,0,111,0,111,0,111,0,111,0,111,0,111,0,111,0,111,0,111,0,111,0,111,0,111,0,111,0,111,0,111,0,111,0,111,0,111,0,111,0,111,0,111,0,111,0,111,0,111,0,111,0,111,0,111,0,111,0,111,0,111,0,111,0,111,0,111,0,111,0,111,0,111,0,111,0,111,0,111,0,111,0,111,0,111,0,111,0,111,0,111,0,111,0,111,0,111,0,111,0,111,0,111,0,111,0,111,0,111,0,111,0,111,0,111,0,111,0,111,0,111,0,111,0,111,0,111,0,111,0,111,0,111,0,111,0,111,0,111,0,111,0,111,0,111,0,111,0,111,0,111,0,111,0,111,0,111,0,111,0,111,0,111,0,111,0,111,0,111,0,111,0,111,0,111,0,111,0,111,0,111,0,111,0,111,0,111,0,111,0,111,0,111,0,111,0,111,0,111,0,111,0,111,0,111,0,111,0,111,0,111,0,111,0,111,0,111,0,111,0,111,0,111,0,111,0,111,0,111,0,111,0,111,0,111,0,111,0,111,0,111,0,111,0,111,0,111,0,111,0,111,0,111,0,111,0,111,0,111,0,111,0,111,0,111,0,111,0,111,0,111,0,111,0,111,0,111,0,111,0,111,0,111,0,111,0,111,0,111,0,111,0,111,0,111,0,111,0,111,0,111,0,111,0,111,0,111,0,111,0,111,0,111,0,111,0,111,0,111,0,111,0,111,0,111,0,111,0,111,0,111,0,111,0,111,0,111,0,111,0,111,0,111,0,111,0,111,0,111,0,111,0,111,0,111,0,111,0,111,0,111,0,111,0,111,0,111,0,111,0,111,0,111,0,111,0,111,0,111,0,111,0,111,0,111,0,111,0,111,0,111,0,111,0,111,0,111,0,111,0,111,0,111,0,111,0,111,0,111,0,111,0,111,0,111,0,111,0,111,0,111,0,111,0,111,0,111,0,111,0,111,0,111,0,111,0,111,0,111,0,111,0,111,0,111,0,111,0,111,0,111,0,111,0,111,0,111,0,111,0,111,0,111,0,111,0,111,0,111,0,111,0,111,0,111,0,111,0,111,0,111,0,111,0,111,0,111,0,111,0,111,0,111,0,111,0,111,0,111,0,111,0,111,0,111,0,111,0,111,0,111,0,111,0,111,0,111,0,111,0,111,0,111,0,111,0,111,0,111,0,111,0,111,0,111,0,111,0,111,0,111,0,111,0,111,0,111,0,111,0,111,0,111,0,111,0,111,0,111,0,111,0,111,0,111,0,111,0,111,0,111,0,111,0,111,0,111,0,111,0,111,0,111,0,111,0,111,0,111,0,111,0,111,0,111,0,111,0,111,0,111,0,111,0,111,0,111,0,111,0,111,0,111,0,111,0,111,0,111,0,111,0,111,0,111,0,111,0,111,0,111,0,111,0,111,0,111,0,111,0,111,0,111,0,111,0,111,0,111,0,111,0,111,0,111,0,111,0,111,0,111,0,111,0,111,0,111,0,111,0,111,0,111,0,111,0,111,0,111,0,111,0,111,0
,,112,0,112,0,112,0,112,0,112,0,112,0,112,0,112,0,112,0,112,0,112,0,112,0,112,0,112,0,112,0,112,0,112,0,112,0,112,0,112,0,112,0,112,0,112,0,112,0,112,0,112,0,112,0,112,0,112,0,112,0,112,0,112,0,112,0,112,0,112,0,112,0,112,0,112,0,112,0,112,0,112,0,112,0,112,0,112,0,112,0,112,0,112,0,112,0,112,0,112,0,112,0,112,0,112,0,112,0,112,0,112,0,112,0,112,0,112,0,112,0,112,0,112,0,112,0,112,0,112,0,112,0,112,0,112,0,112,0,112,0,112,0,112,0,112,0,112,0,112,0,112,0,112,0,112,0,112,0,112,0,112,0,112,0,112,0,112,0,112,0,112,0,112,0,112,0,112,0,112,0,112,0,112,0,112,0,112,0,112,0,112,0,112,0,112,0,112,0,112,0,112,0,112,0,112,0,112,0,112,0,112,0,112,0,112,0,112,0,112,0,112,0,112,0,112,0,112,0,112,0,112,0,112,0,112,0,112,0,112,0,112,0,112,0,112,0,112,0,112,0,112,0,112,0,112,0,112,0,112,0,112,0,112,0,112,0,112,0,112,0,112,0,112,0,112,0,112,0,112,0,112,0,112,0,112,0,112,0,112,0,112,0,112,0,112,0,112,0,112,0,112,0,112,0,112,0,112,0,112,0,112,0,112,0,112,7,112,0,112,0,112,3,112,9,112,0,112,0,112,0,112,0,112,0,112,0,112,0,112,0,112,0,112,0,112,0,112,0,112,0,112,0,112,0,112,0,112,0,112,0,112,0,112,0,112,0,112,0,112,0,112,0,112,0,112,0,112,0,112,0,112,0,112,0,112,0,112,0,112,0,112,0,112,2,112,0,112,0,112,0,112,15,112,0,112,0,112,0,112,0,112,0,112,0,112,0,112,0,112,0,112,0,112,0,112,0,112,0,112,0,112,0,112,0,112,0,112,0,112,0,112,0,112,0,112,0,112,0,112,0,112,0,112,0,112,0,112,0,112,0,112,0,112,0,112,0,112,0,112,0,112,0,112,0,112,0,112,0,112,0,112,0,112,0,112,0,112,0,112,0,112,0,112,0,112,0,112,0,112,0,112,0,112,0,112,0,112,0,112,0,112,0,112,0,112,0,112,0,112,0,112,0,112,0,112,0,112,0,112,0,112,0,112,0,112,0,112,0,112,0,112,0,112,0,112,0,112,0,112,0,112,0,112,0,112,0,112,0,112,0,112,0,112,0,112,0,112,0,112,0,112,0,112,0,112,0,112,0,112,0,112,0,112,0,112,0,112,0,112,0,112,0,112,0,112,0,112,0,112,0,112,0,112,0,112,0,112,0,112,0,112,0,112,0,112,0,112,0,112,0,112,0,112,0,112,0,112,0,112,0,112,0,112,0,112,0,112,0,112,0,112,0,112,0,112,0,112,0,112,0,112,0,112,0,112,0,112,0,112,0,112,0,112,0,112,0,112,0,112,0,112,0,112,0,112,0,112,0,112,0,112,0,112,0,112,0,112,0,112,0,112,0,112,0,112,0,112,0,112,0,112,0,112,0,112,0,112,0,112,0,112,0,112,0,112,0,112,0,112,0,112,0,112,0,112,0,112,0,112,0,112,0,112,0,112,0,112,0,112,0,112,0,112,0,112,0,112,0,112,0,112,0,112,0,112,0,112,0,112,0,112,0,112,0,112,0,112,0,112,0,112,0,112,0,112,0,112,0,112,0,112,0,112,0,112,0,112,0,112,0,112,0,112,0,112,0,112,0,112,0,112,0,112,0,112,0,112,0,112,0,112,0,112,0,112,0,112,0,112,0,112,0,112,0,112,0,112,0,112,0,112,0,112,0,112,0,112,0,112,0,112,0,112,0,112,0,112,0,112,0,112,0,112,0,112,0,112,0,112,0,112,0,112,0,112,0,112,0,112,0,112,0,112,0,112,0,112,0,112,0,112,0,112,0,112,0,112,0,112,0,112,0,112,0,112,0,112,0,112,0,112,0,112,0,112,0,112,0,112,0,112,0,112,0,112,0,112,0,112,0,112,0,112,0,112,0,112,0,112,0,112,0,112,0,112,0,112,0,112,0,112,0,112,0,112,0,112,0,112,0,112,0,112,0,112,0,112,0,112,0,112,0,112,0,112,0,112,0,112,0,112,0,112,0,112,0,112,0,112,0,112,0,112,0,112,0,112,0,112,0,112,0,112,0,112,0,112,0,112,0,112,0,112,0,112,0,112,0,112,0,112,0,112,0,112,0,112,0,112,0,112,0,112,0,112,0,112,0,112,0,112,0,112,0,112,0,112,0,112,0,112,0,112,0,112,0,112,0,112,0,112,0,112,0,112,0,112,0,112,0,112,0,112,0,112,0,112,0,112,0,112,0,112,0,112,0,112,0,112,0,112,0,112,0,112,0,112,0
,,113,0,113,0,113,0,113,0,113,0,113,0,113,0,113,0,113,0,113,0,113,0,113,0,113,0,113,0,113,0,113,0,113,0,113,0,113,0,113,0,113,0,113,0,113,0,113,0,113,0,113,0,113,0,113,0,113,0,113,0,113,0,113,0,113,0,113,0,113,0,113,0,113,0,113,0,113,0,113,0,113,0,113,0,113,0,113,0,113,0,113,0,113,0,113,0,113,0,113,0,113,0,113,0,113,0,113,0,113,0,113,0,113,0,113,0,113,0,113,0,113,0,113,0,113,0,113,0,113,0,113,0,113,0,113,0,113,0,113,0,113,0,113,0,113,0,113,0,113,0,113,0,113,0,113,0,113,0,113,0,113,0,113,0,113,0,113,0,113,0,113,0,113,0,113,0,113,0,113,0,113,0,113,0,113,0,113,0,113,0,113,0,113,0,113,0,113,0,113,0,113,0,113,0,113,0,113,0,113,0,113,0,113,0,113,0,113,0,113,0,113,0,113,0,113,0,113,0,113,0,113,0,113,0,113,0,113,0,113,0,113,0,113,0,113,0,113,0,113,0,113,0,113,0,113,0,113,0,113,0,113,0,113,0,113,0,113,0,113,0,113,0,113,0,113,0,113,0,113,0,113,0,113,0,113,0,113,0,113,0,113,0,113,0,113,0,113,0,113,0,113,0,113,0,113,0,113,0,113,0,113,0,113,0,113,14,113,0,113,0,113,9,113,13,113,0,113,0,113,0,113,0,113,0,113,0,113,0,113,0,113,0,113,0,113,0,113,0,113,0,113,0,113,0,113,0,113,0,113,0,113,0,113,0,113,0,113,0,113,0,113,0,113,0,113,0,113,0,113,0,113,0,113,0,113,0,113,0,113,0,113,0,113,1,113,0,113,0,113,0,113,8,113,0,113,0,113,0,113,0,113,0,113,0,113,0,113,0,113,0,113,0,113,0,113,0,113,0,113,0,113,0,113,0,113,0,113,0,113,0,113,0,113,0,113,0,113,0,113,0,113,0,113,0,113,0,113,0,113,0,113,0,113,0,113,0,113,0,113,0,113,0,113,0,113,0,113,0,113,0,113,0,113,0,113,0,113,0,113,0,113,0,113,0,113,0,113,0,113,0,113,0,113,0,113,0,113,0,113,0,113,0,113,0,113,0,113,0,113,0,113,0,113,0,113,0,113,0,113,0,113,0,113,0,113,0,113,0,113,0,113,0,113,0,113,0,113,0,113,0,113,0,113,0,113,0,113,0,113,0,113,0,113,0,113,0,113,0,113,0,113,0,113,0,113,0,113,0,113,0,113,0,113,0,113,0,113,0,113,0,113,0,113,0,113,0,113,0,113,0,113,0,113,0,113,0,113,0,113,0,113,0,113,0,113,0,113,0,113,0,113,0,113,0,113,0,113,0,113,0,113,0,113,0,113,0,113,0,113,0,113,0,113,0,113,0,113,0,113,0,113,0,113,0,113,0,113,0,113,0,113,0,113,0,113,0,113,0,113,0,113,0,113,0,113,0,113,0,113,0,113,0,113,0,113,0,113,0,113,0,113,0,113,0,113,0,113,0,113,0,113,0,113,0,113,0,113,0,113,0,113,0,113,0,113,0,113,0,113,0,113,0,113,0,113,0,113,0,113,0,113,0,113,0,113,0,113,0,113,0,113,0,113,0,113,0,113,0,113,0,113,0,113,0,113,0,113,0,113,0,113,0,113,0,113,0,113,0,113,0,113,0,113,0,113,0,113,0,113,0,113,0,113,0,113,0,113,0,113,0,113,0,113,0,113,0,113,0,113,0,113,0,113,0,113,0,113,0,113,0,113,0,113,0,113,0,113,0,113,0,113,0,113,0,113,0,113,0,113,0,113,0,113,0,113,0,113,0,113,0,113,0,113,0,113,0,113,0,113,0,113,0,113,0,113,0,113,0,113,0,113,0,113,0,113,0,113,0,113,0,113,0,113,0,113,0,113,0,113,0,113,0,113,0,113,0,113,0,113,0,113,0,113,0,113,0,113,0,113,0,113,0,113,0,113,0,113,0,113,0,113,0,113,0,113,0,113,0,113,0,113,0,113,0,113,0,113,0,113,0,113,0,113,0,113,0,113,0,113,0,113,0,113,0,113,0,113,0,113,0,113,0,113,0,113,0,113,0,113,0,113,0,113,0,113,0,113,0,113,0,113,0,113,0,113,0,113,0,113,0,113,0,113,0,113,0,113,0,113,0,113,0,113,0,113,0,113,0,113,0,113,0,113,0,113,0,113,0,113,0,113,0,113,0,113,0,113,0,113,0,113,0,113,0,113,0,113,0,113,0,113,0,113,0,113,0,113,0,113,0,113,0,113,0,113,0,113,0,113,0,113,0,113,0,113,0,113,0,113,0,113,0,113,0,113,0,113,0,113,0,113,0,113,0,113,0,113,0,113,0,113,0,113,0,113,0,113,0
,,114,0,114,0,114,0,114,0,114,0,114,0,114,0,114,0,114,0,114,0,114,0,114,0,114,0,114,0,114,0,114,0,114,0,114,0,114,0,114,0,114,0,114,0,114,0,114,0,114,0,114,0,114,0,114,0,114,0,114,0,114,0,114,0,114,0,114,0,114,0,114,0,114,0,114,0,114,0,114,0,114,0,114,0,114,0,114,0,114,0,114,0,114,0,114,0,114,0,114,0,114,0,114,0,114,0,114,0,114,0,114,0,114,0,114,0,114,0,114,0,114,0,114,0,114,0,114,0,114,0,114,0,114,0,114,0,114,0,114,0,114,0,114,0,114,0,114,0,114,0,114,0,114,0,114,0,114,0,114,0,114,0,114,0,114,0,114,0,114,0,114,0,114,0,114,0,114,0,114,0,114,0,114,0,114,0,114,0,114,0,114,0,114,0,114,0,114,0,114,0,114,0,114,0,114,0,114,0,114,0,114,0,114,0,114,0,114,0,114,0,114,0,114,0,114,0,114,0,114,0,114,0,114,0,114,0,114,0,114,0,114,0,114,0,114,0,114,0,114,0,114,0,114,0,114,0,114,0,114,0,114,0,114,0,114,0,114,0,114,0,114,0,114,0,114,0,114,0,114,0,114,0,114,0,114,0,114,0,114,0,114,0,114,0,114,0,114,0,114,0,114,0,114,0,114,0,114,0,114,0,114,0,114,0,114,7,114,0,114,0,114,1,114,4,114,0,114,0,114,0,114,0,114,0,114,0,114,0,114,0,114,0,114,0,114,0,114,0,114,0,114,0,114,0,114,0,114,0,114,0,114,0,114,0,114,0,114,0,114,0,114,0,114,0,114,0,114,0,114,0,114,0,114,0,114,0,114,0,114,0,114,0,114,6,114,1,114,0,114,0,114,21,114,0,114,0,114,0,114,0,114,0,114,0,114,0,114,0,114,0,114,0,114,0,114,0,114,0,114,0,114,0,114,0,114,0,114,0,114,0,114,0,114,0,114,0,114,0,114,0,114,0,114,0,114,0,114,0,114,0,114,0,114,0,114,0,114,0,114,0,114,0,114,0,114,0,114,0,114,0,114,0,114,0,114,0,114,0,114,0,114,0,114,0,114,0,114,0,114,0,114,0,114,0,114,0,114,0,114,0,114,0,114,0,114,0,114,0,114,0,114,0,114,0,114,0,114,0,114,0,114,0,114,0,114,0,114,0,114,0,114,0,114,0,114,0,114,0,114,0,114,0,114,0,114,0,114,0,114,0,114,0,114,0,114,0,114,0,114,0,114,0,114,0,114,0,114,0,114,0,114,0,114,0,114,0,114,0,114,0,114,0,114,0,114,0,114,0,114,0,114,0,114,0,114,0,114,0,114,0,114,0,114,0,114,0,114,0,114,0,114,0,114,0,114,0,114,0,114,0,114,0,114,0,114,0,114,0,114,0,114,0,114,0,114,0,114,0,114,0,114,0,114,0,114,0,114,0,114,0,114,0,114,0,114,0,114,0,114,0,114,0,114,0,114,0,114,0,114,0,114,0,114,0,114,0,114,0,114,0,114,0,114,0,114,0,114,0,114,0,114,0,114,0,114,0,114,0,114,0,114,0,114,0,114,0,114,0,114,0,114,0,114,0,114,0,114,0,114,0,114,0,114,0,114,0,114,0,114,0,114,0,114,0,114,0,114,0,114,0,114,0,114,0,114,0,114,0,114,0,114,0,114,0,114,0,114,0,114,0,114,0,114,0,114,0,114,0,114,0,114,0,114,0,114,0,114,0,114,0,114,0,114,0,114,0,114,0,114,0,114,0,114,0,114,0,114,0,114,0,114,0,114,0,114,0,114,0,114,0,114,0,114,0,114,0,114,0,114,0,114,0,114,0,114,0,114,0,114,0,114,0,114,0,114,0,114,0,114,0,114,0,114,0,114,0,114,0,114,0,114,0,114,0,114,0,114,0,114,0,114,0,114,0,114,0,114,0,114,0,114,0,114,0,114,0,114,0,114,0,114,0,114,0,114,0,114,0,114,0,114,0,114,0,114,0,114,0,114,0,114,0,114,0,114,0,114,0,114,0,114,0,114,0,114,0,114,0,114,0,114,0,114,0,114,0,114,0,114,0,114,0,114,0,114,0,114,0,114,0,114,0,114,0,114,0,114,0,114,0,114,0,114,0,114,0,114,0,114,0,114,0,114,0,114,0,114,0,114,0,114,0,114,0,114,0,114,0,114,0,114,0,114,0,114,0,114,0,114,0,114,0,114,0,114,0,114,0,114,0,114,0,114,0,114,0,114,0,114,0,114,0,114,0,114,0,114,0,114,0,114,0,114,0,114,0,114,0,114,0,114,0,114,0,114,0,114,0,114,0,114,0,114,0,114,0,114,0,114,0,114,0,114,0,114,0,114,0,114,0,114,0,114,0,114,0,114,0,114,0,114,0,114,0,114,0,114,0
,,115,0,115,0,115,0,115,0,115,0,115,0,115,0,115,0,115,0,115,0,115,0,115,0,115,0,115,0,115,0,115,0,115,0,115,0,115,0,115,0,115,0,115,0,115,0,115,0,115,0,115,0,115,0,115,0,115,0,115,0,115,0,115,0,115,0,115,0,115,0,115,0,115,0,115,0,115,0,115,0,115,0,115,0,115,0,115,0,115,0,115,0,115,0,115,0,115,0,115,0,115,0,115,0,115,0,115,0,115,0,115,0,115,0,115,0,115,0,115,0,115,0,115,0,115,0,115,0,115,0,115,0,115,0,115,0,115,0,115,0,115,0,115,0,115,0,115,0,115,0,115,0,115,0,115,0,115,0,115,0,115,0,115,0,115,0,115,0,115,0,115,0,115,0,115,0,115,0,115,0,115,0,115,0,115,0,115,0,115,0,115,0,115,0,115,0,115,0,115,0,115,0,115,0,115,0,115,0,115,0,115,0,115,0,115,0,115,0,115,0,115,0,115,0,115,0,115,0,115,0,115,0,115,0,115,0,115,0,115,0,115,0,115,0,115,0,115,0,115,0,115,0,115,0,115,0,115,0,115,0,115,0,115,0,115,0,115,0,115,0,115,0,115,0,115,0,115,0,115,0,115,0,115,0,115,0,115,0,115,0,115,0,115,0,115,0,115,0,115,0,115,0,115,0,115,0,115,0,115,0,115,0,115,0,115,6,115,0,115,0,115,19,115,6,115,0,115,0,115,0,115,0,115,0,115,0,115,0,115,0,115,0,115,0,115,0,115,0,115,0,115,0,115,0,115,0,115,0,115,0,115,0,115,0,115,0,115,0,115,0,115,0,115,0,115,0,115,0,115,0,115,0,115,0,115,0,115,0,115,0,115,0,115,0,115,0,115,0,115,0,115,12,115,0,115,0,115,0,115,0,115,0,115,0,115,0,115,0,115,0,115,0,115,0,115,0,115,0,115,0,115,0,115,0,115,0,115,0,115,0,115,0,115,0,115,0,115,0,115,0,115,0,115,0,115,0,115,0,115,0,115,0,115,0,115,0,115,0,115,0,115,0,115,0,115,0,115,0,115,0,115,0,115,0,115,0,115,0,115,0,115,0,115,0,115,0,115,0,115,0,115,0,115,0,115,0,115,0,115,0,115,0,115,0,115,0,115,0,115,0,115,0,115,0,115,0,115,0,115,0,115,0,115,0,115,0,115,0,115,0,115,0,115,0,115,0,115,0,115,0,115,0,115,0,115,0,115,0,115,0,115,0,115,0,115,0,115,0,115,0,115,0,115,0,115,0,115,0,115,0,115,0,115,0,115,0,115,0,115,0,115,0,115,0,115,0,115,0,115,0,115,0,115,0,115,0,115,0,115,0,115,0,115,0,115,0,115,0,115,0,115,0,115,0,115,0,115,0,115,0,115,0,115,0,115,0,115,0,115,0,115,0,115,0,115,0,115,0,115,0,115,0,115,0,115,0,115,0,115,0,115,0,115,0,115,0,115,0,115,0,115,0,115,0,115,0,115,0,115,0,115,0,115,0,115,0,115,0,115,0,115,0,115,0,115,0,115,0,115,0,115,0,115,0,115,0,115,0,115,0,115,0,115,0,115,0,115,0,115,0,115,0,115,0,115,0,115,0,115,0,115,0,115,0,115,0,115,0,115,0,115,0,115,0,115,0,115,0,115,0,115,0,115,0,115,0,115,0,115,0,115,0,115,0,115,0,115,0,115,0,115,0,115,0,115,0,115,0,115,0,115,0,115,0,115,0,115,0,115,0,115,0,115,0,115,0,115,0,115,0,115,0,115,0,115,0,115,0,115,0,115,0,115,0,115,0,115,0,115,0,115,0,115,0,115,0,115,0,115,0,115,0,115,0,115,0,115,0,115,0,115,0,115,0,115,0,115,0,115,0,115,0,115,0,115,0,115,0,115,0,115,0,115,0,115,0,115,0,115,0,115,0,115,0,115,0,115,0,115,0,115,0,115,0,115,0,115,0,115,0,115,0,115,0,115,0,115,0,115,0,115,0,115,0,115,0,115,0,115,0,115,0,115,0,115,0,115,0,115,0,115,0,115,0,115,0,115,0,115,0,115,0,115,0,115,0,115,0,115,0,115,0,115,0,115,0,115,0,115,0,115,0,115,0,115,0,115,0,115,0,115,0,115,0,115,0,115,0,115,0,115,0,115,0,115,0,115,0,115,0,115,0,115,0,115,0,115,0,115,0,115,0,115,0,115,0,115,0,115,0,115,0,115,0,115,0,115,0,115,0,115,0,115,0,115,0,115,0,115,0,115,0,115,0,115,0,115,0,115,0,115,0,115,0,115,0,115,0,115,0,115,0,115,0,115,0,115,0,115,0,115,0,115,0,115,0,115,0,115,0,115,0,115,0,115,0,115,0,115,0,115,0,115,0,115,0,115,0,115,0,115,0,115,0,115,0,115,0
,,116,0,116,0,116,0,116,0,116,0,116,0,116,0,116,0,116,0,116,0,116,0,116,0,116,0,116,0,116,0,116,0,116,0,116,0,116,0,116,0,116,0,116,0,116,0,116,0,116,0,116,0,116,0,116,0,116,0,116,0,116,0,116,0,116,0,116,0,116,0,116,0,116,0,116,0,116,0,116,0,116,0,116,0,116,0,116,0,116,0,116,0,116,0,116,0,116,0,116,0,116,0,116,0,116,0,116,0,116,0,116,0,116,0,116,0,116,0,116,0,116,0,116,0,116,0,116,0,116,0,116,0,116,0,116,0,116,0,116,0,116,0,116,0,116,0,116,0,116,0,116,0,116,0,116,0,116,0,116,0,116,0,116,0,116,0,116,0,116,0,116,0,116,0,116,0,116,0,116,0,116,0,116,0,116,0,116,0,116,0,116,0,116,0,116,0,116,0,116,0,116,0,116,0,116,0,116,0,116,0,116,0,116,0,116,0,116,0,116,0,116,0,116,0,116,0,116,0,116,0,116,0,116,0,116,0,116,0,116,0,116,0,116,0,116,0,116,0,116,0,116,0,116,0,116,0,116,0,116,0,116,0,116,0,116,0,116,0,116,0,116,0,116,0,116,0,116,0,116,0,116,0,116,0,116,0,116,0,116,0,116,0,116,0,116,0,116,0,116,0,116,0,116,0,116,0,116,0,116,0,116,0,116,0,116,0,116,0,116,0,116,19,116,0,116,0,116,0,116,0,116,0,116,0,116,0,116,0,116,0,116,0,116,0,116,0,116,0,116,0,116,0,116,0,116,0,116,0,116,0,116,0,116,0,116,0,116,0,116,0,116,0,116,0,116,0,116,0,116,0,116,0,116,0,116,0,116,0,116,0,116,0,116,0,116,0,116,0,116,0,116,10,116,0,116,0,116,0,116,0,116,0,116,0,116,0,116,0,116,0,116,0,116,0,116,0,116,0,116,0,116,0,116,0,116,0,116,0,116,0,116,0,116,0,116,0,116,0,116,0,116,0,116,0,116,0,116,0,116,0,116,0,116,0,116,0,116,0,116,0,116,0,116,0,116,0,116,0,116,0,116,0,116,0,116,0,116,0,116,0,116,0,116,0,116,0,116,0,116,0,116,0,116,0,116,0,116,0,116,0,116,0,116,0,116,0,116,0,116,0,116,0,116,0,116,0,116,0,116,0,116,0,116,0,116,0,116,0,116,0,116,0,116,0,116,0,116,0,116,0,116,0,116,0,116,0,116,0,116,0,116,0,116,0,116,0,116,0,116,0,116,0,116,0,116,0,116,0,116,0,116,0,116,0,116,0,116,0,116,0,116,0,116,0,116,0,116,0,116,0,116,0,116,0,116,0,116,0,116,0,116,0,116,0,116,0,116,0,116,0,116,0,116,0,116,0,116,0,116,0,116,0,116,0,116,0,116,0,116,0,116,0,116,0,116,0,116,0,116,0,116,0,116,0,116,0,116,0,116,0,116,0,116,0,116,0,116,0,116,0,116,0,116,0,116,0,116,0,116,0,116,0,116,0,116,0,116,0,116,0,116,0,116,0,116,0,116,0,116,0,116,0,116,0,116,0,116,0,116,0,116,0,116,0,116,0,116,0,116,0,116,0,116,0,116,0,116,0,116,0,116,0,116,0,116,0,116,0,116,0,116,0,116,0,116,0,116,0,116,0,116,0,116,0,116,0,116,0,116,0,116,0,116,0,116,0,116,0,116,0,116,0,116,0,116,0,116,0,116,0,116,0,116,0,116,0,116,0,116,0,116,0,116,0,116,0,116,0,116,0,116,0,116,0,116,0,116,0,116,0,116,0,116,0,116,0,116,0,116,0,116,0,116,0,116,0,116,0,116,0,116,0,116,0,116,0,116,0,116,0,116,0,116,0,116,0,116,0,116,0,116,0,116,0,116,0,116,0,116,0,116,0,116,0,116,0,116,0,116,0,116,0,116,0,116,0,116,0,116,0,116,0,116,0,116,0,116,0,116,0,116,0,116,0,116,0,116,0,116,0,116,0,116,0,116,0,116,0,116,0,116,0,116,0,116,0,116,0,116,0,116,0,116,0,116,0,116,0,116,0,116,0,116,0,116,0,116,0,116,0,116,0,116,0,116,0,116,0,116,0,116,0,116,0,116,0,116,0,116,0,116,0,116,0,116,0,116,0,116,0,116,0,116,0,116,0,116,0,116,0,116,0,116,0,116,0,116,0,116,0,116,0,116,0,116,0,116,0,116,0,116,0,116,0,116,0,116,0,116,0,116,0,116,0,116,0,116,0,116,0,116,0,116,0,116,0,116,0,116,0,116,0,116,0,116,0,116,0,116,0,116,0,116,0,116,0,116,0,116,0,116,0,116,0,116,0,116,0,116,0,116,0,116,0,116,0,116,0,116,0,116,0,116,0,116,0,116,0,116,0,116,0,116,0,116,0,116,0
,,117,0,117,0,117,0,117,0,117,0,117,0,117,0,117,0,117,0,117,0,117,0,117,0,117,0,117,0,117,0,117,0,117,0,117,0,117,0,117,0,117,0,117,0,117,0,117,0,117,0,117,0,117,0,117,0,117,0,117,0,117,0,117,0,117,0,117,0,117,0,117,0,117,0,117,0,117,0,117,0,117,0,117,0,117,0,117,0,117,0,117,0,117,0,117,0,117,0,117,0,117,0,117,0,117,0,117,0,117,0,117,0,117,0,117,0,117,0,117,0,117,0,117,0,117,0,117,0,117,0,117,0,117,0,117,0,117,0,117,0,117,0,117,0,117,0,117,0,117,0,117,0,117,0,117,0,117,0,117,0,117,0,117,0,117,0,117,0,117,0,117,0,117,0,117,0,117,0,117,0,117,0,117,0,117,0,117,0,117,0,117,0,117,0,117,0,117,0,117,0,117,0,117,0,117,0,117,0,117,0,117,0,117,0,117,0,117,0,117,0,117,0,117,0,117,0,117,0,117,0,117,0,117,0,117,0,117,0,117,0,117,0,117,0,117,0,117,0,117,0,117,0,117,0,117,0,117,0,117,0,117,0,117,0,117,0,117,0,117,0,117,0,117,0,117,0,117,0,117,0,117,0,117,0,117,0,117,0,117,0,117,0,117,0,117,0,117,0,117,0,117,0,117,0,117,0,117,0,117,0,117,0,117,0,117,0,117,0,117,0,117,21,117,0,117,0,117,0,117,0,117,0,117,0,117,0,117,0,117,0,117,0,117,0,117,0,117,0,117,0,117,0,117,0,117,0,117,0,117,0,117,0,117,0,117,0,117,0,117,0,117,0,117,0,117,0,117,0,117,0,117,0,117,0,117,0,117,0,117,0,117,0,117,0,117,0,117,0,117,0,117,16,117,0,117,0,117,0,117,0,117,0,117,0,117,0,117,0,117,0,117,0,117,0,117,0,117,0,117,0,117,0,117,0,117,0,117,0,117,0,117,0,117,0,117,0,117,0,117,0,117,0,117,0,117,0,117,0,117,0,117,0,117,0,117,0,117,0,117,0,117,0,117,0,117,0,117,0,117,0,117,0,117,0,117,0,117,0,117,0,117,0,117,0,117,0,117,0,117,0,117,0,117,0,117,0,117,0,117,0,117,0,117,0,117,0,117,0,117,0,117,0,117,0,117,0,117,0,117,0,117,0,117,0,117,0,117,0,117,0,117,0,117,0,117,0,117,0,117,0,117,0,117,0,117,0,117,0,117,0,117,0,117,0,117,0,117,0,117,0,117,0,117,0,117,0,117,0,117,0,117,0,117,0,117,0,117,0,117,0,117,0,117,0,117,0,117,0,117,0,117,0,117,0,117,0,117,0,117,0,117,0,117,0,117,0,117,0,117,0,117,0,117,0,117,0,117,0,117,0,117,0,117,0,117,0,117,0,117,0,117,0,117,0,117,0,117,0,117,0,117,0,117,0,117,0,117,0,117,0,117,0,117,0,117,0,117,0,117,0,117,0,117,0,117,0,117,0,117,0,117,0,117,0,117,0,117,0,117,0,117,0,117,0,117,0,117,0,117,0,117,0,117,0,117,0,117,0,117,0,117,0,117,0,117,0,117,0,117,0,117,0,117,0,117,0,117,0,117,0,117,0,117,0,117,0,117,0,117,0,117,0,117,0,117,0,117,0,117,0,117,0,117,0,117,0,117,0,117,0,117,0,117,0,117,0,117,0,117,0,117,0,117,0,117,0,117,0,117,0,117,0,117,0,117,0,117,0,117,0,117,0,117,0,117,0,117,0,117,0,117,0,117,0,117,0,117,0,117,0,117,0,117,0,117,0,117,0,117,0,117,0,117,0,117,0,117,0,117,0,117,0,117,0,117,0,117,0,117,0,117,0,117,0,117,0,117,0,117,0,117,0,117,0,117,0,117,0,117,0,117,0,117,0,117,0,117,0,117,0,117,0,117,0,117,0,117,0,117,0,117,0,117,0,117,0,117,0,117,0,117,0,117,0,117,0,117,0,117,0,117,0,117,0,117,0,117,0,117,0,117,0,117,0,117,0,117,0,117,0,117,0,117,0,117,0,117,0,117,0,117,0,117,0,117,0,117,0,117,0,117,0,117,0,117,0,117,0,117,0,117,0,117,0,117,0,117,0,117,0,117,0,117,0,117,0,117,0,117,0,117,0,117,0,117,0,117,0,117,0,117,0,117,0,117,0,117,0,117,0,117,0,117,0,117,0,117,0,117,0,117,0,117,0,117,0,117,0,117,0,117,0,117,0,117,0,117,0,117,0,117,0,117,0,117,0,117,0,117,0,117,0,117,0,117,0,117,0,117,0,117,0,117,0,117,0,117,0,117,0,117,0,117,0,117,0,117,0,117,0,117,0,117,0,117,0,117,0,117,0,117,0,117,0,117,0,117,0,117,0,117,0,117,0,117,0,117,0
,,118,0,118,0,118,0,118,0,118,0,118,0,118,0,118,0,118,0,118,0,118,0,118,0,118,0,118,0,118,0,118,0,118,0,118,0,118,0,118,0,118,0,118,0,118,0,118,0,118,0,118,0,118,0,118,0,118,0,118,0,118,0,118,0,118,0,118,0,118,0,118,0,118,0,118,0,118,0,118,0,118,0,118,0,118,0,118,0,118,0,118,0,118,0,118,0,118,0,118,0,118,0,118,0,118,0,118,0,118,0,118,0,118,0,118,0,118,0,118,0,118,0,118,0,118,0,118,0,118,0,118,0,118,0,118,0,118,0,118,0,118,0,118,0,118,0,118,0,118,0,118,0,118,0,118,0,118,0,118,0,118,0,118,0,118,0,118,0,118,0,118,0,118,0,118,0,118,0,118,0,118,0,118,0,118,0,118,0,118,0,118,0,118,0,118,0,118,0,118,0,118,0,118,0,118,0,118,0,118,0,118,0,118,0,118,0,118,0,118,0,118,0,118,0,118,0,118,0,118,0,118,0,118,0,118,0,118,0,118,0,118,0,118,0,118,0,118,0,118,0,118,0,118,0,118,0,118,0,118,0,118,0,118,0,118,0,118,0,118,0,118,0,118,0,118,0,118,0,118,0,118,0,118,0,118,0,118,0,118,0,118,0,118,0,118,0,118,0,118,0,118,0,118,0,118,0,118,0,118,0,118,0,118,0,118,0,118,0,118,0,118,3,118,2,118,0,118,0,118,2,118,0,118,0,118,0,118,0,118,0,118,0,118,0,118,0,118,0,118,0,118,0,118,0,118,0,118,0,118,0,118,0,118,0,118,0,118,0,118,0,118,0,118,0,118,0,118,0,118,0,118,0,118,0,118,0,118,0,118,0,118,0,118,0,118,0,118,0,118,0,118,16,118,0,118,0,118,0,118,0,118,0,118,0,118,0,118,0,118,0,118,0,118,0,118,0,118,0,118,0,118,0,118,0,118,0,118,0,118,0,118,0,118,0,118,0,118,0,118,0,118,0,118,0,118,0,118,0,118,0,118,0,118,0,118,0,118,0,118,0,118,0,118,0,118,0,118,0,118,0,118,0,118,0,118,0,118,0,118,0,118,0,118,0,118,0,118,0,118,0,118,0,118,0,118,0,118,0,118,0,118,0,118,0,118,0,118,0,118,0,118,0,118,0,118,0,118,0,118,0,118,0,118,0,118,0,118,0,118,0,118,0,118,0,118,0,118,0,118,0,118,0,118,0,118,0,118,0,118,0,118,0,118,0,118,0,118,0,118,0,118,0,118,0,118,0,118,0,118,0,118,0,118,0,118,0,118,0,118,0,118,0,118,0,118,0,118,0,118,0,118,0,118,0,118,0,118,0,118,0,118,0,118,0,118,0,118,0,118,0,118,0,118,0,118,0,118,0,118,0,118,0,118,0,118,0,118,0,118,0,118,0,118,0,118,0,118,0,118,0,118,0,118,0,118,0,118,0,118,0,118,0,118,0,118,0,118,0,118,0,118,0,118,0,118,0,118,0,118,0,118,0,118,0,118,0,118,0,118,0,118,0,118,0,118,0,118,0,118,0,118,0,118,0,118,0,118,0,118,0,118,0,118,0,118,0,118,0,118,0,118,0,118,0,118,0,118,0,118,0,118,0,118,0,118,0,118,0,118,0,118,0,118,0,118,0,118,0,118,0,118,0,118,0,118,0,118,0,118,0,118,0,118,0,118,0,118,0,118,0,118,0,118,0,118,0,118,0,118,0,118,0,118,0,118,0,118,0,118,0,118,0,118,0,118,0,118,0,118,0,118,0,118,0,118,0,118,0,118,0,118,0,118,0,118,0,118,0,118,0,118,0,118,0,118,0,118,0,118,0,118,0,118,0,118,0,118,0,118,0,118,0,118,0,118,0,118,0,118,0,118,0,118,0,118,0,118,0,118,0,118,0,118,0,118,0,118,0,118,0,118,0,118,0,118,0,118,0,118,0,118,0,118,0,118,0,118,0,118,0,118,0,118,0,118,0,118,0,118,0,118,0,118,0,118,0,118,0,118,0,118,0,118,0,118,0,118,0,118,0,118,0,118,0,118,0,118,0,118,0,118,0,118,0,118,0,118,0,118,0,118,0,118,0,118,0,118,0,118,0,118,0,118,0,118,0,118,0,118,0,118,0,118,0,118,0,118,0,118,0,118,0,118,0,118,0,118,0,118,0,118,0,118,0,118,0,118,0,118,0,118,0,118,0,118,0,118,0,118,0,118,0,118,0,118,0,118,0,118,0,118,0,118,0,118,0,118,0,118,0,118,0,118,0,118,0,118,0,118,0,118,0,118,0,118,0,118,0,118,0,118,0,118,0,118,0,118,0,118,0,118,0,118,0,118,0,118,0,118,0,118,0,118,0,118,0,118,0,118,0,118,0,118,0,118,0,118,0,118,0,118,0,118,0,118,0,118,0
,,119,0,119,0,119,0,119,0,119,0,119,0,119,0,119,0,119,0,119,0,119,0,119,0,119,0,119,0,119,0,119,0,119,0,119,0,119,0,119,0,119,0,119,0,119,0,119,0,119,0,119,0,119,0,119,0,119,0,119,0,119,0,119,0,119,0,119,0,119,0,119,0,119,0,119,0,119,0,119,0,119,0,119,0,119,0,119,0,119,0,119,0,119,0,119,0,119,0,119,0,119,0,119,0,119,0,119,0,119,0,119,0,119,0,119,0,119,0,119,0,119,0,119,0,119,0,119,0,119,0,119,0,119,0,119,0,119,0,119,0,119,0,119,0,119,0,119,0,119,0,119,0,119,0,119,0,119,0,119,0,119,0,119,0,119,0,119,0,119,0,119,0,119,0,119,0,119,0,119,0,119,0,119,0,119,0,119,0,119,0,119,0,119,0,119,0,119,0,119,0,119,0,119,0,119,0,119,0,119,0,119,0,119,0,119,0,119,0,119,0,119,0,119,0,119,0,119,0,119,0,119,0,119,0,119,0,119,0,119,0,119,0,119,0,119,0,119,0,119,0,119,0,119,0,119,0,119,0,119,0,119,0,119,0,119,0,119,0,119,0,119,0,119,0,119,0,119,0,119,0,119,0,119,0,119,0,119,0,119,0,119,0,119,0,119,0,119,0,119,0,119,0,119,0,119,0,119,0,119,0,119,0,119,0,119,0,119,0,119,0,119,1,119,1,119,0,119,0,119,1,119,0,119,0,119,0,119,0,119,0,119,0,119,0,119,0,119,0,119,0,119,0,119,0,119,0,119,0,119,0,119,0,119,0,119,0,119,0,119,0,119,0,119,0,119,0,119,0,119,0,119,0,119,0,119,0,119,0,119,0,119,0,119,0,119,0,119,0,119,0,119,17,119,0,119,0,119,0,119,0,119,0,119,0,119,0,119,0,119,0,119,0,119,0,119,0,119,0,119,0,119,0,119,0,119,0,119,0,119,0,119,0,119,0,119,0,119,0,119,0,119,0,119,0,119,0,119,0,119,0,119,0,119,0,119,0,119,0,119,0,119,0,119,0,119,0,119,0,119,0,119,0,119,0,119,0,119,0,119,0,119,0,119,0,119,0,119,0,119,0,119,0,119,0,119,0,119,0,119,0,119,0,119,0,119,0,119,0,119,0,119,0,119,0,119,0,119,0,119,0,119,0,119,0,119,0,119,0,119,0,119,0,119,0,119,0,119,0,119,0,119,0,119,0,119,0,119,0,119,0,119,0,119,0,119,0,119,0,119,0,119,0,119,0,119,0,119,0,119,0,119,0,119,0,119,0,119,0,119,0,119,0,119,0,119,0,119,0,119,0,119,0,119,0,119,0,119,0,119,0,119,0,119,0,119,0,119,0,119,0,119,0,119,0,119,0,119,0,119,0,119,0,119,0,119,0,119,0,119,0,119,0,119,0,119,0,119,0,119,0,119,0,119,0,119,0,119,0,119,0,119,0,119,0,119,0,119,0,119,0,119,0,119,0,119,0,119,0,119,0,119,0,119,0,119,0,119,0,119,0,119,0,119,0,119,0,119,0,119,0,119,0,119,0,119,0,119,0,119,0,119,0,119,0,119,0,119,0,119,0,119,0,119,0,119,0,119,0,119,0,119,0,119,0,119,0,119,0,119,0,119,0,119,0,119,0,119,0,119,0,119,0,119,0,119,0,119,0,119,0,119,0,119,0,119,0,119,0,119,0,119,0,119,0,119,0,119,0,119,0,119,0,119,0,119,0,119,0,119,0,119,0,119,0,119,0,119,0,119,0,119,0,119,0,119,0,119,0,119,0,119,0,119,0,119,0,119,0,119,0,119,0,119,0,119,0,119,0,119,0,119,0,119,0,119,0,119,0,119,0,119,0,119,0,119,0,119,0,119,0,119,0,119,0,119,0,119,0,119,0,119,0,119,0,119,0,119,0,119,0,119,0,119,0,119,0,119,0,119,0,119,0,119,0,119,0,119,0,119,0,119,0,119,0,119,0,119,0,119,0,119,0,119,0,119,0,119,0,119,0,119,0,119,0,119,0,119,0,119,0,119,0,119,0,119,0,119,0,119,0,119,0,119,0,119,0,119,0,119,0,119,0,119,0,119,0,119,0,119,0,119,0,119,0,119,0,119,0,119,0,119,0,119,0,119,0,119,0,119,0,119,0,119,0,119,0,119,0,119,0,119,0,119,0,119,0,119,0,119,0,119,0,119,0,119,0,119,0,119,0,119,0,119,0,119,0,119,0,119,0,119,0,119,0,119,0,119,0,119,0,119,0,119,0,119,0,119,0,119,0,119,0,119,0,119,0,119,0,119,0,119,0,119,0,119,0,119,0,119,0,119,0,119,0,119,0,119,0,119,0,119,0,119,0,119,0,119,0,119,0,119,0,119,0,119,0,119,0,119,0,119,0,119,0,119,0,119,0
,,120,0,120,0,120,0,120,0,120,0,120,0,120,0,120,0,120,0,120,0,120,0,120,0,120,0,120,0,120,0,120,0,120,0,120,0,120,0,120,0,120,0,120,0,120,0,120,0,120,0,120,0,120,0,120,0,120,0,120,0,120,0,120,0,120,0,120,0,120,0,120,0,120,0,120,0,120,0,120,0,120,0,120,0,120,0,120,0,120,0,120,0,120,0,120,0,120,0,120,0,120,0,120,0,120,0,120,0,120,0,120,0,120,0,120,0,120,0,120,0,120,0,120,0,120,0,120,0,120,0,120,0,120,0,120,0,120,0,120,0,120,0,120,0,120,0,120,0,120,0,120,0,120,0,120,0,120,0,120,0,120,0,120,0,120,0,120,0,120,0,120,0,120,0,120,0,120,0,120,0,120,0,120,0,120,0,120,0,120,0,120,0,120,0,120,0,120,0,120,0,120,0,120,0,120,0,120,0,120,0,120,0,120,0,120,0,120,0,120,0,120,0,120,0,120,0,120,0,120,0,120,0,120,0,120,0,120,0,120,0,120,0,120,0,120,0,120,0,120,0,120,0,120,0,120,0,120,0,120,0,120,0,120,0,120,0,120,0,120,0,120,0,120,0,120,0,120,0,120,0,120,0,120,0,120,0,120,0,120,0,120,0,120,0,120,0,120,0,120,0,120,0,120,0,120,0,120,0,120,0,120,0,120,0,120,2,120,0,120,0,120,20,120,8,120,0,120,0,120,1,120,0,120,0,120,0,120,0,120,0,120,0,120,0,120,0,120,0,120,0,120,0,120,0,120,0,120,0,120,0,120,0,120,0,120,0,120,0,120,0,120,0,120,0,120,0,120,0,120,0,120,0,120,0,120,0,120,0,120,0,120,0,120,0,120,0,120,0,120,0,120,8,120,0,120,0,120,0,120,0,120,0,120,0,120,0,120,0,120,0,120,0,120,0,120,0,120,0,120,0,120,0,120,0,120,0,120,0,120,0,120,0,120,0,120,0,120,0,120,0,120,0,120,0,120,0,120,0,120,0,120,0,120,0,120,0,120,0,120,0,120,0,120,0,120,0,120,0,120,0,120,0,120,0,120,0,120,0,120,0,120,0,120,0,120,0,120,0,120,0,120,0,120,0,120,0,120,0,120,0,120,0,120,0,120,0,120,0,120,0,120,0,120,0,120,0,120,0,120,0,120,0,120,0,120,0,120,0,120,0,120,0,120,0,120,0,120,0,120,0,120,0,120,0,120,0,120,0,120,0,120,0,120,0,120,0,120,0,120,0,120,0,120,0,120,0,120,0,120,0,120,0,120,0,120,0,120,0,120,0,120,0,120,0,120,0,120,0,120,0,120,0,120,0,120,0,120,0,120,0,120,0,120,0,120,0,120,0,120,0,120,0,120,0,120,0,120,0,120,0,120,0,120,0,120,0,120,0,120,0,120,0,120,0,120,0,120,0,120,0,120,0,120,0,120,0,120,0,120,0,120,0,120,0,120,0,120,0,120,0,120,0,120,0,120,0,120,0,120,0,120,0,120,0,120,0,120,0,120,0,120,0,120,0,120,0,120,0,120,0,120,0,120,0,120,0,120,0,120,0,120,0,120,0,120,0,120,0,120,0,120,0,120,0,120,0,120,0,120,0,120,0,120,0,120,0,120,0,120,0,120,0,120,0,120,0,120,0,120,0,120,0,120,0,120,0,120,0,120,0,120,0,120,0,120,0,120,0,120,0,120,0,120,0,120,0,120,0,120,0,120,0,120,0,120,0,120,0,120,0,120,0,120,0,120,0,120,0,120,0,120,0,120,0,120,0,120,0,120,0,120,0,120,0,120,0,120,0,120,0,120,0,120,0,120,0,120,0,120,0,120,0,120,0,120,0,120,0,120,0,120,0,120,0,120,0,120,0,120,0,120,0,120,0,120,0,120,0,120,0,120,0,120,0,120,0,120,0,120,0,120,0,120,0,120,0,120,0,120,0,120,0,120,0,120,0,120,0,120,0,120,0,120,0,120,0,120,0,120,0,120,0,120,0,120,0,120,0,120,0,120,0,120,0,120,0,120,0,120,0,120,0,120,0,120,0,120,0,120,0,120,0,120,0,120,0,120,0,120,0,120,0,120,0,120,0,120,0,120,0,120,0,120,0,120,0,120,0,120,0,120,0,120,0,120,0,120,0,120,0,120,0,120,0,120,0,120,0,120,0,120,0,120,0,120,0,120,0,120,0,120,0,120,0,120,0,120,0,120,0,120,0,120,0,120,0,120,0,120,0,120,0,120,0,120,0,120,0,120,0,120,0,120,0,120,0,120,0,120,0,120,0,120,0,120,0,120,0,120,0,120,0,120,0,120,0,120,0,120,0,120,0,120,0,120,0,120,0,120,0,120,0,120,0,120,0,120,0,120,0,120,0,120,0,120,0,120,0,120,0,120,0,120,0,120,0,120,0
,,121,0,121,0,121,0,121,0,121,0,121,0,121,0,121,0,121,0,121,0,121,0,121,0,121,0,121,0,121,0,121,0,121,0,121,0,121,0,121,0,121,0,121,0,121,0,121,0,121,0,121,0,121,0,121,0,121,0,121,0,121,0,121,0,121,0,121,0,121,0,121,0,121,0,121,0,121,0,121,0,121,0,121,0,121,0,121,0,121,0,121,0,121,0,121,0,121,0,121,0,121,0,121,0,121,0,121,0,121,0,121,0,121,0,121,0,121,0,121,0,121,0,121,0,121,0,121,0,121,0,121,0,121,0,121,0,121,0,121,0,121,0,121,0,121,0,121,0,121,0,121,0,121,0,121,0,121,0,121,0,121,0,121,0,121,0,121,0,121,0,121,0,121,0,121,0,121,0,121,0,121,0,121,0,121,0,121,0,121,0,121,0,121,0,121,0,121,0,121,0,121,0,121,0,121,0,121,0,121,0,121,0,121,0,121,0,121,0,121,0,121,0,121,0,121,0,121,0,121,0,121,0,121,0,121,0,121,0,121,0,121,0,121,0,121,0,121,0,121,0,121,0,121,0,121,0,121,0,121,0,121,0,121,0,121,0,121,0,121,0,121,0,121,0,121,0,121,0,121,0,121,0,121,0,121,0,121,0,121,0,121,0,121,0,121,0,121,0,121,0,121,0,121,0,121,0,121,0,121,0,121,0,121,0,121,1,121,0,121,0,121,2,121,4,121,0,121,0,121,0,121,0,121,0,121,0,121,0,121,0,121,0,121,0,121,0,121,0,121,0,121,0,121,0,121,0,121,0,121,0,121,0,121,0,121,0,121,0,121,0,121,0,121,0,121,0,121,0,121,0,121,0,121,0,121,0,121,0,121,0,121,0,121,0,121,0,121,0,121,2,121,19,121,0,121,0,121,0,121,0,121,0,121,0,121,0,121,0,121,0,121,0,121,0,121,0,121,0,121,0,121,0,121,0,121,0,121,0,121,0,121,0,121,0,121,0,121,0,121,0,121,0,121,0,121,0,121,0,121,0,121,0,121,0,121,0,121,0,121,0,121,0,121,0,121,0,121,0,121,0,121,0,121,0,121,0,121,0,121,0,121,0,121,0,121,0,121,0,121,0,121,0,121,0,121,0,121,0,121,0,121,0,121,0,121,0,121,0,121,0,121,0,121,0,121,0,121,0,121,0,121,0,121,0,121,0,121,0,121,0,121,0,121,0,121,0,121,0,121,0,121,0,121,0,121,0,121,0,121,0,121,0,121,0,121,0,121,0,121,0,121,0,121,0,121,0,121,0,121,0,121,0,121,0,121,0,121,0,121,0,121,0,121,0,121,0,121,0,121,0,121,0,121,0,121,0,121,0,121,0,121,0,121,0,121,0,121,0,121,0,121,0,121,0,121,0,121,0,121,0,121,0,121,0,121,0,121,0,121,0,121,0,121,0,121,0,121,0,121,0,121,0,121,0,121,0,121,0,121,0,121,0,121,0,121,0,121,0,121,0,121,0,121,0,121,0,121,0,121,0,121,0,121,0,121,0,121,0,121,0,121,0,121,0,121,0,121,0,121,0,121,0,121,0,121,0,121,0,121,0,121,0,121,0,121,0,121,0,121,0,121,0,121,0,121,0,121,0,121,0,121,0,121,0,121,0,121,0,121,0,121,0,121,0,121,0,121,0,121,0,121,0,121,0,121,0,121,0,121,0,121,0,121,0,121,0,121,0,121,0,121,0,121,0,121,0,121,0,121,0,121,0,121,0,121,0,121,0,121,0,121,0,121,0,121,0,121,0,121,0,121,0,121,0,121,0,121,0,121,0,121,0,121,0,121,0,121,0,121,0,121,0,121,0,121,0,121,0,121,0,121,0,121,0,121,0,121,0,121,0,121,0,121,0,121,0,121,0,121,0,121,0,121,0,121,0,121,0,121,0,121,0,121,0,121,0,121,0,121,0,121,0,121,0,121,0,121,0,121,0,121,0,121,0,121,0,121,0,121,0,121,0,121,0,121,0,121,0,121,0,121,0,121,0,121,0,121,0,121,0,121,0,121,0,121,0,121,0,121,0,121,0,121,0,121,0,121,0,121,0,121,0,121,0,121,0,121,0,121,0,121,0,121,0,121,0,121,0,121,0,121,0,121,0,121,0,121,0,121,0,121,0,121,0,121,0,121,0,121,0,121,0,121,0,121,0,121,0,121,0,121,0,121,0,121,0,121,0,121,0,121,0,121,0,121,0,121,0,121,0,121,0,121,0,121,0,121,0,121,0,121,0,121,0,121,0,121,0,121,0,121,0,121,0,121,0,121,0,121,0,121,0,121,0,121,0,121,0,121,0,121,0,121,0,121,0,121,0,121,0,121,0,121,0,121,0,121,0,121,0,121,0,121,0,121,0,121,0,121,0,121,0,121,0,121,0,121,0,121,0,121,0,121,0,121,0,121,0
,,122,0,122,0,122,0,122,0,122,0,122,0,122,0,122,0,122,0,122,0,122,0,122,0,122,0,122,0,122,0,122,0,122,0,122,0,122,0,122,0,122,0,122,0,122,0,122,0,122,0,122,0,122,0,122,0,122,0,122,0,122,0,122,0,122,0,122,0,122,0,122,0,122,0,122,0,122,0,122,0,122,0,122,0,122,0,122,0,122,0,122,0,122,0,122,0,122,0,122,0,122,0,122,0,122,0,122,0,122,0,122,0,122,0,122,0,122,0,122,0,122,0,122,0,122,0,122,0,122,0,122,0,122,0,122,0,122,0,122,0,122,0,122,0,122,0,122,0,122,0,122,0,122,0,122,0,122,0,122,0,122,0,122,0,122,0,122,0,122,0,122,0,122,0,122,0,122,0,122,0,122,0,122,0,122,0,122,0,122,0,122,0,122,0,122,0,122,0,122,0,122,0,122,0,122,0,122,0,122,0,122,0,122,0,122,0,122,0,122,0,122,0,122,0,122,0,122,0,122,0,122,0,122,0,122,0,122,0,122,0,122,0,122,0,122,0,122,0,122,0,122,0,122,0,122,0,122,0,122,0,122,0,122,0,122,0,122,0,122,0,122,0,122,0,122,0,122,0,122,0,122,0,122,0,122,0,122,0,122,0,122,0,122,0,122,0,122,0,122,0,122,0,122,0,122,0,122,0,122,0,122,0,122,0,122,1,122,0,122,0,122,1,122,7,122,0,122,0,122,1,122,0,122,0,122,0,122,0,122,0,122,0,122,0,122,0,122,0,122,0,122,0,122,0,122,0,122,0,122,0,122,0,122,0,122,0,122,0,122,0,122,0,122,0,122,0,122,0,122,0,122,0,122,0,122,0,122,0,122,0,122,0,122,0,122,0,122,0,122,2,122,17,122,0,122,0,122,0,122,0,122,0,122,0,122,0,122,0,122,0,122,0,122,0,122,0,122,0,122,0,122,0,122,0,122,0,122,0,122,0,122,0,122,0,122,0,122,0,122,0,122,0,122,0,122,0,122,0,122,0,122,0,122,0,122,0,122,0,122,0,122,0,122,0,122,0,122,0,122,0,122,0,122,0,122,0,122,0,122,0,122,0,122,0,122,0,122,0,122,0,122,0,122,0,122,0,122,0,122,0,122,0,122,0,122,0,122,0,122,0,122,0,122,0,122,0,122,0,122,0,122,0,122,0,122,0,122,0,122,0,122,0,122,0,122,0,122,0,122,0,122,0,122,0,122,0,122,0,122,0,122,0,122,0,122,0,122,0,122,0,122,0,122,0,122,0,122,0,122,0,122,0,122,0,122,0,122,0,122,0,122,0,122,0,122,0,122,0,122,0,122,0,122,0,122,0,122,0,122,0,122,0,122,0,122,0,122,0,122,0,122,0,122,0,122,0,122,0,122,0,122,0,122,0,122,0,122,0,122,0,122,0,122,0,122,0,122,0,122,0,122,0,122,0,122,0,122,0,122,0,122,0,122,0,122,0,122,0,122,0,122,0,122,0,122,0,122,0,122,0,122,0,122,0,122,0,122,0,122,0,122,0,122,0,122,0,122,0,122,0,122,0,122,0,122,0,122,0,122,0,122,0,122,0,122,0,122,0,122,0,122,0,122,0,122,0,122,0,122,0,122,0,122,0,122,0,122,0,122,0,122,0,122,0,122,0,122,0,122,0,122,0,122,0,122,0,122,0,122,0,122,0,122,0,122,0,122,0,122,0,122,0,122,0,122,0,122,0,122,0,122,0,122,0,122,0,122,0,122,0,122,0,122,0,122,0,122,0,122,0,122,0,122,0,122,0,122,0,122,0,122,0,122,0,122,0,122,0,122,0,122,0,122,0,122,0,122,0,122,0,122,0,122,0,122,0,122,0,122,0,122,0,122,0,122,0,122,0,122,0,122,0,122,0,122,0,122,0,122,0,122,0,122,0,122,0,122,0,122,0,122,0,122,0,122,0,122,0,122,0,122,0,122,0,122,0,122,0,122,0,122,0,122,0,122,0,122,0,122,0,122,0,122,0,122,0,122,0,122,0,122,0,122,0,122,0,122,0,122,0,122,0,122,0,122,0,122,0,122,0,122,0,122,0,122,0,122,0,122,0,122,0,122,0,122,0,122,0,122,0,122,0,122,0,122,0,122,0,122,0,122,0,122,0,122,0,122,0,122,0,122,0,122,0,122,0,122,0,122,0,122,0,122,0,122,0,122,0,122,0,122,0,122,0,122,0,122,0,122,0,122,0,122,0,122,0,122,0,122,0,122,0,122,0,122,0,122,0,122,0,122,0,122,0,122,0,122,0,122,0,122,0,122,0,122,0,122,0,122,0,122,0,122,0,122,0,122,0,122,0,122,0,122,0,122,0,122,0,122,0,122,0,122,0,122,0,122,0,122,0,122,0,122,0,122,0,122,0,122,0,122,0,122,0,122,0,122,0
,,123,0,123,0,123,0,123,0,123,0,123,0,123,0,123,0,123,0,123,0,123,0,123,0,123,0,123,0,123,0,123,0,123,0,123,0,123,0,123,0,123,0,123,0,123,0,123,0,123,0,123,0,123,0,123,0,123,0,123,0,123,0,123,0,123,0,123,0,123,0,123,0,123,0,123,0,123,0,123,0,123,0,123,0,123,0,123,0,123,0,123,0,123,0,123,0,123,0,123,0,123,0,123,0,123,0,123,0,123,0,123,0,123,0,123,0,123,0,123,0,123,0,123,0,123,0,123,0,123,0,123,0,123,0,123,0,123,0,123,0,123,0,123,0,123,0,123,0,123,0,123,0,123,0,123,0,123,0,123,0,123,0,123,0,123,0,123,0,123,0,123,0,123,0,123,0,123,0,123,0,123,0,123,0,123,0,123,0,123,0,123,0,123,0,123,0,123,0,123,0,123,0,123,0,123,0,123,0,123,0,123,0,123,0,123,0,123,0,123,0,123,0,123,0,123,0,123,0,123,0,123,0,123,0,123,0,123,0,123,0,123,0,123,0,123,0,123,0,123,0,123,0,123,0,123,0,123,0,123,0,123,0,123,0,123,0,123,0,123,0,123,0,123,0,123,0,123,0,123,0,123,0,123,0,123,0,123,0,123,0,123,0,123,0,123,0,123,0,123,0,123,0,123,0,123,0,123,0,123,0,123,0,123,0,123,0,123,0,123,0,123,6,123,1,123,0,123,0,123,2,123,0,123,0,123,0,123,0,123,0,123,0,123,0,123,0,123,0,123,0,123,0,123,0,123,0,123,0,123,0,123,0,123,0,123,0,123,0,123,0,123,0,123,0,123,0,123,0,123,0,123,0,123,0,123,0,123,0,123,0,123,0,123,0,123,0,123,0,123,0,123,13,123,0,123,0,123,0,123,0,123,0,123,0,123,0,123,0,123,0,123,0,123,0,123,0,123,0,123,0,123,0,123,0,123,0,123,0,123,0,123,0,123,0,123,0,123,0,123,0,123,0,123,0,123,0,123,0,123,0,123,0,123,0,123,0,123,0,123,0,123,0,123,0,123,0,123,0,123,0,123,0,123,0,123,0,123,0,123,0,123,0,123,0,123,0,123,0,123,0,123,0,123,0,123,0,123,0,123,0,123,0,123,0,123,0,123,0,123,0,123,0,123,0,123,0,123,0,123,0,123,0,123,0,123,0,123,0,123,0,123,0,123,0,123,0,123,0,123,0,123,0,123,0,123,0,123,0,123,0,123,0,123,0,123,0,123,0,123,0,123,0,123,0,123,0,123,0,123,0,123,0,123,0,123,0,123,0,123,0,123,0,123,0,123,0,123,0,123,0,123,0,123,0,123,0,123,0,123,0,123,0,123,0,123,0,123,0,123,0,123,0,123,0,123,0,123,0,123,0,123,0,123,0,123,0,123,0,123,0,123,0,123,0,123,0,123,0,123,0,123,0,123,0,123,0,123,0,123,0,123,0,123,0,123,0,123,0,123,0,123,0,123,0,123,0,123,0,123,0,123,0,123,0,123,0,123,0,123,0,123,0,123,0,123,0,123,0,123,0,123,0,123,0,123,0,123,0,123,0,123,0,123,0,123,0,123,0,123,0,123,0,123,0,123,0,123,0,123,0,123,0,123,0,123,0,123,0,123,0,123,0,123,0,123,0,123,0,123,0,123,0,123,0,123,0,123,0,123,0,123,0,123,0,123,0,123,0,123,0,123,0,123,0,123,0,123,0,123,0,123,0,123,0,123,0,123,0,123,0,123,0,123,0,123,0,123,0,123,0,123,0,123,0,123,0,123,0,123,0,123,0,123,0,123,0,123,0,123,0,123,0,123,0,123,0,123,0,123,0,123,0,123,0,123,0,123,0,123,0,123,0,123,0,123,0,123,0,123,0,123,0,123,0,123,0,123,0,123,0,123,0,123,0,123,0,123,0,123,0,123,0,123,0,123,0,123,0,123,0,123,0,123,0,123,0,123,0,123,0,123,0,123,0,123,0,123,0,123,0,123,0,123,0,123,0,123,0,123,0,123,0,123,0,123,0,123,0,123,0,123,0,123,0,123,0,123,0,123,0,123,0,123,0,123,0,123,0,123,0,123,0,123,0,123,0,123,0,123,0,123,0,123,0,123,0,123,0,123,0,123,0,123,0,123,0,123,0,123,0,123,0,123,0,123,0,123,0,123,0,123,0,123,0,123,0,123,0,123,0,123,0,123,0,123,0,123,0,123,0,123,0,123,0,123,0,123,0,123,0,123,0,123,0,123,0,123,0,123,0,123,0,123,0,123,0,123,0,123,0,123,0,123,0,123,0,123,0,123,0,123,0,123,0,123,0,123,0,123,0,123,0,123,0,123,0,123,0,123,0,123,0,123,0,123,0,123,0,123,0,123,0,123,0,123,0,123,0,123,0,123,0,123,0,123,0,123,0
,,124,0,124,0,124,0,124,0,124,0,124,0,124,0,124,0,124,0,124,0,124,0,124,0,124,0,124,0,124,0,124,0,124,0,124,0,124,0,124,0,124,0,124,0,124,0,124,0,124,0,124,0,124,0,124,0,124,0,124,0,124,0,124,0,124,0,124,0,124,0,124,0,124,0,124,0,124,0,124,0,124,0,124,0,124,0,124,0,124,0,124,0,124,0,124,0,124,0,124,0,124,0,124,0,124,0,124,0,124,0,124,0,124,0,124,0,124,0,124,0,124,0,124,0,124,0,124,0,124,0,124,0,124,0,124,0,124,0,124,0,124,0,124,0,124,0,124,0,124,0,124,0,124,0,124,0,124,0,124,0,124,0,124,0,124,0,124,0,124,0,124,0,124,0,124,0,124,0,124,0,124,0,124,0,124,0,124,0,124,0,124,0,124,0,124,0,124,0,124,0,124,0,124,0,124,0,124,0,124,0,124,0,124,0,124,0,124,0,124,0,124,0,124,0,124,0,124,0,124,0,124,0,124,0,124,0,124,0,124,0,124,0,124,0,124,0,124,0,124,0,124,0,124,0,124,0,124,0,124,0,124,0,124,0,124,0,124,0,124,0,124,0,124,0,124,0,124,0,124,0,124,0,124,0,124,0,124,0,124,0,124,0,124,0,124,0,124,0,124,0,124,0,124,0,124,0,124,0,124,0,124,0,124,0,124,10,124,0,124,0,124,10,124,10,124,0,124,0,124,0,124,0,124,0,124,0,124,0,124,0,124,0,124,0,124,0,124,0,124,0,124,0,124,0,124,0,124,0,124,0,124,0,124,0,124,0,124,0,124,0,124,0,124,0,124,0,124,0,124,0,124,0,124,0,124,0,124,0,124,0,124,0,124,1,124,0,124,0,124,0,124,13,124,0,124,0,124,0,124,0,124,0,124,0,124,0,124,0,124,0,124,0,124,0,124,0,124,0,124,0,124,0,124,0,124,0,124,0,124,0,124,0,124,0,124,0,124,0,124,0,124,0,124,0,124,0,124,0,124,0,124,0,124,0,124,0,124,0,124,0,124,0,124,0,124,0,124,0,124,0,124,0,124,0,124,0,124,0,124,0,124,0,124,0,124,0,124,0,124,0,124,0,124,0,124,0,124,0,124,0,124,0,124,0,124,0,124,0,124,0,124,0,124,0,124,0,124,0,124,0,124,0,124,0,124,0,124,0,124,0,124,0,124,0,124,0,124,0,124,0,124,0,124,0,124,0,124,0,124,0,124,0,124,0,124,0,124,0,124,0,124,0,124,0,124,0,124,0,124,0,124,0,124,0,124,0,124,0,124,0,124,0,124,0,124,0,124,0,124,0,124,0,124,0,124,0,124,0,124,0,124,0,124,0,124,0,124,0,124,0,124,0,124,0,124,0,124,0,124,0,124,0,124,0,124,0,124,0,124,0,124,0,124,0,124,0,124,0,124,0,124,0,124,0,124,0,124,0,124,0,124,0,124,0,124,0,124,0,124,0,124,0,124,0,124,0,124,0,124,0,124,0,124,0,124,0,124,0,124,0,124,0,124,0,124,0,124,0,124,0,124,0,124,0,124,0,124,0,124,0,124,0,124,0,124,0,124,0,124,0,124,0,124,0,124,0,124,0,124,0,124,0,124,0,124,0,124,0,124,0,124,0,124,0,124,0,124,0,124,0,124,0,124,0,124,0,124,0,124,0,124,0,124,0,124,0,124,0,124,0,124,0,124,0,124,0,124,0,124,0,124,0,124,0,124,0,124,0,124,0,124,0,124,0,124,0,124,0,124,0,124,0,124,0,124,0,124,0,124,0,124,0,124,0,124,0,124,0,124,0,124,0,124,0,124,0,124,0,124,0,124,0,124,0,124,0,124,0,124,0,124,0,124,0,124,0,124,0,124,0,124,0,124,0,124,0,124,0,124,0,124,0,124,0,124,0,124,0,124,0,124,0,124,0,124,0,124,0,124,0,124,0,124,0,124,0,124,0,124,0,124,0,124,0,124,0,124,0,124,0,124,0,124,0,124,0,124,0,124,0,124,0,124,0,124,0,124,0,124,0,124,0,124,0,124,0,124,0,124,0,124,0,124,0,124,0,124,0,124,0,124,0,124,0,124,0,124,0,124,0,124,0,124,0,124,0,124,0,124,0,124,0,124,0,124,0,124,0,124,0,124,0,124,0,124,0,124,0,124,0,124,0,124,0,124,0,124,0,124,0,124,0,124,0,124,0,124,0,124,0,124,0,124,0,124,0,124,0,124,0,124,0,124,0,124,0,124,0,124,0,124,0,124,0,124,0,124,0,124,0,124,0,124,0,124,0,124,0,124,0,124,0,124,0,124,0,124,0,124,0,124,0,124,0,124,0,124,0,124,0,124,0,124,0,124,0,124,0,124,0,124,0,124,0,124,0,124,0,124,0,124,0,124,0,124,0,124,0
,,125,0,125,0,125,0,125,0,125,0,125,0,125,0,125,0,125,0,125,0,125,0,125,0,125,0,125,0,125,0,125,0,125,0,125,0,125,0,125,0,125,0,125,0,125,0,125,0,125,0,125,0,125,0,125,0,125,0,125,0,125,0,125,0,125,0,125,0,125,0,125,0,125,0,125,0,125,0,125,0,125,0,125,0,125,0,125,0,125,0,125,0,125,0,125,0,125,0,125,0,125,0,125,0,125,0,125,0,125,0,125,0,125,0,125,0,125,0,125,0,125,0,125,0,125,0,125,0,125,0,125,0,125,0,125,0,125,0,125,0,125,0,125,0,125,0,125,0,125,0,125,0,125,0,125,0,125,0,125,0,125,0,125,0,125,0,125,0,125,0,125,0,125,0,125,0,125,0,125,0,125,0,125,0,125,0,125,0,125,0,125,0,125,0,125,0,125,0,125,0,125,0,125,0,125,0,125,0,125,0,125,0,125,0,125,0,125,0,125,0,125,0,125,0,125,0,125,0,125,0,125,0,125,0,125,0,125,0,125,0,125,0,125,0,125,0,125,0,125,0,125,0,125,0,125,0,125,0,125,0,125,0,125,0,125,0,125,0,125,0,125,0,125,0,125,0,125,0,125,0,125,0,125,0,125,0,125,0,125,0,125,0,125,0,125,0,125,0,125,0,125,0,125,0,125,0,125,0,125,0,125,0,125,0,125,7,125,0,125,0,125,12,125,8,125,0,125,0,125,0,125,0,125,0,125,0,125,0,125,0,125,0,125,0,125,0,125,0,125,0,125,0,125,0,125,0,125,0,125,0,125,0,125,0,125,0,125,0,125,0,125,0,125,0,125,0,125,0,125,0,125,0,125,0,125,0,125,0,125,0,125,0,125,0,125,0,125,0,125,0,125,14,125,0,125,0,125,0,125,0,125,0,125,0,125,0,125,0,125,0,125,0,125,0,125,0,125,0,125,0,125,0,125,0,125,0,125,0,125,0,125,0,125,0,125,0,125,0,125,0,125,0,125,0,125,0,125,0,125,0,125,0,125,0,125,0,125,0,125,0,125,0,125,0,125,0,125,0,125,0,125,0,125,0,125,0,125,0,125,0,125,0,125,0,125,0,125,0,125,0,125,0,125,0,125,0,125,0,125,0,125,0,125,0,125,0,125,0,125,0,125,0,125,0,125,0,125,0,125,0,125,0,125,0,125,0,125,0,125,0,125,0,125,0,125,0,125,0,125,0,125,0,125,0,125,0,125,0,125,0,125,0,125,0,125,0,125,0,125,0,125,0,125,0,125,0,125,0,125,0,125,0,125,0,125,0,125,0,125,0,125,0,125,0,125,0,125,0,125,0,125,0,125,0,125,0,125,0,125,0,125,0,125,0,125,0,125,0,125,0,125,0,125,0,125,0,125,0,125,0,125,0,125,0,125,0,125,0,125,0,125,0,125,0,125,0,125,0,125,0,125,0,125,0,125,0,125,0,125,0,125,0,125,0,125,0,125,0,125,0,125,0,125,0,125,0,125,0,125,0,125,0,125,0,125,0,125,0,125,0,125,0,125,0,125,0,125,0,125,0,125,0,125,0,125,0,125,0,125,0,125,0,125,0,125,0,125,0,125,0,125,0,125,0,125,0,125,0,125,0,125,0,125,0,125,0,125,0,125,0,125,0,125,0,125,0,125,0,125,0,125,0,125,0,125,0,125,0,125,0,125,0,125,0,125,0,125,0,125,0,125,0,125,0,125,0,125,0,125,0,125,0,125,0,125,0,125,0,125,0,125,0,125,0,125,0,125,0,125,0,125,0,125,0,125,0,125,0,125,0,125,0,125,0,125,0,125,0,125,0,125,0,125,0,125,0,125,0,125,0,125,0,125,0,125,0,125,0,125,0,125,0,125,0,125,0,125,0,125,0,125,0,125,0,125,0,125,0,125,0,125,0,125,0,125,0,125,0,125,0,125,0,125,0,125,0,125,0,125,0,125,0,125,0,125,0,125,0,125,0,125,0,125,0,125,0,125,0,125,0,125,0,125,0,125,0,125,0,125,0,125,0,125,0,125,0,125,0,125,0,125,0,125,0,125,0,125,0,125,0,125,0,125,0,125,0,125,0,125,0,125,0,125,0,125,0,125,0,125,0,125,0,125,0,125,0,125,0,125,0,125,0,125,0,125,0,125,0,125,0,125,0,125,0,125,0,125,0,125,0,125,0,125,0,125,0,125,0,125,0,125,0,125,0,125,0,125,0,125,0,125,0,125,0,125,0,125,0,125,0,125,0,125,0,125,0,125,0,125,0,125,0,125,0,125,0,125,0,125,0,125,0,125,0,125,0,125,0,125,0,125,0,125,0,125,0,125,0,125,0,125,0,125,0,125,0,125,0,125,0,125,0,125,0,125,0,125,0,125,0,125,0,125,0,125,0,125,0,125,0,125,0,125,0,125,0,125,0
,,126,0,126,0,126,0,126,0,126,0,126,0,126,0,126,0,126,0,126,0,126,0,126,0,126,0,126,0,126,0,126,0,126,0,126,0,126,0,126,0,126,0,126,0,126,0,126,0,126,0,126,0,126,0,126,0,126,0,126,0,126,0,126,0,126,0,126,0,126,0,126,0,126,0,126,0,126,0,126,0,126,0,126,0,126,0,126,0,126,0,126,0,126,0,126,0,126,0,126,0,126,0,126,0,126,0,126,0,126,0,126,0,126,0,126,0,126,0,126,0,126,0,126,0,126,0,126,0,126,0,126,0,126,0,126,0,126,0,126,0,126,0,126,0,126,0,126,0,126,0,126,0,126,0,126,0,126,0,126,0,126,0,126,0,126,0,126,0,126,0,126,0,126,0,126,0,126,0,126,0,126,0,126,0,126,0,126,0,126,0,126,0,126,0,126,0,126,0,126,0,126,0,126,0,126,0,126,0,126,0,126,0,126,0,126,0,126,0,126,0,126,0,126,0,126,0,126,0,126,0,126,0,126,0,126,0,126,0,126,0,126,0,126,0,126,0,126,0,126,0,126,0,126,0,126,0,126,0,126,0,126,0,126,0,126,0,126,0,126,0,126,0,126,0,126,0,126,0,126,0,126,0,126,0,126,0,126,0,126,0,126,0,126,0,126,0,126,0,126,0,126,0,126,0,126,0,126,0,126,0,126,0,126,0,126,0,126,0,126,0,126,19,126,3,126,0,126,0,126,2,126,0,126,0,126,0,126,0,126,0,126,0,126,0,126,0,126,0,126,0,126,0,126,0,126,0,126,0,126,0,126,0,126,0,126,0,126,0,126,0,126,0,126,0,126,0,126,0,126,0,126,0,126,0,126,0,126,0,126,0,126,0,126,0,126,0,126,0,126,0,126,9,126,0,126,0,126,0,126,0,126,0,126,0,126,0,126,0,126,0,126,0,126,0,126,0,126,0,126,0,126,0,126,0,126,0,126,0,126,0,126,0,126,0,126,0,126,0,126,0,126,0,126,0,126,0,126,0,126,0,126,0,126,0,126,0,126,0,126,0,126,0,126,0,126,0,126,0,126,0,126,0,126,0,126,0,126,0,126,0,126,0,126,0,126,0,126,0,126,0,126,0,126,0,126,0,126,0,126,0,126,0,126,0,126,0,126,0,126,0,126,0,126,0,126,0,126,0,126,0,126,0,126,0,126,0,126,0,126,0,126,0,126,0,126,0,126,0,126,0,126,0,126,0,126,0,126,0,126,0,126,0,126,0,126,0,126,0,126,0,126,0,126,0,126,0,126,0,126,0,126,0,126,0,126,0,126,0,126,0,126,0,126,0,126,0,126,0,126,0,126,0,126,0,126,0,126,0,126,0,126,0,126,0,126,0,126,0,126,0,126,0,126,0,126,0,126,0,126,0,126,0,126,0,126,0,126,0,126,0,126,0,126,0,126,0,126,0,126,0,126,0,126,0,126,0,126,0,126,0,126,0,126,0,126,0,126,0,126,0,126,0,126,0,126,0,126,0,126,0,126,0,126,0,126,0,126,0,126,0,126,0,126,0,126,0,126,0,126,0,126,0,126,0,126,0,126,0,126,0,126,0,126,0,126,0,126,0,126,0,126,0,126,0,126,0,126,0,126,0,126,0,126,0,126,0,126,0,126,0,126,0,126,0,126,0,126,0,126,0,126,0,126,0,126,0,126,0,126,0,126,0,126,0,126,0,126,0,126,0,126,0,126,0,126,0,126,0,126,0,126,0,126,0,126,0,126,0,126,0,126,0,126,0,126,0,126,0,126,0,126,0,126,0,126,0,126,0,126,0,126,0,126,0,126,0,126,0,126,0,126,0,126,0,126,0,126,0,126,0,126,0,126,0,126,0,126,0,126,0,126,0,126,0,126,0,126,0,126,0,126,0,126,0,126,0,126,0,126,0,126,0,126,0,126,0,126,0,126,0,126,0,126,0,126,0,126,0,126,0,126,0,126,0,126,0,126,0,126,0,126,0,126,0,126,0,126,0,126,0,126,0,126,0,126,0,126,0,126,0,126,0,126,0,126,0,126,0,126,0,126,0,126,0,126,0,126,0,126,0,126,0,126,0,126,0,126,0,126,0,126,0,126,0,126,0,126,0,126,0,126,0,126,0,126,0,126,0,126,0,126,0,126,0,126,0,126,0,126,0,126,0,126,0,126,0,126,0,126,0,126,0,126,0,126,0,126,0,126,0,126,0,126,0,126,0,126,0,126,0,126,0,126,0,126,0,126,0,126,0,126,0,126,0,126,0,126,0,126,0,126,0,126,0,126,0,126,0,126,0,126,0,126,0,126,0,126,0,126,0,126,0,126,0,126,0,126,0,126,0,126,0,126,0,126,0,126,0,126,0,126,0,126,0,126,0,126,0,126,0,126,0,126,0,126,0,126,0,126,0,126,0,126,0,126,0,126,0
,,127,0,127,0,127,0,127,0,127,0,127,0,127,0,127,0,127,0,127,0,127,0,127,0,127,0,127,0,127,0,127,0,127,0,127,0,127,0,127,0,127,0,127,0,127,0,127,0,127,0,127,0,127,0,127,0,127,0,127,0,127,0,127,0,127,0,127,0,127,0,127,0,127,0,127,0,127,0,127,0,127,0,127,0,127,0,127,0,127,0,127,0,127,0,127,0,127,0,127,0,127,0,127,0,127,0,127,0,127,0,127,0,127,0,127,0,127,0,127,0,127,0,127,0,127,0,127,0,127,0,127,0,127,0,127,0,127,0,127,0,127,0,127,0,127,0,127,0,127,0,127,0,127,0,127,0,127,0,127,0,127,0,127,0,127,0,127,0,127,0,127,0,127,0,127,0,127,0,127,0,127,0,127,0,127,0,127,0,127,0,127,0,127,0,127,0,127,0,127,0,127,0,127,0,127,0,127,0,127,0,127,0,127,0,127,0,127,0,127,0,127,0,127,0,127,0,127,0,127,0,127,0,127,0,127,0,127,0,127,0,127,0,127,0,127,0,127,0,127,0,127,0,127,0,127,0,127,0,127,0,127,0,127,0,127,0,127,0,127,0,127,0,127,0,127,0,127,0,127,0,127,0,127,0,127,0,127,0,127,0,127,0,127,0,127,0,127,0,127,0,127,0,127,0,127,0,127,0,127,0,127,0,127,0,127,3,127,0,127,0,127,18,127,7,127,0,127,0,127,1,127,0,127,0,127,0,127,0,127,0,127,0,127,0,127,0,127,0,127,0,127,0,127,0,127,0,127,0,127,0,127,0,127,0,127,0,127,0,127,0,127,0,127,0,127,0,127,0,127,0,127,0,127,0,127,0,127,0,127,0,127,0,127,0,127,0,127,0,127,0,127,12,127,0,127,0,127,0,127,0,127,0,127,0,127,0,127,0,127,0,127,0,127,0,127,0,127,0,127,0,127,0,127,0,127,0,127,0,127,0,127,0,127,0,127,0,127,0,127,0,127,0,127,0,127,0,127,0,127,0,127,0,127,0,127,0,127,0,127,0,127,0,127,0,127,0,127,0,127,0,127,0,127,0,127,0,127,0,127,0,127,0,127,0,127,0,127,0,127,0,127,0,127,0,127,0,127,0,127,0,127,0,127,0,127,0,127,0,127,0,127,0,127,0,127,0,127,0,127,0,127,0,127,0,127,0,127,0,127,0,127,0,127,0,127,0,127,0,127,0,127,0,127,0,127,0,127,0,127,0,127,0,127,0,127,0,127,0,127,0,127,0,127,0,127,0,127,0,127,0,127,0,127,0,127,0,127,0,127,0,127,0,127,0,127,0,127,0,127,0,127,0,127,0,127,0,127,0,127,0,127,0,127,0,127,0,127,0,127,0,127,0,127,0,127,0,127,0,127,0,127,0,127,0,127,0,127,0,127,0,127,0,127,0,127,0,127,0,127,0,127,0,127,0,127,0,127,0,127,0,127,0,127,0,127,0,127,0,127,0,127,0,127,0,127,0,127,0,127,0,127,0,127,0,127,0,127,0,127,0,127,0,127,0,127,0,127,0,127,0,127,0,127,0,127,0,127,0,127,0,127,0,127,0,127,0,127,0,127,0,127,0,127,0,127,0,127,0,127,0,127,0,127,0,127,0,127,0,127,0,127,0,127,0,127,0,127,0,127,0,127,0,127,0,127,0,127,0,127,0,127,0,127,0,127,0,127,0,127,0,127,0,127,0,127,0,127,0,127,0,127,0,127,0,127,0,127,0,127,0,127,0,127,0,127,0,127,0,127,0,127,0,127,0,127,0,127,0,127,0,127,0,127,0,127,0,127,0,127,0,127,0,127,0,127,0,127,0,127,0,127,0,127,0,127,0,127,0,127,0,127,0,127,0,127,0,127,0,127,0,127,0,127,0,127,0,127,0,127,0,127,0,127,0,127,0,127,0,127,0,127,0,127,0,127,0,127,0,127,0,127,0,127,0,127,0,127,0,127,0,127,0,127,0,127,0,127,0,127,0,127,0,127,0,127,0,127,0,127,0,127,0,127,0,127,0,127,0,127,0,127,0,127,0,127,0,127,0,127,0,127,0,127,0,127,0,127,0,127,0,127,0,127,0,127,0,127,0,127,0,127,0,127,0,127,0,127,0,127,0,127,0,127,0,127,0,127,0,127,0,127,0,127,0,127,0,127,0,127,0,127,0,127,0,127,0,127,0,127,0,127,0,127,0,127,0,127,0,127,0,127,0,127,0,127,0,127,0,127,0,127,0,127,0,127,0,127,0,127,0,127,0,127,0,127,0,127,0,127,0,127,0,127,0,127,0,127,0,127,0,127,0,127,0,127,0,127,0,127,0,127,0,127,0,127,0,127,0,127,0,127,0,127,0,127,0,127,0,127,0,127,0,127,0,127,0,127,0,127,0,127,0,127,0,127,0,127,0
,,128,0,128,0,128,0,128,0,128,0,128,0,128,0,128,0,128,0,128,0,128,0,128,0,128,0,128,0,128,0,128,0,128,0,128,0,128,0,128,0,128,0,128,0,128,0,128,0,128,0,128,0,128,0,128,0,128,0,128,0,128,0,128,0,128,0,128,0,128,0,128,0,128,0,128,0,128,0,128,0,128,0,128,0,128,0,128,0,128,0,128,0,128,0,128,0,128,0,128,0,128,0,128,0,128,0,128,0,128,0,128,0,128,0,128,0,128,0,128,0,128,0,128,0,128,0,128,0,128,0,128,0,128,0,128,0,128,0,128,0,128,0,128,0,128,0,128,0,128,0,128,0,128,0,128,0,128,0,128,0,128,0,128,0,128,0,128,0,128,0,128,0,128,0,128,0,128,0,128,0,128,0,128,0,128,0,128,0,128,0,128,0,128,0,128,0,128,0,128,0,128,0,128,0,128,0,128,0,128,0,128,0,128,0,128,0,128,0,128,0,128,0,128,0,128,0,128,0,128,0,128,0,128,0,128,0,128,0,128,0,128,0,128,0,128,0,128,0,128,0,128,0,128,0,128,0,128,0,128,0,128,0,128,0,128,0,128,0,128,0,128,0,128,0,128,0,128,0,128,0,128,0,128,0,128,0,128,0,128,0,128,0,128,0,128,0,128,0,128,0,128,0,128,0,128,0,128,0,128,0,128,0,128,0,128,2,128,0,128,0,128,1,128,8,128,0,128,0,128,1,128,0,128,0,128,0,128,0,128,0,128,0,128,0,128,0,128,0,128,0,128,0,128,0,128,0,128,0,128,0,128,0,128,0,128,0,128,0,128,0,128,0,128,0,128,0,128,0,128,0,128,0,128,0,128,0,128,0,128,0,128,0,128,1,128,0,128,0,128,1,128,16,128,0,128,0,128,0,128,0,128,0,128,0,128,0,128,0,128,0,128,0,128,0,128,0,128,0,128,0,128,0,128,0,128,0,128,0,128,0,128,0,128,0,128,0,128,0,128,0,128,0,128,0,128,0,128,0,128,0,128,0,128,0,128,0,128,0,128,0,128,0,128,0,128,0,128,0,128,0,128,0,128,0,128,0,128,0,128,0,128,0,128,0,128,0,128,0,128,0,128,0,128,0,128,0,128,0,128,0,128,0,128,0,128,0,128,0,128,0,128,0,128,0,128,0,128,0,128,0,128,0,128,0,128,0,128,0,128,0,128,0,128,0,128,0,128,0,128,0,128,0,128,0,128,0,128,0,128,0,128,0,128,0,128,0,128,0,128,0,128,0,128,0,128,0,128,0,128,0,128,0,128,0,128,0,128,0,128,0,128,0,128,0,128,0,128,0,128,0,128,0,128,0,128,0,128,0,128,0,128,0,128,0,128,0,128,0,128,0,128,0,128,0,128,0,128,0,128,0,128,0,128,0,128,0,128,0,128,0,128,0,128,0,128,0,128,0,128,0,128,0,128,0,128,0,128,0,128,0,128,0,128,0,128,0,128,0,128,0,128,0,128,0,128,0,128,0,128,0,128,0,128,0,128,0,128,0,128,0,128,0,128,0,128,0,128,0,128,0,128,0,128,0,128,0,128,0,128,0,128,0,128,0,128,0,128,0,128,0,128,0,128,0,128,0,128,0,128,0,128,0,128,0,128,0,128,0,128,0,128,0,128,0,128,0,128,0,128,0,128,0,128,0,128,0,128,0,128,0,128,0,128,0,128,0,128,0,128,0,128,0,128,0,128,0,128,0,128,0,128,0,128,0,128,0,128,0,128,0,128,0,128,0,128,0,128,0,128,0,128,0,128,0,128,0,128,0,128,0,128,0,128,0,128,0,128,0,128,0,128,0,128,0,128,0,128,0,128,0,128,0,128,0,128,0,128,0,128,0,128,0,128,0,128,0,128,0,128,0,128,0,128,0,128,0,128,0,128,0,128,0,128,0,128,0,128,0,128,0,128,0,128,0,128,0,128,0,128,0,128,0,128,0,128,0,128,0,128,0,128,0,128,0,128,0,128,0,128,0,128,0,128,0,128,0,128,0,128,0,128,0,128,0,128,0,128,0,128,0,128,0,128,0,128,0,128,0,128,0,128,0,128,0,128,0,128,0,128,0,128,0,128,0,128,0,128,0,128,0,128,0,128,0,128,0,128,0,128,0,128,0,128,0,128,0,128,0,128,0,128,0,128,0,128,0,128,0,128,0,128,0,128,0,128,0,128,0,128,0,128,0,128,0,128,0,128,0,128,0,128,0,128,0,128,0,128,0,128,0,128,0,128,0,128,0,128,0,128,0,128,0,128,0,128,0,128,0,128,0,128,0,128,0,128,0,128,0,128,0,128,0,128,0,128,0,128,0,128,0,128,0,128,0,128,0,128,0,128,0,128,0,128,0,128,0,128,0,128,0,128,0,128,0,128,0,128,0,128,0,128,0,128,0,128,0,128,0
,,129,0,129,0,129,0,129,0,129,0,129,0,129,0,129,0,129,0,129,0,129,0,129,0,129,0,129,0,129,0,129,0,129,0,129,0,129,0,129,0,129,0,129,0,129,0,129,0,129,0,129,0,129,0,129,0,129,0,129,0,129,0,129,0,129,0,129,0,129,0,129,0,129,0,129,0,129,0,129,0,129,0,129,0,129,0,129,0,129,0,129,0,129,0,129,0,129,0,129,0,129,0,129,0,129,0,129,0,129,0,129,0,129,0,129,0,129,0,129,0,129,0,129,0,129,0,129,0,129,0,129,0,129,0,129,0,129,0,129,0,129,0,129,0,129,0,129,0,129,0,129,0,129,0,129,0,129,0,129,0,129,0,129,0,129,0,129,0,129,0,129,0,129,0,129,0,129,0,129,0,129,0,129,0,129,0,129,0,129,0,129,0,129,0,129,0,129,0,129,0,129,0,129,0,129,0,129,0,129,0,129,0,129,0,129,0,129,0,129,0,129,0,129,0,129,0,129,0,129,0,129,0,129,0,129,0,129,0,129,0,129,0,129,0,129,0,129,0,129,0,129,0,129,0,129,0,129,0,129,0,129,0,129,0,129,0,129,0,129,0,129,0,129,0,129,0,129,0,129,0,129,0,129,0,129,0,129,0,129,0,129,0,129,0,129,0,129,0,129,0,129,0,129,0,129,0,129,0,129,0,129,0,129,0,129,2,129,0,129,0,129,1,129,8,129,0,129,0,129,0,129,0,129,0,129,0,129,0,129,0,129,0,129,0,129,0,129,0,129,0,129,0,129,0,129,0,129,0,129,0,129,0,129,0,129,0,129,0,129,0,129,0,129,0,129,0,129,0,129,0,129,0,129,0,129,0,129,0,129,0,129,0,129,2,129,0,129,0,129,1,129,17,129,0,129,0,129,0,129,0,129,0,129,0,129,0,129,0,129,0,129,0,129,0,129,0,129,0,129,0,129,0,129,0,129,0,129,0,129,0,129,0,129,0,129,0,129,0,129,0,129,0,129,0,129,0,129,0,129,0,129,0,129,0,129,0,129,0,129,0,129,0,129,0,129,0,129,0,129,0,129,0,129,0,129,0,129,0,129,0,129,0,129,0,129,0,129,0,129,0,129,0,129,0,129,0,129,0,129,0,129,0,129,0,129,0,129,0,129,0,129,0,129,0,129,0,129,0,129,0,129,0,129,0,129,0,129,0,129,0,129,0,129,0,129,0,129,0,129,0,129,0,129,0,129,0,129,0,129,0,129,0,129,0,129,0,129,0,129,0,129,0,129,0,129,0,129,0,129,0,129,0,129,0,129,0,129,0,129,0,129,0,129,0,129,0,129,0,129,0,129,0,129,0,129,0,129,0,129,0,129,0,129,0,129,0,129,0,129,0,129,0,129,0,129,0,129,0,129,0,129,0,129,0,129,0,129,0,129,0,129,0,129,0,129,0,129,0,129,0,129,0,129,0,129,0,129,0,129,0,129,0,129,0,129,0,129,0,129,0,129,0,129,0,129,0,129,0,129,0,129,0,129,0,129,0,129,0,129,0,129,0,129,0,129,0,129,0,129,0,129,0,129,0,129,0,129,0,129,0,129,0,129,0,129,0,129,0,129,0,129,0,129,0,129,0,129,0,129,0,129,0,129,0,129,0,129,0,129,0,129,0,129,0,129,0,129,0,129,0,129,0,129,0,129,0,129,0,129,0,129,0,129,0,129,0,129,0,129,0,129,0,129,0,129,0,129,0,129,0,129,0,129,0,129,0,129,0,129,0,129,0,129,0,129,0,129,0,129,0,129,0,129,0,129,0,129,0,129,0,129,0,129,0,129,0,129,0,129,0,129,0,129,0,129,0,129,0,129,0,129,0,129,0,129,0,129,0,129,0,129,0,129,0,129,0,129,0,129,0,129,0,129,0,129,0,129,0,129,0,129,0,129,0,129,0,129,0,129,0,129,0,129,0,129,0,129,0,129,0,129,0,129,0,129,0,129,0,129,0,129,0,129,0,129,0,129,0,129,0,129,0,129,0,129,0,129,0,129,0,129,0,129,0,129,0,129,0,129,0,129,0,129,0,129,0,129,0,129,0,129,0,129,0,129,0,129,0,129,0,129,0,129,0,129,0,129,0,129,0,129,0,129,0,129,0,129,0,129,0,129,0,129,0,129,0,129,0,129,0,129,0,129,0,129,0,129,0,129,0,129,0,129,0,129,0,129,0,129,0,129,0,129,0,129,0,129,0,129,0,129,0,129,0,129,0,129,0,129,0,129,0,129,0,129,0,129,0,129,0,129,0,129,0,129,0,129,0,129,0,129,0,129,0,129,0,129,0,129,0,129,0,129,0,129,0,129,0,129,0,129,0,129,0,129,0,129,0,129,0,129,0,129,0,129,0,129,0,129,0,129,0,129,0,129,0,129,0,129,0,129,0,129,0,129,0,129,0
,,130,0,130,0,130,0,130,0,130,0,130,0,130,0,130,0,130,0,130,0,130,0,130,0,130,0,130,0,130,0,130,0,130,0,130,0,130,0,130,0,130,0,130,0,130,0,130,0,130,0,130,0,130,0,130,0,130,0,130,0,130,0,130,0,130,0,130,0,130,0,130,0,130,0,130,0,130,0,130,0,130,0,130,0,130,0,130,0,130,0,130,0,130,0,130,0,130,0,130,0,130,0,130,0,130,0,130,0,130,0,130,0,130,0,130,0,130,0,130,0,130,0,130,0,130,0,130,0,130,0,130,0,130,0,130,0,130,0,130,0,130,0,130,0,130,0,130,0,130,0,130,0,130,0,130,0,130,0,130,0,130,0,130,0,130,0,130,0,130,0,130,0,130,0,130,0,130,0,130,0,130,0,130,0,130,0,130,0,130,0,130,0,130,0,130,0,130,0,130,0,130,0,130,0,130,0,130,0,130,0,130,0,130,0,130,0,130,0,130,0,130,0,130,0,130,0,130,0,130,0,130,0,130,0,130,0,130,0,130,0,130,0,130,0,130,0,130,0,130,0,130,0,130,0,130,0,130,0,130,0,130,0,130,0,130,0,130,0,130,0,130,0,130,0,130,0,130,0,130,0,130,0,130,0,130,0,130,0,130,0,130,0,130,0,130,0,130,0,130,0,130,0,130,0,130,0,130,0,130,0,130,0,130,0,130,3,130,0,130,0,130,8,130,10,130,0,130,0,130,1,130,0,130,0,130,0,130,0,130,0,130,0,130,0,130,0,130,0,130,0,130,0,130,0,130,0,130,0,130,0,130,0,130,0,130,0,130,0,130,0,130,0,130,0,130,0,130,0,130,0,130,0,130,0,130,0,130,0,130,0,130,0,130,0,130,0,130,0,130,0,130,8,130,0,130,0,130,0,130,0,130,0,130,0,130,0,130,0,130,0,130,0,130,0,130,0,130,0,130,0,130,0,130,0,130,0,130,0,130,0,130,0,130,0,130,0,130,0,130,0,130,0,130,0,130,0,130,0,130,0,130,0,130,0,130,0,130,0,130,0,130,0,130,0,130,0,130,0,130,0,130,0,130,0,130,0,130,0,130,0,130,0,130,0,130,0,130,0,130,0,130,0,130,0,130,0,130,0,130,0,130,0,130,0,130,0,130,0,130,0,130,0,130,0,130,0,130,0,130,0,130,0,130,0,130,0,130,0,130,0,130,0,130,0,130,0,130,0,130,0,130,0,130,0,130,0,130,0,130,0,130,0,130,0,130,0,130,0,130,0,130,0,130,0,130,0,130,0,130,0,130,0,130,0,130,0,130,0,130,0,130,0,130,0,130,0,130,0,130,0,130,0,130,0,130,0,130,0,130,0,130,0,130,0,130,0,130,0,130,0,130,0,130,0,130,0,130,0,130,0,130,0,130,0,130,0,130,0,130,0,130,0,130,0,130,0,130,0,130,0,130,0,130,0,130,0,130,0,130,0,130,0,130,0,130,0,130,0,130,0,130,0,130,0,130,0,130,0,130,0,130,0,130,0,130,0,130,0,130,0,130,0,130,0,130,0,130,0,130,0,130,0,130,0,130,0,130,0,130,0,130,0,130,0,130,0,130,0,130,0,130,0,130,0,130,0,130,0,130,0,130,0,130,0,130,0,130,0,130,0,130,0,130,0,130,0,130,0,130,0,130,0,130,0,130,0,130,0,130,0,130,0,130,0,130,0,130,0,130,0,130,0,130,0,130,0,130,0,130,0,130,0,130,0,130,0,130,0,130,0,130,0,130,0,130,0,130,0,130,0,130,0,130,0,130,0,130,0,130,0,130,0,130,0,130,0,130,0,130,0,130,0,130,0,130,0,130,0,130,0,130,0,130,0,130,0,130,0,130,0,130,0,130,0,130,0,130,0,130,0,130,0,130,0,130,0,130,0,130,0,130,0,130,0,130,0,130,0,130,0,130,0,130,0,130,0,130,0,130,0,130,0,130,0,130,0,130,0,130,0,130,0,130,0,130,0,130,0,130,0,130,0,130,0,130,0,130,0,130,0,130,0,130,0,130,0,130,0,130,0,130,0,130,0,130,0,130,0,130,0,130,0,130,0,130,0,130,0,130,0,130,0,130,0,130,0,130,0,130,0,130,0,130,0,130,0,130,0,130,0,130,0,130,0,130,0,130,0,130,0,130,0,130,0,130,0,130,0,130,0,130,0,130,0,130,0,130,0,130,0,130,0,130,0,130,0,130,0,130,0,130,0,130,0,130,0,130,0,130,0,130,0,130,0,130,0,130,0,130,0,130,0,130,0,130,0,130,0,130,0,130,0,130,0,130,0,130,0,130,0,130,0,130,0,130,0,130,0,130,0,130,0,130,0,130,0,130,0,130,0,130,0,130,0,130,0,130,0,130,0,130,0,130,0,130,0,130,0,130,0,130,0,130,0,130,0,130,0
,,131,0,131,0,131,0,131,0,131,0,131,0,131,0,131,0,131,0,131,0,131,0,131,0,131,0,131,0,131,0,131,0,131,0,131,0,131,0,131,0,131,0,131,0,131,0,131,0,131,0,131,0,131,0,131,0,131,0,131,0,131,0,131,0,131,0,131,0,131,0,131,0,131,0,131,0,131,0,131,0,131,0,131,0,131,0,131,0,131,0,131,0,131,0,131,0,131,0,131,0,131,0,131,0,131,0,131,0,131,0,131,0,131,0,131,0,131,0,131,0,131,0,131,0,131,0,131,0,131,0,131,0,131,0,131,0,131,0,131,0,131,0,131,0,131,0,131,0,131,0,131,0,131,0,131,0,131,0,131,0,131,0,131,0,131,0,131,0,131,0,131,0,131,0,131,0,131,0,131,0,131,0,131,0,131,0,131,0,131,0,131,0,131,0,131,0,131,0,131,0,131,0,131,0,131,0,131,0,131,0,131,0,131,0,131,0,131,0,131,0,131,0,131,0,131,0,131,0,131,0,131,0,131,0,131,0,131,0,131,0,131,0,131,0,131,0,131,0,131,0,131,0,131,0,131,0,131,0,131,0,131,0,131,0,131,0,131,0,131,0,131,0,131,0,131,0,131,0,131,0,131,0,131,0,131,0,131,0,131,0,131,0,131,0,131,0,131,0,131,0,131,0,131,0,131,0,131,0,131,0,131,0,131,0,131,3,131,0,131,0,131,11,131,6,131,0,131,0,131,1,131,0,131,0,131,0,131,0,131,0,131,0,131,0,131,0,131,0,131,0,131,0,131,0,131,0,131,0,131,0,131,0,131,0,131,0,131,0,131,0,131,0,131,0,131,0,131,0,131,0,131,0,131,0,131,0,131,0,131,0,131,0,131,0,131,0,131,0,131,0,131,16,131,0,131,0,131,0,131,0,131,0,131,0,131,0,131,0,131,0,131,0,131,0,131,0,131,0,131,0,131,0,131,0,131,0,131,0,131,0,131,0,131,0,131,0,131,0,131,0,131,0,131,0,131,0,131,0,131,0,131,0,131,0,131,0,131,0,131,0,131,0,131,0,131,0,131,0,131,0,131,0,131,0,131,0,131,0,131,0,131,0,131,0,131,0,131,0,131,0,131,0,131,0,131,0,131,0,131,0,131,0,131,0,131,0,131,0,131,0,131,0,131,0,131,0,131,0,131,0,131,0,131,0,131,0,131,0,131,0,131,0,131,0,131,0,131,0,131,0,131,0,131,0,131,0,131,0,131,0,131,0,131,0,131,0,131,0,131,0,131,0,131,0,131,0,131,0,131,0,131,0,131,0,131,0,131,0,131,0,131,0,131,0,131,0,131,0,131,0,131,0,131,0,131,0,131,0,131,0,131,0,131,0,131,0,131,0,131,0,131,0,131,0,131,0,131,0,131,0,131,0,131,0,131,0,131,0,131,0,131,0,131,0,131,0,131,0,131,0,131,0,131,0,131,0,131,0,131,0,131,0,131,0,131,0,131,0,131,0,131,0,131,0,131,0,131,0,131,0,131,0,131,0,131,0,131,0,131,0,131,0,131,0,131,0,131,0,131,0,131,0,131,0,131,0,131,0,131,0,131,0,131,0,131,0,131,0,131,0,131,0,131,0,131,0,131,0,131,0,131,0,131,0,131,0,131,0,131,0,131,0,131,0,131,0,131,0,131,0,131,0,131,0,131,0,131,0,131,0,131,0,131,0,131,0,131,0,131,0,131,0,131,0,131,0,131,0,131,0,131,0,131,0,131,0,131,0,131,0,131,0,131,0,131,0,131,0,131,0,131,0,131,0,131,0,131,0,131,0,131,0,131,0,131,0,131,0,131,0,131,0,131,0,131,0,131,0,131,0,131,0,131,0,131,0,131,0,131,0,131,0,131,0,131,0,131,0,131,0,131,0,131,0,131,0,131,0,131,0,131,0,131,0,131,0,131,0,131,0,131,0,131,0,131,0,131,0,131,0,131,0,131,0,131,0,131,0,131,0,131,0,131,0,131,0,131,0,131,0,131,0,131,0,131,0,131,0,131,0,131,0,131,0,131,0,131,0,131,0,131,0,131,0,131,0,131,0,131,0,131,0,131,0,131,0,131,0,131,0,131,0,131,0,131,0,131,0,131,0,131,0,131,0,131,0,131,0,131,0,131,0,131,0,131,0,131,0,131,0,131,0,131,0,131,0,131,0,131,0,131,0,131,0,131,0,131,0,131,0,131,0,131,0,131,0,131,0,131,0,131,0,131,0,131,0,131,0,131,0,131,0,131,0,131,0,131,0,131,0,131,0,131,0,131,0,131,0,131,0,131,0,131,0,131,0,131,0,131,0,131,0,131,0,131,0,131,0,131,0,131,0,131,0,131,0,131,0,131,0,131,0,131,0,131,0,131,0,131,0,131,0,131,0,131,0,131,0,131,0,131,0,131,0,131,0,131,0
,,132,0,132,0,132,0,132,0,132,0,132,0,132,0,132,0,132,0,132,0,132,0,132,0,132,0,132,0,132,0,132,0,132,0,132,0,132,0,132,0,132,0,132,0,132,0,132,0,132,0,132,0,132,0,132,0,132,0,132,0,132,0,132,0,132,0,132,0,132,0,132,0,132,0,132,0,132,0,132,0,132,0,132,0,132,0,132,0,132,0,132,0,132,0,132,0,132,0,132,0,132,0,132,0,132,0,132,0,132,0,132,0,132,0,132,0,132,0,132,0,132,0,132,0,132,0,132,0,132,0,132,0,132,0,132,0,132,0,132,0,132,0,132,0,132,0,132,0,132,0,132,0,132,0,132,0,132,0,132,0,132,0,132,0,132,0,132,0,132,0,132,0,132,0,132,0,132,0,132,0,132,0,132,0,132,0,132,0,132,0,132,0,132,0,132,0,132,0,132,0,132,0,132,0,132,0,132,0,132,0,132,0,132,0,132,0,132,0,132,0,132,0,132,0,132,0,132,0,132,0,132,0,132,0,132,0,132,0,132,0,132,0,132,0,132,0,132,0,132,0,132,0,132,0,132,0,132,0,132,0,132,0,132,0,132,0,132,0,132,0,132,0,132,0,132,0,132,0,132,0,132,0,132,0,132,0,132,0,132,0,132,0,132,0,132,0,132,0,132,0,132,0,132,0,132,0,132,0,132,0,132,0,132,0,132,6,132,0,132,0,132,11,132,7,132,0,132,0,132,0,132,0,132,0,132,0,132,0,132,0,132,0,132,0,132,0,132,0,132,0,132,0,132,0,132,0,132,0,132,0,132,0,132,0,132,0,132,0,132,0,132,0,132,0,132,0,132,0,132,0,132,0,132,0,132,0,132,0,132,0,132,0,132,0,132,0,132,0,132,0,132,14,132,0,132,0,132,0,132,0,132,0,132,0,132,0,132,0,132,0,132,0,132,0,132,0,132,0,132,0,132,0,132,0,132,0,132,0,132,0,132,0,132,0,132,0,132,0,132,0,132,0,132,0,132,0,132,0,132,0,132,0,132,0,132,0,132,0,132,0,132,0,132,0,132,0,132,0,132,0,132,0,132,0,132,0,132,0,132,0,132,0,132,0,132,0,132,0,132,0,132,0,132,0,132,0,132,0,132,0,132,0,132,0,132,0,132,0,132,0,132,0,132,0,132,0,132,0,132,0,132,0,132,0,132,0,132,0,132,0,132,0,132,0,132,0,132,0,132,0,132,0,132,0,132,0,132,0,132,0,132,0,132,0,132,0,132,0,132,0,132,0,132,0,132,0,132,0,132,0,132,0,132,0,132,0,132,0,132,0,132,0,132,0,132,0,132,0,132,0,132,0,132,0,132,0,132,0,132,0,132,0,132,0,132,0,132,0,132,0,132,0,132,0,132,0,132,0,132,0,132,0,132,0,132,0,132,0,132,0,132,0,132,0,132,0,132,0,132,0,132,0,132,0,132,0,132,0,132,0,132,0,132,0,132,0,132,0,132,0,132,0,132,0,132,0,132,0,132,0,132,0,132,0,132,0,132,0,132,0,132,0,132,0,132,0,132,0,132,0,132,0,132,0,132,0,132,0,132,0,132,0,132,0,132,0,132,0,132,0,132,0,132,0,132,0,132,0,132,0,132,0,132,0,132,0,132,0,132,0,132,0,132,0,132,0,132,0,132,0,132,0,132,0,132,0,132,0,132,0,132,0,132,0,132,0,132,0,132,0,132,0,132,0,132,0,132,0,132,0,132,0,132,0,132,0,132,0,132,0,132,0,132,0,132,0,132,0,132,0,132,0,132,0,132,0,132,0,132,0,132,0,132,0,132,0,132,0,132,0,132,0,132,0,132,0,132,0,132,0,132,0,132,0,132,0,132,0,132,0,132,0,132,0,132,0,132,0,132,0,132,0,132,0,132,0,132,0,132,0,132,0,132,0,132,0,132,0,132,0,132,0,132,0,132,0,132,0,132,0,132,0,132,0,132,0,132,0,132,0,132,0,132,0,132,0,132,0,132,0,132,0,132,0,132,0,132,0,132,0,132,0,132,0,132,0,132,0,132,0,132,0,132,0,132,0,132,0,132,0,132,0,132,0,132,0,132,0,132,0,132,0,132,0,132,0,132,0,132,0,132,0,132,0,132,0,132,0,132,0,132,0,132,0,132,0,132,0,132,0,132,0,132,0,132,0,132,0,132,0,132,0,132,0,132,0,132,0,132,0,132,0,132,0,132,0,132,0,132,0,132,0,132,0,132,0,132,0,132,0,132,0,132,0,132,0,132,0,132,0,132,0,132,0,132,0,132,0,132,0,132,0,132,0,132,0,132,0,132,0,132,0,132,0,132,0,132,0,132,0,132,0,132,0,132,0,132,0,132,0,132,0,132,0,132,0,132,0,132,0,132,0,132,0,132,0,132,0,132,0,132,0,132,0,132,0,132,0
,,133,0,133,0,133,0,133,0,133,0,133,0,133,0,133,0,133,0,133,0,133,0,133,0,133,0,133,0,133,0,133,0,133,0,133,0,133,0,133,0,133,0,133,0,133,0,133,0,133,0,133,0,133,0,133,0,133,0,133,0,133,0,133,0,133,0,133,0,133,0,133,0,133,0,133,0,133,0,133,0,133,0,133,0,133,0,133,0,133,0,133,0,133,0,133,0,133,0,133,0,133,0,133,0,133,0,133,0,133,0,133,0,133,0,133,0,133,0,133,0,133,0,133,0,133,0,133,0,133,0,133,0,133,0,133,0,133,0,133,0,133,0,133,0,133,0,133,0,133,0,133,0,133,0,133,0,133,0,133,0,133,0,133,0,133,0,133,0,133,0,133,0,133,0,133,0,133,0,133,0,133,0,133,0,133,0,133,0,133,0,133,0,133,0,133,0,133,0,133,0,133,0,133,0,133,0,133,0,133,0,133,0,133,0,133,0,133,0,133,0,133,0,133,0,133,0,133,0,133,0,133,0,133,0,133,0,133,0,133,0,133,0,133,0,133,0,133,0,133,0,133,0,133,0,133,0,133,0,133,0,133,0,133,0,133,0,133,0,133,0,133,0,133,0,133,0,133,0,133,0,133,0,133,0,133,0,133,0,133,0,133,0,133,0,133,0,133,0,133,0,133,0,133,0,133,0,133,0,133,0,133,0,133,0,133,1,133,0,133,0,133,12,133,6,133,0,133,0,133,2,133,0,133,0,133,0,133,0,133,0,133,0,133,0,133,0,133,0,133,0,133,0,133,0,133,0,133,0,133,0,133,0,133,0,133,0,133,0,133,0,133,0,133,0,133,0,133,0,133,0,133,0,133,0,133,0,133,0,133,0,133,0,133,0,133,0,133,0,133,0,133,15,133,0,133,0,133,0,133,0,133,0,133,0,133,0,133,0,133,0,133,0,133,0,133,0,133,0,133,0,133,0,133,0,133,0,133,0,133,0,133,0,133,0,133,0,133,0,133,0,133,0,133,0,133,0,133,0,133,0,133,0,133,0,133,0,133,0,133,0,133,0,133,0,133,0,133,0,133,0,133,0,133,0,133,0,133,0,133,0,133,0,133,0,133,0,133,0,133,0,133,0,133,0,133,0,133,0,133,0,133,0,133,0,133,0,133,0,133,0,133,0,133,0,133,0,133,0,133,0,133,0,133,0,133,0,133,0,133,0,133,0,133,0,133,0,133,0,133,0,133,0,133,0,133,0,133,0,133,0,133,0,133,0,133,0,133,0,133,0,133,0,133,0,133,0,133,0,133,0,133,0,133,0,133,0,133,0,133,0,133,0,133,0,133,0,133,0,133,0,133,0,133,0,133,0,133,0,133,0,133,0,133,0,133,0,133,0,133,0,133,0,133,0,133,0,133,0,133,0,133,0,133,0,133,0,133,0,133,0,133,0,133,0,133,0,133,0,133,0,133,0,133,0,133,0,133,0,133,0,133,0,133,0,133,0,133,0,133,0,133,0,133,0,133,0,133,0,133,0,133,0,133,0,133,0,133,0,133,0,133,0,133,0,133,0,133,0,133,0,133,0,133,0,133,0,133,0,133,0,133,0,133,0,133,0,133,0,133,0,133,0,133,0,133,0,133,0,133,0,133,0,133,0,133,0,133,0,133,0,133,0,133,0,133,0,133,0,133,0,133,0,133,0,133,0,133,0,133,0,133,0,133,0,133,0,133,0,133,0,133,0,133,0,133,0,133,0,133,0,133,0,133,0,133,0,133,0,133,0,133,0,133,0,133,0,133,0,133,0,133,0,133,0,133,0,133,0,133,0,133,0,133,0,133,0,133,0,133,0,133,0,133,0,133,0,133,0,133,0,133,0,133,0,133,0,133,0,133,0,133,0,133,0,133,0,133,0,133,0,133,0,133,0,133,0,133,0,133,0,133,0,133,0,133,0,133,0,133,0,133,0,133,0,133,0,133,0,133,0,133,0,133,0,133,0,133,0,133,0,133,0,133,0,133,0,133,0,133,0,133,0,133,0,133,0,133,0,133,0,133,0,133,0,133,0,133,0,133,0,133,0,133,0,133,0,133,0,133,0,133,0,133,0,133,0,133,0,133,0,133,0,133,0,133,0,133,0,133,0,133,0,133,0,133,0,133,0,133,0,133,0,133,0,133,0,133,0,133,0,133,0,133,0,133,0,133,0,133,0,133,0,133,0,133,0,133,0,133,0,133,0,133,0,133,0,133,0,133,0,133,0,133,0,133,0,133,0,133,0,133,0,133,0,133,0,133,0,133,0,133,0,133,0,133,0,133,0,133,0,133,0,133,0,133,0,133,0,133,0,133,0,133,0,133,0,133,0,133,0,133,0,133,0,133,0,133,0,133,0,133,0,133,0,133,0,133,0,133,0,133,0,133,0,133,0,133,0,133,0,133,0,133,0,133,0,133,0
,,134,0,134,0,134,0,134,0,134,0,134,0,134,0,134,0,134,0,134,0,134,0,134,0,134,0,134,0,134,0,134,0,134,0,134,0,134,0,134,0,134,0,134,0,134,0,134,0,134,0,134,0,134,0,134,0,134,0,134,0,134,0,134,0,134,0,134,0,134,0,134,0,134,0,134,0,134,0,134,0,134,0,134,0,134,0,134,0,134,0,134,0,134,0,134,0,134,0,134,0,134,0,134,0,134,0,134,0,134,0,134,0,134,0,134,0,134,0,134,0,134,0,134,0,134,0,134,0,134,0,134,0,134,0,134,0,134,0,134,0,134,0,134,0,134,0,134,0,134,0,134,0,134,0,134,0,134,0,134,0,134,0,134,0,134,0,134,0,134,0,134,0,134,0,134,0,134,0,134,0,134,0,134,0,134,0,134,0,134,0,134,0,134,0,134,0,134,0,134,0,134,0,134,0,134,0,134,0,134,0,134,0,134,0,134,0,134,0,134,0,134,0,134,0,134,0,134,0,134,0,134,0,134,0,134,0,134,0,134,0,134,0,134,0,134,0,134,0,134,0,134,0,134,0,134,0,134,0,134,0,134,0,134,0,134,0,134,0,134,0,134,0,134,0,134,0,134,0,134,0,134,0,134,0,134,0,134,0,134,0,134,0,134,0,134,0,134,0,134,0,134,0,134,0,134,0,134,0,134,0,134,0,134,0,134,1,134,0,134,0,134,1,134,7,134,0,134,0,134,1,134,0,134,0,134,0,134,0,134,0,134,0,134,0,134,0,134,0,134,0,134,0,134,0,134,0,134,0,134,0,134,0,134,0,134,0,134,0,134,0,134,0,134,0,134,0,134,0,134,0,134,0,134,0,134,0,134,0,134,0,134,0,134,1,134,0,134,0,134,0,134,17,134,0,134,0,134,0,134,0,134,0,134,0,134,0,134,0,134,0,134,0,134,0,134,0,134,0,134,0,134,0,134,0,134,0,134,0,134,0,134,0,134,0,134,0,134,0,134,0,134,0,134,0,134,0,134,0,134,0,134,0,134,0,134,0,134,0,134,0,134,0,134,0,134,0,134,0,134,0,134,0,134,0,134,0,134,0,134,0,134,0,134,0,134,0,134,0,134,0,134,0,134,0,134,0,134,0,134,0,134,0,134,0,134,0,134,0,134,0,134,0,134,0,134,0,134,0,134,0,134,0,134,0,134,0,134,0,134,0,134,0,134,0,134,0,134,0,134,0,134,0,134,0,134,0,134,0,134,0,134,0,134,0,134,0,134,0,134,0,134,0,134,0,134,0,134,0,134,0,134,0,134,0,134,0,134,0,134,0,134,0,134,0,134,0,134,0,134,0,134,0,134,0,134,0,134,0,134,0,134,0,134,0,134,0,134,0,134,0,134,0,134,0,134,0,134,0,134,0,134,0,134,0,134,0,134,0,134,0,134,0,134,0,134,0,134,0,134,0,134,0,134,0,134,0,134,0,134,0,134,0,134,0,134,0,134,0,134,0,134,0,134,0,134,0,134,0,134,0,134,0,134,0,134,0,134,0,134,0,134,0,134,0,134,0,134,0,134,0,134,0,134,0,134,0,134,0,134,0,134,0,134,0,134,0,134,0,134,0,134,0,134,0,134,0,134,0,134,0,134,0,134,0,134,0,134,0,134,0,134,0,134,0,134,0,134,0,134,0,134,0,134,0,134,0,134,0,134,0,134,0,134,0,134,0,134,0,134,0,134,0,134,0,134,0,134,0,134,0,134,0,134,0,134,0,134,0,134,0,134,0,134,0,134,0,134,0,134,0,134,0,134,0,134,0,134,0,134,0,134,0,134,0,134,0,134,0,134,0,134,0,134,0,134,0,134,0,134,0,134,0,134,0,134,0,134,0,134,0,134,0,134,0,134,0,134,0,134,0,134,0,134,0,134,0,134,0,134,0,134,0,134,0,134,0,134,0,134,0,134,0,134,0,134,0,134,0,134,0,134,0,134,0,134,0,134,0,134,0,134,0,134,0,134,0,134,0,134,0,134,0,134,0,134,0,134,0,134,0,134,0,134,0,134,0,134,0,134,0,134,0,134,0,134,0,134,0,134,0,134,0,134,0,134,0,134,0,134,0,134,0,134,0,134,0,134,0,134,0,134,0,134,0,134,0,134,0,134,0,134,0,134,0,134,0,134,0,134,0,134,0,134,0,134,0,134,0,134,0,134,0,134,0,134,0,134,0,134,0,134,0,134,0,134,0,134,0,134,0,134,0,134,0,134,0,134,0,134,0,134,0,134,0,134,0,134,0,134,0,134,0,134,0,134,0,134,0,134,0,134,0,134,0,134,0,134,0,134,0,134,0,134,0,134,0,134,0,134,0,134,0,134,0,134,0,134,0,134,0,134,0,134,0,134,0,134,0,134,0,134,0,134,0,134,0,134,0,134,0,134,0,134,0,134,0,134,0
,,135,0,135,0,135,0,135,0,135,0,135,0,135,0,135,0,135,0,135,0,135,0,135,0,135,0,135,0,135,0,135,0,135,0,135,0,135,0,135,0,135,0,135,0,135,0,135,0,135,0,135,0,135,0,135,0,135,0,135,0,135,0,135,0,135,0,135,0,135,0,135,0,135,0,135,0,135,0,135,0,135,0,135,0,135,0,135,0,135,0,135,0,135,0,135,0,135,0,135,0,135,0,135,0,135,0,135,0,135,0,135,0,135,0,135,0,135,0,135,0,135,0,135,0,135,0,135,0,135,0,135,0,135,0,135,0,135,0,135,0,135,0,135,0,135,0,135,0,135,0,135,0,135,0,135,0,135,0,135,0,135,0,135,0,135,0,135,0,135,0,135,0,135,0,135,0,135,0,135,0,135,0,135,0,135,0,135,0,135,0,135,0,135,0,135,0,135,0,135,0,135,0,135,0,135,0,135,0,135,0,135,0,135,0,135,0,135,0,135,0,135,0,135,0,135,0,135,0,135,0,135,0,135,0,135,0,135,0,135,0,135,0,135,0,135,0,135,0,135,0,135,0,135,0,135,0,135,0,135,0,135,0,135,0,135,0,135,0,135,0,135,0,135,0,135,0,135,0,135,0,135,0,135,0,135,0,135,0,135,0,135,0,135,0,135,0,135,0,135,0,135,0,135,0,135,0,135,0,135,0,135,0,135,0,135,1,135,0,135,0,135,3,135,5,135,0,135,0,135,0,135,0,135,0,135,0,135,0,135,0,135,0,135,0,135,0,135,0,135,0,135,0,135,0,135,0,135,0,135,0,135,0,135,0,135,0,135,0,135,0,135,0,135,0,135,0,135,0,135,0,135,0,135,0,135,0,135,0,135,0,135,0,135,0,135,0,135,0,135,0,135,19,135,0,135,0,135,0,135,0,135,0,135,0,135,0,135,0,135,0,135,0,135,0,135,0,135,0,135,0,135,0,135,0,135,0,135,0,135,0,135,0,135,0,135,0,135,0,135,0,135,0,135,0,135,0,135,0,135,0,135,0,135,0,135,0,135,0,135,0,135,0,135,0,135,0,135,0,135,0,135,0,135,0,135,0,135,0,135,0,135,0,135,0,135,0,135,0,135,0,135,0,135,0,135,0,135,0,135,0,135,0,135,0,135,0,135,0,135,0,135,0,135,0,135,0,135,0,135,0,135,0,135,0,135,0,135,0,135,0,135,0,135,0,135,0,135,0,135,0,135,0,135,0,135,0,135,0,135,0,135,0,135,0,135,0,135,0,135,0,135,0,135,0,135,0,135,0,135,0,135,0,135,0,135,0,135,0,135,0,135,0,135,0,135,0,135,0,135,0,135,0,135,0,135,0,135,0,135,0,135,0,135,0,135,0,135,0,135,0,135,0,135,0,135,0,135,0,135,0,135,0,135,0,135,0,135,0,135,0,135,0,135,0,135,0,135,0,135,0,135,0,135,0,135,0,135,0,135,0,135,0,135,0,135,0,135,0,135,0,135,0,135,0,135,0,135,0,135,0,135,0,135,0,135,0,135,0,135,0,135,0,135,0,135,0,135,0,135,0,135,0,135,0,135,0,135,0,135,0,135,0,135,0,135,0,135,0,135,0,135,0,135,0,135,0,135,0,135,0,135,0,135,0,135,0,135,0,135,0,135,0,135,0,135,0,135,0,135,0,135,0,135,0,135,0,135,0,135,0,135,0,135,0,135,0,135,0,135,0,135,0,135,0,135,0,135,0,135,0,135,0,135,0,135,0,135,0,135,0,135,0,135,0,135,0,135,0,135,0,135,0,135,0,135,0,135,0,135,0,135,0,135,0,135,0,135,0,135,0,135,0,135,0,135,0,135,0,135,0,135,0,135,0,135,0,135,0,135,0,135,0,135,0,135,0,135,0,135,0,135,0,135,0,135,0,135,0,135,0,135,0,135,0,135,0,135,0,135,0,135,0,135,0,135,0,135,0,135,0,135,0,135,0,135,0,135,0,135,0,135,0,135,0,135,0,135,0,135,0,135,0,135,0,135,0,135,0,135,0,135,0,135,0,135,0,135,0,135,0,135,0,135,0,135,0,135,0,135,0,135,0,135,0,135,0,135,0,135,0,135,0,135,0,135,0,135,0,135,0,135,0,135,0,135,0,135,0,135,0,135,0,135,0,135,0,135,0,135,0,135,0,135,0,135,0,135,0,135,0,135,0,135,0,135,0,135,0,135,0,135,0,135,0,135,0,135,0,135,0,135,0,135,0,135,0,135,0,135,0,135,0,135,0,135,0,135,0,135,0,135,0,135,0,135,0,135,0,135,0,135,0,135,0,135,0,135,0,135,0,135,0,135,0,135,0,135,0,135,0,135,0,135,0,135,0,135,0,135,0,135,0,135,0,135,0,135,0,135,0,135,0,135,0,135,0,135,0,135,0,135,0,135,0,135,0,135,0
,,136,0,136,0,136,0,136,0,136,0,136,0,136,0,136,0,136,0,136,0,136,0,136,0,136,0,136,0,136,0,136,0,136,0,136,0,136,0,136,0,136,0,136,0,136,0,136,0,136,0,136,0,136,0,136,0,136,0,136,0,136,0,136,0,136,0,136,0,136,0,136,0,136,0,136,0,136,0,136,0,136,0,136,0,136,0,136,0,136,0,136,0,136,0,136,0,136,0,136,0,136,0,136,0,136,0,136,0,136,0,136,0,136,0,136,0,136,0,136,0,136,0,136,0,136,0,136,0,136,0,136,0,136,0,136,0,136,0,136,0,136,0,136,0,136,0,136,0,136,0,136,0,136,0,136,0,136,0,136,0,136,0,136,0,136,0,136,0,136,0,136,0,136,0,136,0,136,0,136,0,136,0,136,0,136,0,136,0,136,0,136,0,136,0,136,0,136,0,136,0,136,0,136,0,136,0,136,0,136,0,136,0,136,0,136,0,136,0,136,0,136,0,136,0,136,0,136,0,136,0,136,0,136,0,136,0,136,0,136,0,136,0,136,0,136,0,136,0,136,0,136,0,136,0,136,0,136,0,136,0,136,0,136,0,136,0,136,0,136,0,136,0,136,0,136,0,136,0,136,0,136,0,136,0,136,0,136,0,136,0,136,0,136,0,136,0,136,0,136,0,136,0,136,0,136,0,136,0,136,0,136,0,136,0,136,5,136,0,136,0,136,3,136,10,136,0,136,0,136,1,136,0,136,0,136,0,136,0,136,0,136,0,136,0,136,0,136,0,136,0,136,0,136,0,136,0,136,0,136,0,136,0,136,0,136,0,136,0,136,0,136,0,136,0,136,0,136,0,136,0,136,0,136,0,136,0,136,0,136,0,136,0,136,1,136,0,136,0,136,0,136,15,136,0,136,0,136,0,136,0,136,0,136,0,136,0,136,0,136,0,136,0,136,0,136,0,136,0,136,0,136,0,136,0,136,0,136,0,136,0,136,0,136,0,136,0,136,0,136,0,136,0,136,0,136,0,136,0,136,0,136,0,136,0,136,0,136,0,136,0,136,0,136,0,136,0,136,0,136,0,136,0,136,0,136,0,136,0,136,0,136,0,136,0,136,0,136,0,136,0,136,0,136,0,136,0,136,0,136,0,136,0,136,0,136,0,136,0,136,0,136,0,136,0,136,0,136,0,136,0,136,0,136,0,136,0,136,0,136,0,136,0,136,0,136,0,136,0,136,0,136,0,136,0,136,0,136,0,136,0,136,0,136,0,136,0,136,0,136,0,136,0,136,0,136,0,136,0,136,0,136,0,136,0,136,0,136,0,136,0,136,0,136,0,136,0,136,0,136,0,136,0,136,0,136,0,136,0,136,0,136,0,136,0,136,0,136,0,136,0,136,0,136,0,136,0,136,0,136,0,136,0,136,0,136,0,136,0,136,0,136,0,136,0,136,0,136,0,136,0,136,0,136,0,136,0,136,0,136,0,136,0,136,0,136,0,136,0,136,0,136,0,136,0,136,0,136,0,136,0,136,0,136,0,136,0,136,0,136,0,136,0,136,0,136,0,136,0,136,0,136,0,136,0,136,0,136,0,136,0,136,0,136,0,136,0,136,0,136,0,136,0,136,0,136,0,136,0,136,0,136,0,136,0,136,0,136,0,136,0,136,0,136,0,136,0,136,0,136,0,136,0,136,0,136,0,136,0,136,0,136,0,136,0,136,0,136,0,136,0,136,0,136,0,136,0,136,0,136,0,136,0,136,0,136,0,136,0,136,0,136,0,136,0,136,0,136,0,136,0,136,0,136,0,136,0,136,0,136,0,136,0,136,0,136,0,136,0,136,0,136,0,136,0,136,0,136,0,136,0,136,0,136,0,136,0,136,0,136,0,136,0,136,0,136,0,136,0,136,0,136,0,136,0,136,0,136,0,136,0,136,0,136,0,136,0,136,0,136,0,136,0,136,0,136,0,136,0,136,0,136,0,136,0,136,0,136,0,136,0,136,0,136,0,136,0,136,0,136,0,136,0,136,0,136,0,136,0,136,0,136,0,136,0,136,0,136,0,136,0,136,0,136,0,136,0,136,0,136,0,136,0,136,0,136,0,136,0,136,0,136,0,136,0,136,0,136,0,136,0,136,0,136,0,136,0,136,0,136,0,136,0,136,0,136,0,136,0,136,0,136,0,136,0,136,0,136,0,136,0,136,0,136,0,136,0,136,0,136,0,136,0,136,0,136,0,136,0,136,0,136,0,136,0,136,0,136,0,136,0,136,0,136,0,136,0,136,0,136,0,136,0,136,0,136,0,136,0,136,0,136,0,136,0,136,0,136,0,136,0,136,0,136,0,136,0,136,0,136,0,136,0,136,0,136,0,136,0,136,0,136,0,136,0,136,0,136,0,136,0,136,0,136,0,136,0,136,0,136,0,136,0,136,0,136,0,136,0
,,137,0,137,0,137,0,137,0,137,0,137,0,137,0,137,0,137,0,137,0,137,0,137,0,137,0,137,0,137,0,137,0,137,0,137,0,137,0,137,0,137,0,137,0,137,0,137,0,137,0,137,0,137,0,137,0,137,0,137,0,137,0,137,0,137,0,137,0,137,0,137,0,137,0,137,0,137,0,137,0,137,0,137,0,137,0,137,0,137,0,137,0,137,0,137,0,137,0,137,0,137,0,137,0,137,0,137,0,137,0,137,0,137,0,137,0,137,0,137,0,137,0,137,0,137,0,137,0,137,0,137,0,137,0,137,0,137,0,137,0,137,0,137,0,137,0,137,0,137,0,137,0,137,0,137,0,137,0,137,0,137,0,137,0,137,0,137,0,137,0,137,0,137,0,137,0,137,0,137,0,137,0,137,0,137,0,137,0,137,0,137,0,137,0,137,0,137,0,137,0,137,0,137,0,137,0,137,0,137,0,137,0,137,0,137,0,137,0,137,0,137,0,137,0,137,0,137,0,137,0,137,0,137,0,137,0,137,0,137,0,137,0,137,0,137,0,137,0,137,0,137,0,137,0,137,0,137,0,137,0,137,0,137,0,137,0,137,0,137,0,137,0,137,0,137,0,137,0,137,0,137,0,137,0,137,0,137,0,137,0,137,0,137,0,137,0,137,0,137,0,137,0,137,0,137,0,137,0,137,0,137,0,137,0,137,0,137,0,137,0,137,1,137,3,137,0,137,0,137,2,137,0,137,0,137,0,137,0,137,0,137,0,137,0,137,2,137,0,137,0,137,0,137,0,137,0,137,0,137,0,137,0,137,0,137,0,137,0,137,0,137,0,137,0,137,0,137,0,137,0,137,0,137,0,137,0,137,0,137,0,137,0,137,0,137,0,137,0,137,1,137,9,137,0,137,0,137,0,137,0,137,0,137,0,137,0,137,0,137,0,137,0,137,0,137,0,137,0,137,0,137,0,137,0,137,0,137,0,137,0,137,0,137,0,137,0,137,0,137,0,137,0,137,0,137,0,137,0,137,0,137,0,137,0,137,0,137,0,137,0,137,0,137,0,137,0,137,0,137,0,137,0,137,0,137,0,137,0,137,0,137,0,137,0,137,0,137,0,137,0,137,0,137,0,137,0,137,0,137,0,137,0,137,0,137,0,137,0,137,0,137,0,137,0,137,0,137,0,137,0,137,0,137,0,137,0,137,0,137,0,137,0,137,0,137,0,137,0,137,0,137,0,137,0,137,0,137,0,137,0,137,0,137,0,137,0,137,0,137,0,137,0,137,0,137,0,137,0,137,0,137,0,137,0,137,0,137,0,137,0,137,0,137,0,137,0,137,0,137,0,137,0,137,0,137,0,137,0,137,0,137,0,137,0,137,0,137,0,137,0,137,0,137,0,137,0,137,0,137,0,137,0,137,0,137,0,137,0,137,0,137,0,137,0,137,0,137,0,137,0,137,0,137,0,137,0,137,0,137,0,137,0,137,0,137,0,137,0,137,0,137,0,137,0,137,0,137,0,137,0,137,0,137,0,137,0,137,0,137,0,137,0,137,0,137,0,137,0,137,0,137,0,137,0,137,0,137,0,137,0,137,0,137,0,137,0,137,0,137,0,137,0,137,0,137,0,137,0,137,0,137,0,137,0,137,0,137,0,137,0,137,0,137,0,137,0,137,0,137,0,137,0,137,0,137,0,137,0,137,0,137,0,137,0,137,0,137,0,137,0,137,0,137,0,137,0,137,0,137,0,137,0,137,0,137,0,137,0,137,0,137,0,137,0,137,0,137,0,137,0,137,0,137,0,137,0,137,0,137,0,137,0,137,0,137,0,137,0,137,0,137,0,137,0,137,0,137,0,137,0,137,0,137,0,137,0,137,0,137,0,137,0,137,0,137,0,137,0,137,0,137,0,137,0,137,0,137,0,137,0,137,0,137,0,137,0,137,0,137,0,137,0,137,0,137,0,137,0,137,0,137,0,137,0,137,0,137,0,137,0,137,0,137,0,137,0,137,0,137,0,137,0,137,0,137,0,137,0,137,0,137,0,137,0,137,0,137,0,137,0,137,0,137,0,137,0,137,0,137,0,137,0,137,0,137,0,137,0,137,0,137,0,137,0,137,0,137,0,137,0,137,0,137,0,137,0,137,0,137,0,137,0,137,0,137,0,137,0,137,0,137,0,137,0,137,0,137,0,137,0,137,0,137,0,137,0,137,0,137,0,137,0,137,0,137,0,137,0,137,0,137,0,137,0,137,0,137,0,137,0,137,0,137,0,137,0,137,0,137,0,137,0,137,0,137,0,137,0,137,0,137,0,137,0,137,0,137,0,137,0,137,0,137,0,137,0,137,0,137,0,137,0,137,0,137,0,137,0,137,0,137,0,137,0,137,0,137,0,137,0,137,0,137,0,137,0,137,0,137,0,137,0,137,0,137,0,137,0
,,138,0,138,0,138,0,138,0,138,0,138,0,138,0,138,0,138,0,138,0,138,0,138,0,138,0,138,0,138,0,138,0,138,0,138,0,138,0,138,0,138,0,138,0,138,0,138,0,138,0,138,0,138,0,138,0,138,0,138,0,138,0,138,0,138,0,138,0,138,0,138,0,138,0,138,0,138,0,138,0,138,0,138,0,138,0,138,0,138,0,138,0,138,0,138,0,138,0,138,0,138,0,138,0,138,0,138,0,138,0,138,0,138,0,138,0,138,0,138,0,138,0,138,0,138,0,138,0,138,0,138,0,138,0,138,0,138,0,138,0,138,0,138,0,138,0,138,0,138,0,138,0,138,0,138,0,138,0,138,0,138,0,138,0,138,0,138,0,138,0,138,0,138,0,138,0,138,0,138,0,138,0,138,0,138,0,138,0,138,0,138,0,138,0,138,0,138,0,138,0,138,0,138,0,138,0,138,0,138,0,138,0,138,0,138,0,138,0,138,0,138,0,138,0,138,0,138,0,138,0,138,0,138,0,138,0,138,0,138,0,138,0,138,0,138,0,138,0,138,0,138,0,138,0,138,0,138,0,138,0,138,0,138,0,138,0,138,0,138,0,138,0,138,0,138,0,138,0,138,0,138,0,138,0,138,0,138,0,138,0,138,0,138,0,138,0,138,0,138,0,138,0,138,0,138,0,138,0,138,0,138,0,138,0,138,0,138,0,138,0,138,0,138,8,138,0,138,0,138,2,138,0,138,0,138,0,138,0,138,0,138,0,138,0,138,3,138,0,138,0,138,0,138,0,138,0,138,0,138,0,138,0,138,0,138,0,138,0,138,0,138,0,138,0,138,0,138,0,138,0,138,0,138,0,138,0,138,0,138,0,138,0,138,1,138,0,138,0,138,2,138,9,138,0,138,0,138,0,138,0,138,0,138,0,138,0,138,0,138,0,138,0,138,0,138,0,138,0,138,0,138,0,138,0,138,0,138,0,138,0,138,0,138,0,138,0,138,0,138,0,138,0,138,0,138,0,138,0,138,0,138,0,138,0,138,0,138,0,138,0,138,0,138,0,138,0,138,0,138,0,138,0,138,0,138,0,138,0,138,0,138,0,138,0,138,0,138,0,138,0,138,0,138,0,138,0,138,0,138,0,138,0,138,0,138,0,138,0,138,0,138,0,138,0,138,0,138,0,138,0,138,0,138,0,138,0,138,0,138,0,138,0,138,0,138,0,138,0,138,0,138,0,138,0,138,0,138,0,138,0,138,0,138,0,138,0,138,0,138,0,138,0,138,0,138,0,138,0,138,0,138,0,138,0,138,0,138,0,138,0,138,0,138,0,138,0,138,0,138,0,138,0,138,0,138,0,138,0,138,0,138,0,138,0,138,0,138,0,138,0,138,0,138,0,138,0,138,0,138,0,138,0,138,0,138,0,138,0,138,0,138,0,138,0,138,0,138,0,138,0,138,0,138,0,138,0,138,0,138,0,138,0,138,0,138,0,138,0,138,0,138,0,138,0,138,0,138,0,138,0,138,0,138,0,138,0,138,0,138,0,138,0,138,0,138,0,138,0,138,0,138,0,138,0,138,0,138,0,138,0,138,0,138,0,138,0,138,0,138,0,138,0,138,0,138,0,138,0,138,0,138,0,138,0,138,0,138,0,138,0,138,0,138,0,138,0,138,0,138,0,138,0,138,0,138,0,138,0,138,0,138,0,138,0,138,0,138,0,138,0,138,0,138,0,138,0,138,0,138,0,138,0,138,0,138,0,138,0,138,0,138,0,138,0,138,0,138,0,138,0,138,0,138,0,138,0,138,0,138,0,138,0,138,0,138,0,138,0,138,0,138,0,138,0,138,0,138,0,138,0,138,0,138,0,138,0,138,0,138,0,138,0,138,0,138,0,138,0,138,0,138,0,138,0,138,0,138,0,138,0,138,0,138,0,138,0,138,0,138,0,138,0,138,0,138,0,138,0,138,0,138,0,138,0,138,0,138,0,138,0,138,0,138,0,138,0,138,0,138,0,138,0,138,0,138,0,138,0,138,0,138,0,138,0,138,0,138,0,138,0,138,0,138,0,138,0,138,0,138,0,138,0,138,0,138,0,138,0,138,0,138,0,138,0,138,0,138,0,138,0,138,0,138,0,138,0,138,0,138,0,138,0,138,0,138,0,138,0,138,0,138,0,138,0,138,0,138,0,138,0,138,0,138,0,138,0,138,0,138,0,138,0,138,0,138,0,138,0,138,0,138,0,138,0,138,0,138,0,138,0,138,0,138,0,138,0,138,0,138,0,138,0,138,0,138,0,138,0,138,0,138,0,138,0,138,0,138,0,138,0,138,0,138,0,138,0,138,0,138,0,138,0,138,0,138,0,138,0,138,0,138,0,138,0,138,0,138,0,138,0,138,0,138,0,138,0,138,0,138,0,138,0,138,0,138,0,138,0
,,139,0,139,0,139,0,139,0,139,0,139,0,139,0,139,0,139,0,139,0,139,0,139,0,139,0,139,0,139,0,139,0,139,0,139,0,139,0,139,0,139,0,139,0,139,0,139,0,139,0,139,0,139,0,139,0,139,0,139,0,139,0,139,0,139,0,139,0,139,0,139,0,139,0,139,0,139,0,139,0,139,0,139,0,139,0,139,0,139,0,139,0,139,0,139,0,139,0,139,0,139,0,139,0,139,0,139,0,139,0,139,0,139,0,139,0,139,0,139,0,139,0,139,0,139,0,139,0,139,0,139,0,139,0,139,0,139,0,139,0,139,0,139,0,139,0,139,0,139,0,139,0,139,0,139,0,139,0,139,0,139,0,139,0,139,0,139,0,139,0,139,0,139,0,139,0,139,0,139,0,139,0,139,0,139,0,139,0,139,0,139,0,139,0,139,0,139,0,139,0,139,0,139,0,139,0,139,0,139,0,139,0,139,0,139,0,139,0,139,0,139,0,139,0,139,0,139,0,139,0,139,0,139,0,139,0,139,0,139,0,139,0,139,0,139,0,139,0,139,0,139,0,139,0,139,0,139,0,139,0,139,0,139,0,139,0,139,0,139,0,139,0,139,0,139,0,139,0,139,0,139,0,139,0,139,0,139,0,139,0,139,0,139,0,139,0,139,0,139,0,139,0,139,0,139,0,139,0,139,0,139,0,139,0,139,0,139,0,139,0,139,2,139,2,139,0,139,0,139,1,139,0,139,0,139,0,139,0,139,0,139,0,139,0,139,0,139,0,139,0,139,0,139,0,139,0,139,0,139,0,139,0,139,0,139,0,139,0,139,0,139,0,139,0,139,0,139,0,139,0,139,0,139,0,139,0,139,0,139,0,139,0,139,0,139,0,139,0,139,1,139,18,139,0,139,0,139,0,139,0,139,0,139,0,139,0,139,0,139,0,139,0,139,0,139,0,139,0,139,0,139,0,139,0,139,0,139,0,139,0,139,0,139,0,139,0,139,0,139,0,139,0,139,0,139,0,139,0,139,0,139,0,139,0,139,0,139,0,139,0,139,0,139,0,139,0,139,0,139,0,139,0,139,0,139,0,139,0,139,0,139,0,139,0,139,0,139,0,139,0,139,0,139,0,139,0,139,0,139,0,139,0,139,0,139,0,139,0,139,0,139,0,139,0,139,0,139,0,139,0,139,0,139,0,139,0,139,0,139,0,139,0,139,0,139,0,139,0,139,0,139,0,139,0,139,0,139,0,139,0,139,0,139,0,139,0,139,0,139,0,139,0,139,0,139,0,139,0,139,0,139,0,139,0,139,0,139,0,139,0,139,0,139,0,139,0,139,0,139,0,139,0,139,0,139,0,139,0,139,0,139,0,139,0,139,0,139,0,139,0,139,0,139,0,139,0,139,0,139,0,139,0,139,0,139,0,139,0,139,0,139,0,139,0,139,0,139,0,139,0,139,0,139,0,139,0,139,0,139,0,139,0,139,0,139,0,139,0,139,0,139,0,139,0,139,0,139,0,139,0,139,0,139,0,139,0,139,0,139,0,139,0,139,0,139,0,139,0,139,0,139,0,139,0,139,0,139,0,139,0,139,0,139,0,139,0,139,0,139,0,139,0,139,0,139,0,139,0,139,0,139,0,139,0,139,0,139,0,139,0,139,0,139,0,139,0,139,0,139,0,139,0,139,0,139,0,139,0,139,0,139,0,139,0,139,0,139,0,139,0,139,0,139,0,139,0,139,0,139,0,139,0,139,0,139,0,139,0,139,0,139,0,139,0,139,0,139,0,139,0,139,0,139,0,139,0,139,0,139,0,139,0,139,0,139,0,139,0,139,0,139,0,139,0,139,0,139,0,139,0,139,0,139,0,139,0,139,0,139,0,139,0,139,0,139,0,139,0,139,0,139,0,139,0,139,0,139,0,139,0,139,0,139,0,139,0,139,0,139,0,139,0,139,0,139,0,139,0,139,0,139,0,139,0,139,0,139,0,139,0,139,0,139,0,139,0,139,0,139,0,139,0,139,0,139,0,139,0,139,0,139,0,139,0,139,0,139,0,139,0,139,0,139,0,139,0,139,0,139,0,139,0,139,0,139,0,139,0,139,0,139,0,139,0,139,0,139,0,139,0,139,0,139,0,139,0,139,0,139,0,139,0,139,0,139,0,139,0,139,0,139,0,139,0,139,0,139,0,139,0,139,0,139,0,139,0,139,0,139,0,139,0,139,0,139,0,139,0,139,0,139,0,139,0,139,0,139,0,139,0,139,0,139,0,139,0,139,0,139,0,139,0,139,0,139,0,139,0,139,0,139,0,139,0,139,0,139,0,139,0,139,0,139,0,139,0,139,0,139,0,139,0,139,0,139,0,139,0,139,0,139,0,139,0,139,0,139,0,139,0,139,0,139,0,139,0,139,0,139,0,139,0,139,0,139,0,139,0
,,140,0,140,0,140,0,140,0,140,0,140,0,140,0,140,0,140,0,140,0,140,0,140,0,140,0,140,0,140,0,140,0,140,0,140,0,140,0,140,0,140,0,140,0,140,0,140,0,140,0,140,0,140,0,140,0,140,0,140,0,140,0,140,0,140,0,140,0,140,0,140,0,140,0,140,0,140,0,140,0,140,0,140,0,140,0,140,0,140,0,140,0,140,0,140,0,140,0,140,0,140,0,140,0,140,0,140,0,140,0,140,0,140,0,140,0,140,0,140,0,140,0,140,0,140,0,140,0,140,0,140,0,140,0,140,0,140,0,140,0,140,0,140,0,140,0,140,0,140,0,140,0,140,0,140,0,140,0,140,0,140,0,140,0,140,0,140,0,140,0,140,0,140,0,140,0,140,0,140,0,140,0,140,0,140,0,140,0,140,0,140,0,140,0,140,0,140,0,140,0,140,0,140,0,140,0,140,0,140,0,140,0,140,0,140,0,140,0,140,0,140,0,140,0,140,0,140,0,140,0,140,0,140,0,140,0,140,0,140,0,140,0,140,0,140,0,140,0,140,0,140,0,140,0,140,0,140,0,140,0,140,0,140,0,140,0,140,0,140,0,140,0,140,0,140,0,140,0,140,0,140,0,140,0,140,0,140,0,140,0,140,0,140,0,140,0,140,0,140,0,140,0,140,0,140,0,140,0,140,0,140,0,140,0,140,0,140,0,140,0,140,0,140,0,140,0,140,0,140,0,140,0,140,0,140,0,140,0,140,0,140,0,140,0,140,0,140,0,140,0,140,0,140,0,140,0,140,0,140,0,140,0,140,0,140,0,140,0,140,0,140,0,140,0,140,0,140,0,140,0,140,0,140,0,140,0,140,0,140,0,140,0,140,0,140,0,140,0,140,0,140,0,140,0,140,0,140,0,140,0,140,0,140,0,140,0,140,0,140,0,140,0,140,0,140,0,140,0,140,0,140,0,140,0,140,0,140,0,140,0,140,0,140,0,140,0,140,0,140,0,140,0,140,0,140,0,140,0,140,0,140,0,140,0,140,0,140,0,140,0,140,0,140,0,140,0,140,0,140,0,140,0,140,0,140,0,140,0,140,0,140,0,140,0,140,0,140,0,140,0,140,0,140,0,140,0,140,0,140,0,140,0,140,0,140,0,140,0,140,0,140,0,140,0,140,0,140,0,140,0,140,0,140,0,140,0,140,0,140,0,140,0,140,0,140,0,140,0,140,0,140,0,140,0,140,0,140,0,140,0,140,0,140,0,140,0,140,0,140,0,140,0,140,0,140,0,140,0,140,0,140,0,140,0,140,0,140,0,140,0,140,0,140,0,140,0,140,0,140,0,140,0,140,0,140,0,140,0,140,0,140,0,140,0,140,0,140,0,140,0,140,0,140,0,140,0,140,0,140,0,140,0,140,0,140,0,140,0,140,0,140,0,140,0,140,0,140,0,140,0,140,0,140,0,140,0,140,0,140,0,140,0,140,0,140,0,140,0,140,0,140,0,140,0,140,0,140,0,140,0,140,0,140,0,140,0,140,0,140,0,140,0,140,0,140,0,140,0,140,0,140,0,140,0,140,0,140,0,140,0,140,0,140,0,140,0,140,0,140,0,140,0,140,0,140,0,140,0,140,0,140,0,140,0,140,0,140,0,140,0,140,0,140,0,140,0,140,0,140,0,140,0,140,0,140,0,140,0,140,0,140,0,140,0,140,0,140,0,140,0,140,0,140,0,140,0,140,0,140,0,140,0,140,0,140,0,140,0,140,0,140,0,140,0,140,0,140,0,140,0,140,0,140,0,140,0,140,0,140,0,140,0,140,0,140,0,140,0,140,0,140,0,140,0,140,0,140,0,140,0,140,0,140,0,140,0,140,0,140,0,140,0,140,0,140,0,140,0,140,0,140,0,140,0,140,0,140,0,140,0,140,0,140,0,140,0,140,0,140,0,140,0,140,0,140,0,140,0,140,0,140,0,140,0,140,0,140,0,140,0,140,0,140,0,140,0,140,0,140,0,140,0,140,0,140,0,140,0,140,0,140,0,140,0,140,0,140,0,140,0,140,0,140,0,140,0,140,0,140,0,140,0,140,0,140,0,140,0,140,0,140,0,140,0,140,0,140,0,140,0,140,0,140,0,140,0,140,0,140,0,140,0,140,0,140,0,140,0,140,0,140,0,140,0,140,0,140,0,140,0,140,0,140,0,140,0,140,0,140,0,140,0,140,0,140,0,140,0,140,0,140,0,140,0,140,0,140,0,140,0,140,0,140,0,140,0,140,0,140,0,140,0,140,0,140,0,140,0,140,0,140,0,140,0,140,0,140,0,140,0,140,0,140,0,140,0,140,0,140,0,140,0,140,0,140,0,140,0,140,0,140,0,140,0,140,0,140,0,140,0,140,0,140,0,140,0,140,0,140,0,140,0,140,0,140,0,140,0
,,141,0,141,0,141,0,141,0,141,0,141,0,141,0,141,0,141,0,141,0,141,0,141,0,141,0,141,0,141,0,141,0,141,0,141,0,141,0,141,0,141,0,141,0,141,0,141,0,141,0,141,0,141,0,141,0,141,0,141,0,141,0,141,0,141,0,141,0,141,0,141,0,141,0,141,0,141,0,141,0,141,0,141,0,141,0,141,0,141,0,141,0,141,0,141,0,141,0,141,0,141,0,141,0,141,0,141,0,141,0,141,0,141,0,141,0,141,0,141,0,141,0,141,0,141,0,141,0,141,0,141,0,141,0,141,0,141,0,141,0,141,0,141,0,141,0,141,0,141,0,141,0,141,0,141,0,141,0,141,0,141,0,141,0,141,0,141,0,141,0,141,0,141,0,141,0,141,0,141,0,141,0,141,0,141,0,141,0,141,0,141,0,141,0,141,0,141,0,141,0,141,0,141,0,141,0,141,0,141,0,141,0,141,0,141,0,141,0,141,0,141,0,141,0,141,0,141,0,141,0,141,0,141,0,141,0,141,0,141,0,141,0,141,0,141,0,141,0,141,0,141,0,141,0,141,0,141,0,141,0,141,0,141,0,141,0,141,0,141,0,141,0,141,0,141,0,141,0,141,0,141,0,141,0,141,0,141,0,141,0,141,0,141,0,141,0,141,0,141,0,141,0,141,0,141,0,141,0,141,0,141,0,141,0,141,0,141,0,141,0,141,1,141,0,141,0,141,0,141,0,141,0,141,0,141,0,141,0,141,0,141,0,141,0,141,0,141,0,141,0,141,0,141,0,141,0,141,0,141,0,141,0,141,0,141,0,141,0,141,0,141,0,141,0,141,0,141,0,141,0,141,0,141,0,141,0,141,0,141,0,141,0,141,0,141,0,141,0,141,0,141,4,141,0,141,0,141,4,141,0,141,0,141,0,141,0,141,0,141,0,141,0,141,0,141,0,141,0,141,0,141,0,141,0,141,0,141,0,141,0,141,0,141,0,141,0,141,0,141,0,141,0,141,0,141,0,141,0,141,0,141,0,141,0,141,0,141,0,141,0,141,0,141,0,141,0,141,0,141,0,141,0,141,0,141,0,141,0,141,0,141,0,141,0,141,0,141,0,141,0,141,0,141,0,141,0,141,0,141,0,141,0,141,0,141,0,141,0,141,0,141,0,141,0,141,0,141,0,141,0,141,0,141,0,141,0,141,0,141,0,141,0,141,0,141,0,141,0,141,0,141,0,141,0,141,0,141,0,141,0,141,0,141,0,141,0,141,0,141,0,141,0,141,0,141,0,141,0,141,0,141,0,141,0,141,0,141,0,141,0,141,0,141,0,141,0,141,0,141,0,141,0,141,0,141,0,141,0,141,0,141,0,141,0,141,0,141,0,141,0,141,0,141,0,141,0,141,0,141,0,141,0,141,0,141,0,141,0,141,0,141,0,141,0,141,0,141,0,141,0,141,0,141,0,141,0,141,0,141,0,141,0,141,0,141,0,141,0,141,0,141,0,141,0,141,0,141,0,141,0,141,0,141,0,141,0,141,0,141,0,141,0,141,0,141,0,141,0,141,0,141,0,141,0,141,0,141,0,141,0,141,0,141,0,141,0,141,0,141,0,141,0,141,0,141,0,141,0,141,0,141,0,141,0,141,0,141,0,141,0,141,0,141,0,141,0,141,0,141,0,141,0,141,0,141,0,141,0,141,0,141,0,141,0,141,0,141,0,141,0,141,0,141,0,141,0,141,0,141,0,141,0,141,0,141,0,141,0,141,0,141,0,141,0,141,0,141,0,141,0,141,0,141,0,141,0,141,0,141,0,141,0,141,0,141,0,141,0,141,0,141,0,141,0,141,0,141,0,141,0,141,0,141,0,141,0,141,0,141,0,141,0,141,0,141,0,141,0,141,0,141,0,141,0,141,0,141,0,141,0,141,0,141,0,141,0,141,0,141,0,141,0,141,0,141,0,141,0,141,0,141,0,141,0,141,0,141,0,141,0,141,0,141,0,141,0,141,0,141,0,141,0,141,0,141,0,141,0,141,0,141,0,141,0,141,0,141,0,141,0,141,0,141,0,141,0,141,0,141,0,141,0,141,0,141,0,141,0,141,0,141,0,141,0,141,0,141,0,141,0,141,0,141,0,141,0,141,0,141,0,141,0,141,0,141,0,141,0,141,0,141,0,141,0,141,0,141,0,141,0,141,0,141,0,141,0,141,0,141,0,141,0,141,0,141,0,141,0,141,0,141,0,141,0,141,0,141,0,141,0,141,0,141,0,141,0,141,0,141,0,141,0,141,0,141,0,141,0,141,0,141,0,141,0,141,0,141,0,141,0,141,0,141,0,141,0,141,0,141,0,141,0,141,0,141,0,141,0,141,0,141,0,141,0,141,0,141,0,141,0,141,0,141,0,141,0,141,0,141,0,141,0,141,0,141,0,141,0
,,142,0,142,0,142,0,142,0,142,0,142,0,142,0,142,0,142,0,142,0,142,0,142,0,142,0,142,0,142,0,142,0,142,0,142,0,142,0,142,0,142,0,142,0,142,0,142,0,142,0,142,0,142,0,142,0,142,0,142,0,142,0,142,0,142,0,142,0,142,0,142,0,142,0,142,0,142,0,142,0,142,0,142,0,142,0,142,0,142,0,142,0,142,0,142,0,142,0,142,0,142,0,142,0,142,0,142,0,142,0,142,0,142,0,142,0,142,0,142,0,142,0,142,0,142,0,142,0,142,0,142,0,142,0,142,0,142,0,142,0,142,0,142,0,142,0,142,0,142,0,142,0,142,0,142,0,142,0,142,0,142,0,142,0,142,0,142,0,142,0,142,0,142,0,142,0,142,0,142,0,142,0,142,0,142,0,142,0,142,0,142,0,142,0,142,0,142,0,142,0,142,0,142,0,142,0,142,0,142,0,142,0,142,0,142,0,142,0,142,0,142,0,142,0,142,0,142,0,142,0,142,0,142,0,142,0,142,0,142,0,142,0,142,0,142,0,142,0,142,0,142,0,142,0,142,0,142,0,142,0,142,0,142,0,142,0,142,0,142,0,142,0,142,0,142,0,142,0,142,0,142,0,142,0,142,0,142,0,142,0,142,0,142,0,142,0,142,0,142,0,142,0,142,0,142,0,142,0,142,0,142,0,142,0,142,0,142,0,142,0,142,22,142,0,142,0,142,0,142,0,142,0,142,0,142,0,142,0,142,0,142,0,142,0,142,0,142,0,142,0,142,0,142,0,142,0,142,0,142,0,142,0,142,0,142,0,142,0,142,0,142,0,142,0,142,0,142,0,142,0,142,0,142,0,142,0,142,0,142,0,142,0,142,0,142,0,142,0,142,0,142,6,142,0,142,0,142,0,142,0,142,0,142,0,142,0,142,0,142,0,142,0,142,0,142,0,142,0,142,0,142,0,142,0,142,0,142,0,142,0,142,0,142,0,142,0,142,0,142,0,142,0,142,0,142,0,142,0,142,0,142,0,142,0,142,0,142,0,142,0,142,0,142,0,142,0,142,0,142,0,142,0,142,0,142,0,142,0,142,0,142,0,142,0,142,0,142,0,142,0,142,0,142,0,142,0,142,0,142,0,142,0,142,0,142,0,142,0,142,0,142,0,142,0,142,0,142,0,142,0,142,0,142,0,142,0,142,0,142,0,142,0,142,0,142,0,142,0,142,0,142,0,142,0,142,0,142,0,142,0,142,0,142,0,142,0,142,0,142,0,142,0,142,0,142,0,142,0,142,0,142,0,142,0,142,0,142,0,142,0,142,0,142,0,142,0,142,0,142,0,142,0,142,0,142,0,142,0,142,0,142,0,142,0,142,0,142,0,142,0,142,0,142,0,142,0,142,0,142,0,142,0,142,0,142,0,142,0,142,0,142,0,142,0,142,0,142,0,142,0,142,0,142,0,142,0,142,0,142,0,142,0,142,0,142,0,142,0,142,0,142,0,142,0,142,0,142,0,142,0,142,0,142,0,142,0,142,0,142,0,142,0,142,0,142,0,142,0,142,0,142,0,142,0,142,0,142,0,142,0,142,0,142,0,142,0,142,0,142,0,142,0,142,0,142,0,142,0,142,0,142,0,142,0,142,0,142,0,142,0,142,0,142,0,142,0,142,0,142,0,142,0,142,0,142,0,142,0,142,0,142,0,142,0,142,0,142,0,142,0,142,0,142,0,142,0,142,0,142,0,142,0,142,0,142,0,142,0,142,0,142,0,142,0,142,0,142,0,142,0,142,0,142,0,142,0,142,0,142,0,142,0,142,0,142,0,142,0,142,0,142,0,142,0,142,0,142,0,142,0,142,0,142,0,142,0,142,0,142,0,142,0,142,0,142,0,142,0,142,0,142,0,142,0,142,0,142,0,142,0,142,0,142,0,142,0,142,0,142,0,142,0,142,0,142,0,142,0,142,0,142,0,142,0,142,0,142,0,142,0,142,0,142,0,142,0,142,0,142,0,142,0,142,0,142,0,142,0,142,0,142,0,142,0,142,0,142,0,142,0,142,0,142,0,142,0,142,0,142,0,142,0,142,0,142,0,142,0,142,0,142,0,142,0,142,0,142,0,142,0,142,0,142,0,142,0,142,0,142,0,142,0,142,0,142,0,142,0,142,0,142,0,142,0,142,0,142,0,142,0,142,0,142,0,142,0,142,0,142,0,142,0,142,0,142,0,142,0,142,0,142,0,142,0,142,0,142,0,142,0,142,0,142,0,142,0,142,0,142,0,142,0,142,0,142,0,142,0,142,0,142,0,142,0,142,0,142,0,142,0,142,0,142,0,142,0,142,0,142,0,142,0,142,0,142,0,142,0,142,0,142,0,142,0,142,0,142,0,142,0,142,0,142,0,142,0,142,0,142,0,142,0,142,0,142,0,142,0
,,143,0,143,0,143,0,143,0,143,0,143,0,143,0,143,0,143,0,143,0,143,0,143,0,143,0,143,0,143,0,143,0,143,0,143,0,143,0,143,0,143,0,143,0,143,0,143,0,143,0,143,0,143,0,143,0,143,0,143,0,143,0,143,0,143,0,143,0,143,0,143,0,143,0,143,0,143,0,143,0,143,0,143,0,143,0,143,0,143,0,143,0,143,0,143,0,143,0,143,0,143,0,143,0,143,0,143,0,143,0,143,0,143,0,143,0,143,0,143,0,143,0,143,0,143,0,143,0,143,0,143,0,143,0,143,0,143,0,143,0,143,0,143,0,143,0,143,0,143,0,143,0,143,0,143,0,143,0,143,0,143,0,143,0,143,0,143,0,143,0,143,0,143,0,143,0,143,0,143,0,143,0,143,0,143,0,143,0,143,0,143,0,143,0,143,0,143,0,143,0,143,0,143,0,143,0,143,0,143,0,143,0,143,0,143,0,143,0,143,0,143,0,143,0,143,0,143,0,143,0,143,0,143,0,143,0,143,0,143,0,143,0,143,0,143,0,143,0,143,0,143,0,143,0,143,0,143,0,143,0,143,0,143,0,143,0,143,0,143,0,143,0,143,0,143,0,143,0,143,0,143,0,143,0,143,0,143,0,143,0,143,0,143,0,143,0,143,0,143,0,143,0,143,0,143,0,143,0,143,0,143,0,143,0,143,0,143,0,143,0,143,1,143,0,143,0,143,0,143,0,143,0,143,0,143,0,143,0,143,0,143,0,143,0,143,0,143,0,143,0,143,0,143,0,143,0,143,0,143,0,143,0,143,0,143,0,143,0,143,0,143,0,143,0,143,0,143,0,143,0,143,0,143,0,143,0,143,0,143,0,143,0,143,0,143,0,143,0,143,0,143,8,143,0,143,0,143,8,143,0,143,0,143,0,143,0,143,0,143,0,143,0,143,0,143,0,143,0,143,0,143,0,143,0,143,0,143,0,143,0,143,0,143,0,143,0,143,0,143,0,143,0,143,0,143,0,143,0,143,0,143,0,143,0,143,0,143,0,143,0,143,0,143,0,143,0,143,0,143,0,143,0,143,0,143,0,143,0,143,0,143,0,143,0,143,0,143,0,143,0,143,0,143,0,143,0,143,0,143,0,143,0,143,0,143,0,143,0,143,0,143,0,143,0,143,0,143,0,143,0,143,0,143,0,143,0,143,0,143,0,143,0,143,0,143,0,143,0,143,0,143,0,143,0,143,0,143,0,143,0,143,0,143,0,143,0,143,0,143,0,143,0,143,0,143,0,143,0,143,0,143,0,143,0,143,0,143,0,143,0,143,0,143,0,143,0,143,0,143,0,143,0,143,0,143,0,143,0,143,0,143,0,143,0,143,0,143,0,143,0,143,0,143,0,143,0,143,0,143,0,143,0,143,0,143,0,143,0,143,0,143,0,143,0,143,0,143,0,143,0,143,0,143,0,143,0,143,0,143,0,143,0,143,0,143,0,143,0,143,0,143,0,143,0,143,0,143,0,143,0,143,0,143,0,143,0,143,0,143,0,143,0,143,0,143,0,143,0,143,0,143,0,143,0,143,0,143,0,143,0,143,0,143,0,143,0,143,0,143,0,143,0,143,0,143,0,143,0,143,0,143,0,143,0,143,0,143,0,143,0,143,0,143,0,143,0,143,0,143,0,143,0,143,0,143,0,143,0,143,0,143,0,143,0,143,0,143,0,143,0,143,0,143,0,143,0,143,0,143,0,143,0,143,0,143,0,143,0,143,0,143,0,143,0,143,0,143,0,143,0,143,0,143,0,143,0,143,0,143,0,143,0,143,0,143,0,143,0,143,0,143,0,143,0,143,0,143,0,143,0,143,0,143,0,143,0,143,0,143,0,143,0,143,0,143,0,143,0,143,0,143,0,143,0,143,0,143,0,143,0,143,0,143,0,143,0,143,0,143,0,143,0,143,0,143,0,143,0,143,0,143,0,143,0,143,0,143,0,143,0,143,0,143,0,143,0,143,0,143,0,143,0,143,0,143,0,143,0,143,0,143,0,143,0,143,0,143,0,143,0,143,0,143,0,143,0,143,0,143,0,143,0,143,0,143,0,143,0,143,0,143,0,143,0,143,0,143,0,143,0,143,0,143,0,143,0,143,0,143,0,143,0,143,0,143,0,143,0,143,0,143,0,143,0,143,0,143,0,143,0,143,0,143,0,143,0,143,0,143,0,143,0,143,0,143,0,143,0,143,0,143,0,143,0,143,0,143,0,143,0,143,0,143,0,143,0,143,0,143,0,143,0,143,0,143,0,143,0,143,0,143,0,143,0,143,0,143,0,143,0,143,0,143,0,143,0,143,0,143,0,143,0,143,0,143,0,143,0,143,0,143,0,143,0,143,0,143,0,143,0,143,0,143,0,143,0,143,0,143,0,143,0,143,0,143,0,143,0
,,144,0,144,0,144,0,144,0,144,0,144,0,144,0,144,0,144,0,144,0,144,0,144,0,144,0,144,0,144,0,144,0,144,0,144,0,144,0,144,0,144,0,144,0,144,0,144,0,144,0,144,0,144,0,144,0,144,0,144,0,144,0,144,0,144,0,144,0,144,0,144,0,144,0,144,0,144,0,144,0,144,0,144,0,144,0,144,0,144,0,144,0,144,0,144,0,144,0,144,0,144,0,144,0,144,0,144,0,144,0,144,0,144,0,144,0,144,0,144,0,144,0,144,0,144,0,144,0,144,0,144,0,144,0,144,0,144,0,144,0,144,0,144,0,144,0,144,0,144,0,144,0,144,0,144,0,144,0,144,0,144,0,144,0,144,0,144,0,144,0,144,0,144,0,144,0,144,0,144,0,144,0,144,0,144,0,144,0,144,0,144,0,144,0,144,0,144,0,144,0,144,0,144,0,144,0,144,0,144,0,144,0,144,0,144,0,144,0,144,0,144,0,144,0,144,0,144,0,144,0,144,0,144,0,144,0,144,0,144,0,144,0,144,0,144,0,144,0,144,0,144,0,144,0,144,0,144,0,144,0,144,0,144,0,144,0,144,0,144,0,144,0,144,0,144,0,144,0,144,0,144,0,144,0,144,0,144,0,144,0,144,0,144,0,144,0,144,0,144,0,144,0,144,0,144,0,144,0,144,0,144,0,144,0,144,0,144,0,144,0,144,4,144,0,144,0,144,0,144,0,144,0,144,0,144,0,144,0,144,0,144,0,144,0,144,0,144,0,144,0,144,0,144,0,144,0,144,0,144,0,144,0,144,0,144,0,144,0,144,0,144,0,144,0,144,0,144,0,144,0,144,0,144,0,144,0,144,0,144,0,144,0,144,0,144,0,144,0,144,0,144,6,144,0,144,0,144,0,144,0,144,0,144,0,144,0,144,0,144,0,144,0,144,0,144,0,144,0,144,0,144,0,144,0,144,0,144,0,144,0,144,0,144,0,144,0,144,0,144,0,144,0,144,0,144,0,144,0,144,0,144,0,144,0,144,0,144,0,144,0,144,0,144,0,144,0,144,0,144,0,144,0,144,0,144,0,144,0,144,0,144,0,144,0,144,0,144,0,144,0,144,0,144,0,144,0,144,0,144,0,144,0,144,0,144,0,144,0,144,0,144,0,144,0,144,0,144,0,144,0,144,0,144,0,144,0,144,0,144,0,144,0,144,0,144,0,144,0,144,0,144,0,144,0,144,0,144,0,144,0,144,0,144,0,144,0,144,0,144,0,144,0,144,0,144,0,144,0,144,0,144,0,144,0,144,0,144,0,144,0,144,0,144,0,144,0,144,0,144,0,144,0,144,0,144,0,144,0,144,0,144,0,144,0,144,0,144,0,144,0,144,0,144,0,144,0,144,0,144,0,144,0,144,0,144,0,144,0,144,0,144,0,144,0,144,0,144,0,144,0,144,0,144,0,144,0,144,0,144,0,144,0,144,0,144,0,144,0,144,0,144,0,144,0,144,0,144,0,144,0,144,0,144,0,144,0,144,0,144,0,144,0,144,0,144,0,144,0,144,0,144,0,144,0,144,0,144,0,144,0,144,0,144,0,144,0,144,0,144,0,144,0,144,0,144,0,144,0,144,0,144,0,144,0,144,0,144,0,144,0,144,0,144,0,144,0,144,0,144,0,144,0,144,0,144,0,144,0,144,0,144,0,144,0,144,0,144,0,144,0,144,0,144,0,144,0,144,0,144,0,144,0,144,0,144,0,144,0,144,0,144,0,144,0,144,0,144,0,144,0,144,0,144,0,144,0,144,0,144,0,144,0,144,0,144,0,144,0,144,0,144,0,144,0,144,0,144,0,144,0,144,0,144,0,144,0,144,0,144,0,144,0,144,0,144,0,144,0,144,0,144,0,144,0,144,0,144,0,144,0,144,0,144,0,144,0,144,0,144,0,144,0,144,0,144,0,144,0,144,0,144,0,144,0,144,0,144,0,144,0,144,0,144,0,144,0,144,0,144,0,144,0,144,0,144,0,144,0,144,0,144,0,144,0,144,0,144,0,144,0,144,0,144,0,144,0,144,0,144,0,144,0,144,0,144,0,144,0,144,0,144,0,144,0,144,0,144,0,144,0,144,0,144,0,144,0,144,0,144,0,144,0,144,0,144,0,144,0,144,0,144,0,144,0,144,0,144,0,144,0,144,0,144,0,144,0,144,0,144,0,144,0,144,0,144,0,144,0,144,0,144,0,144,0,144,0,144,0,144,0,144,0,144,0,144,0,144,0,144,0,144,0,144,0,144,0,144,0,144,0,144,0,144,0,144,0,144,0,144,0,144,0,144,0,144,0,144,0,144,0,144,0,144,0,144,0,144,0,144,0,144,0,144,0,144,0,144,0,144,0,144,0,144,0,144,0,144,0,144,0,144,0,144,0,144,0,144,0
,,145,0,145,0,145,0,145,0,145,0,145,0,145,0,145,0,145,0,145,0,145,0,145,0,145,0,145,0,145,0,145,0,145,0,145,0,145,0,145,0,145,0,145,0,145,0,145,0,145,0,145,0,145,0,145,0,145,0,145,0,145,0,145,0,145,0,145,0,145,0,145,0,145,0,145,0,145,0,145,0,145,0,145,0,145,0,145,0,145,0,145,0,145,0,145,0,145,0,145,0,145,0,145,0,145,0,145,0,145,0,145,0,145,0,145,0,145,0,145,0,145,0,145,0,145,0,145,0,145,0,145,0,145,0,145,0,145,0,145,0,145,0,145,0,145,0,145,0,145,0,145,0,145,0,145,0,145,0,145,0,145,0,145,0,145,0,145,0,145,0,145,0,145,0,145,0,145,0,145,0,145,0,145,0,145,0,145,0,145,0,145,0,145,0,145,0,145,0,145,0,145,0,145,0,145,0,145,0,145,0,145,0,145,0,145,0,145,0,145,0,145,0,145,0,145,0,145,0,145,0,145,0,145,0,145,0,145,0,145,0,145,0,145,0,145,0,145,0,145,0,145,0,145,0,145,0,145,0,145,0,145,0,145,0,145,0,145,0,145,0,145,0,145,0,145,0,145,0,145,0,145,0,145,0,145,0,145,0,145,0,145,0,145,0,145,0,145,0,145,0,145,0,145,0,145,0,145,0,145,0,145,0,145,0,145,0,145,0,145,0,145,5,145,0,145,0,145,0,145,0,145,0,145,0,145,0,145,0,145,0,145,0,145,0,145,0,145,0,145,0,145,0,145,0,145,0,145,0,145,0,145,0,145,0,145,0,145,0,145,0,145,0,145,0,145,0,145,0,145,0,145,0,145,0,145,0,145,0,145,0,145,0,145,0,145,0,145,0,145,0,145,0,145,0,145,0,145,0,145,0,145,0,145,0,145,0,145,0,145,0,145,0,145,0,145,0,145,0,145,0,145,0,145,0,145,0,145,0,145,0,145,0,145,0,145,0,145,0,145,0,145,0,145,0,145,0,145,0,145,0,145,0,145,0,145,0,145,0,145,0,145,0,145,0,145,0,145,0,145,0,145,0,145,0,145,0,145,0,145,0,145,0,145,0,145,0,145,0,145,0,145,0,145,0,145,0,145,0,145,0,145,0,145,0,145,0,145,0,145,0,145,0,145,0,145,0,145,0,145,0,145,0,145,0,145,0,145,0,145,0,145,0,145,0,145,0,145,0,145,0,145,0,145,0,145,0,145,0,145,0,145,0,145,0,145,0,145,0,145,0,145,0,145,0,145,0,145,0,145,0,145,0,145,0,145,0,145,0,145,0,145,0,145,0,145,0,145,0,145,0,145,0,145,0,145,0,145,0,145,0,145,0,145,0,145,0,145,0,145,0,145,0,145,0,145,0,145,0,145,0,145,0,145,0,145,0,145,0,145,0,145,0,145,0,145,0,145,0,145,0,145,0,145,0,145,0,145,0,145,0,145,0,145,0,145,0,145,0,145,0,145,0,145,0,145,0,145,0,145,0,145,0,145,0,145,0,145,0,145,0,145,0,145,0,145,0,145,0,145,0,145,0,145,0,145,0,145,0,145,0,145,0,145,0,145,0,145,0,145,0,145,0,145,0,145,0,145,0,145,0,145,0,145,0,145,0,145,0,145,0,145,0,145,0,145,0,145,0,145,0,145,0,145,0,145,0,145,0,145,0,145,0,145,0,145,0,145,0,145,0,145,0,145,0,145,0,145,0,145,0,145,0,145,0,145,0,145,0,145,0,145,0,145,0,145,0,145,0,145,0,145,0,145,0,145,0,145,0,145,0,145,0,145,0,145,0,145,0,145,0,145,0,145,0,145,0,145,0,145,0,145,0,145,0,145,0,145,0,145,0,145,0,145,0,145,0,145,0,145,0,145,0,145,0,145,0,145,0,145,0,145,0,145,0,145,0,145,0,145,0,145,0,145,0,145,0,145,0,145,0,145,0,145,0,145,0,145,0,145,0,145,0,145,0,145,0,145,0,145,0,145,0,145,0,145,0,145,0,145,0,145,0,145,0,145,0,145,0,145,0,145,0,145,0,145,0,145,0,145,0,145,0,145,0,145,0,145,0,145,0,145,0,145,0,145,0,145,0,145,0,145,0,145,0,145,0,145,0,145,0,145,0,145,0,145,0,145,0,145,0,145,0,145,0,145,0,145,0,145,0,145,0,145,0,145,0,145,0,145,0,145,0,145,0,145,0,145,0,145,0,145,0,145,0,145,0,145,0,145,0,145,0,145,0,145,0,145,0,145,0,145,0,145,0,145,0,145,0,145,0,145,0,145,0,145,0,145,0,145,0,145,0,145,0,145,0,145,0,145,0,145,0,145,0,145,0,145,0,145,0,145,0,145,0,145,0,145,0,145,0,145,0,145,0,145,0,145,0,145,0,145,0,145,0,145,0,145,0
,,146,0,146,0,146,0,146,0,146,0,146,0,146,0,146,0,146,0,146,0,146,0,146,0,146,0,146,0,146,0,146,0,146,0,146,0,146,0,146,0,146,0,146,0,146,0,146,0,146,0,146,0,146,0,146,0,146,0,146,0,146,0,146,0,146,0,146,0,146,0,146,0,146,0,146,0,146,0,146,0,146,0,146,0,146,0,146,0,146,0,146,0,146,0,146,0,146,0,146,0,146,0,146,0,146,0,146,0,146,0,146,0,146,0,146,0,146,0,146,0,146,0,146,0,146,0,146,0,146,0,146,0,146,0,146,0,146,0,146,0,146,0,146,0,146,0,146,0,146,0,146,0,146,0,146,0,146,0,146,0,146,0,146,0,146,0,146,0,146,0,146,0,146,0,146,0,146,0,146,0,146,0,146,0,146,0,146,0,146,0,146,0,146,0,146,0,146,0,146,0,146,0,146,0,146,0,146,0,146,0,146,0,146,0,146,0,146,0,146,0,146,0,146,0,146,0,146,0,146,0,146,0,146,0,146,0,146,0,146,0,146,0,146,0,146,0,146,0,146,0,146,0,146,0,146,0,146,0,146,0,146,0,146,0,146,0,146,0,146,0,146,0,146,0,146,0,146,0,146,0,146,0,146,0,146,0,146,0,146,0,146,0,146,0,146,0,146,0,146,0,146,0,146,0,146,0,146,0,146,0,146,0,146,0,146,0,146,0,146,0,146,8,146,0,146,0,146,0,146,0,146,0,146,0,146,0,146,0,146,0,146,0,146,0,146,0,146,0,146,0,146,0,146,0,146,0,146,0,146,0,146,0,146,0,146,0,146,0,146,0,146,0,146,0,146,0,146,0,146,0,146,0,146,0,146,0,146,0,146,0,146,0,146,0,146,0,146,0,146,0,146,2,146,0,146,0,146,0,146,0,146,0,146,0,146,0,146,0,146,0,146,0,146,0,146,0,146,0,146,0,146,0,146,0,146,0,146,0,146,0,146,0,146,0,146,0,146,0,146,0,146,0,146,0,146,0,146,0,146,0,146,0,146,0,146,0,146,0,146,0,146,0,146,0,146,0,146,0,146,0,146,0,146,0,146,0,146,0,146,0,146,0,146,0,146,0,146,0,146,0,146,0,146,0,146,0,146,0,146,0,146,0,146,0,146,0,146,0,146,0,146,0,146,0,146,0,146,0,146,0,146,0,146,0,146,0,146,0,146,0,146,0,146,0,146,0,146,0,146,0,146,0,146,0,146,0,146,0,146,0,146,0,146,0,146,0,146,0,146,0,146,0,146,0,146,0,146,0,146,0,146,0,146,0,146,0,146,0,146,0,146,0,146,0,146,0,146,0,146,0,146,0,146,0,146,0,146,0,146,0,146,0,146,0,146,0,146,0,146,0,146,0,146,0,146,0,146,0,146,0,146,0,146,0,146,0,146,0,146,0,146,0,146,0,146,0,146,0,146,0,146,0,146,0,146,0,146,0,146,0,146,0,146,0,146,0,146,0,146,0,146,0,146,0,146,0,146,0,146,0,146,0,146,0,146,0,146,0,146,0,146,0,146,0,146,0,146,0,146,0,146,0,146,0,146,0,146,0,146,0,146,0,146,0,146,0,146,0,146,0,146,0,146,0,146,0,146,0,146,0,146,0,146,0,146,0,146,0,146,0,146,0,146,0,146,0,146,0,146,0,146,0,146,0,146,0,146,0,146,0,146,0,146,0,146,0,146,0,146,0,146,0,146,0,146,0,146,0,146,0,146,0,146,0,146,0,146,0,146,0,146,0,146,0,146,0,146,0,146,0,146,0,146,0,146,0,146,0,146,0,146,0,146,0,146,0,146,0,146,0,146,0,146,0,146,0,146,0,146,0,146,0,146,0,146,0,146,0,146,0,146,0,146,0,146,0,146,0,146,0,146,0,146,0,146,0,146,0,146,0,146,0,146,0,146,0,146,0,146,0,146,0,146,0,146,0,146,0,146,0,146,0,146,0,146,0,146,0,146,0,146,0,146,0,146,0,146,0,146,0,146,0,146,0,146,0,146,0,146,0,146,0,146,0,146,0,146,0,146,0,146,0,146,0,146,0,146,0,146,0,146,0,146,0,146,0,146,0,146,0,146,0,146,0,146,0,146,0,146,0,146,0,146,0,146,0,146,0,146,0,146,0,146,0,146,0,146,0,146,0,146,0,146,0,146,0,146,0,146,0,146,0,146,0,146,0,146,0,146,0,146,0,146,0,146,0,146,0,146,0,146,0,146,0,146,0,146,0,146,0,146,0,146,0,146,0,146,0,146,0,146,0,146,0,146,0,146,0,146,0,146,0,146,0,146,0,146,0,146,0,146,0,146,0,146,0,146,0,146,0,146,0,146,0,146,0,146,0,146,0,146,0,146,0,146,0,146,0,146,0,146,0,146,0,146,0,146,0,146,0,146,0,146,0,146,0,146,0
,,147,0,147,0,147,0,147,0,147,0,147,0,147,0,147,0,147,0,147,0,147,0,147,0,147,0,147,0,147,0,147,0,147,0,147,0,147,0,147,0,147,0,147,0,147,0,147,0,147,0,147,0,147,0,147,0,147,0,147,0,147,0,147,0,147,0,147,0,147,0,147,0,147,0,147,0,147,0,147,0,147,0,147,0,147,0,147,0,147,0,147,0,147,0,147,0,147,0,147,0,147,0,147,0,147,0,147,0,147,0,147,0,147,0,147,0,147,0,147,0,147,0,147,0,147,0,147,0,147,0,147,0,147,0,147,0,147,0,147,0,147,0,147,0,147,0,147,0,147,0,147,0,147,0,147,0,147,0,147,0,147,0,147,0,147,0,147,0,147,0,147,0,147,0,147,0,147,0,147,0,147,0,147,0,147,0,147,0,147,0,147,0,147,0,147,0,147,0,147,0,147,0,147,0,147,0,147,0,147,0,147,0,147,0,147,0,147,0,147,0,147,0,147,0,147,0,147,0,147,0,147,0,147,0,147,0,147,0,147,0,147,0,147,0,147,0,147,0,147,0,147,0,147,0,147,0,147,0,147,0,147,0,147,0,147,0,147,0,147,0,147,0,147,0,147,0,147,0,147,0,147,0,147,0,147,0,147,0,147,0,147,0,147,0,147,0,147,0,147,0,147,0,147,0,147,0,147,0,147,0,147,0,147,0,147,0,147,0,147,0,147,2,147,0,147,0,147,0,147,0,147,0,147,0,147,0,147,0,147,0,147,0,147,0,147,0,147,0,147,0,147,0,147,0,147,0,147,0,147,0,147,0,147,0,147,0,147,0,147,0,147,0,147,0,147,0,147,0,147,0,147,0,147,0,147,0,147,0,147,0,147,0,147,0,147,0,147,0,147,0,147,0,147,0,147,0,147,0,147,0,147,0,147,0,147,0,147,0,147,0,147,0,147,0,147,0,147,0,147,0,147,0,147,0,147,0,147,0,147,0,147,0,147,0,147,0,147,0,147,0,147,0,147,0,147,0,147,0,147,0,147,0,147,0,147,0,147,0,147,0,147,0,147,0,147,0,147,0,147,0,147,0,147,0,147,0,147,0,147,0,147,0,147,0,147,0,147,0,147,0,147,0,147,0,147,0,147,0,147,0,147,0,147,0,147,0,147,0,147,0,147,0,147,0,147,0,147,0,147,0,147,0,147,0,147,0,147,0,147,0,147,0,147,0,147,0,147,0,147,0,147,0,147,0,147,0,147,0,147,0,147,0,147,0,147,0,147,0,147,0,147,0,147,0,147,0,147,0,147,0,147,0,147,0,147,0,147,0,147,0,147,0,147,0,147,0,147,0,147,0,147,0,147,0,147,0,147,0,147,0,147,0,147,0,147,0,147,0,147,0,147,0,147,0,147,0,147,0,147,0,147,0,147,0,147,0,147,0,147,0,147,0,147,0,147,0,147,0,147,0,147,0,147,0,147,0,147,0,147,0,147,0,147,0,147,0,147,0,147,0,147,0,147,0,147,0,147,0,147,0,147,0,147,0,147,0,147,0,147,0,147,0,147,0,147,0,147,0,147,0,147,0,147,0,147,0,147,0,147,0,147,0,147,0,147,0,147,0,147,0,147,0,147,0,147,0,147,0,147,0,147,0,147,0,147,0,147,0,147,0,147,0,147,0,147,0,147,0,147,0,147,0,147,0,147,0,147,0,147,0,147,0,147,0,147,0,147,0,147,0,147,0,147,0,147,0,147,0,147,0,147,0,147,0,147,0,147,0,147,0,147,0,147,0,147,0,147,0,147,0,147,0,147,0,147,0,147,0,147,0,147,0,147,0,147,0,147,0,147,0,147,0,147,0,147,0,147,0,147,0,147,0,147,0,147,0,147,0,147,0,147,0,147,0,147,0,147,0,147,0,147,0,147,0,147,0,147,0,147,0,147,0,147,0,147,0,147,0,147,0,147,0,147,0,147,0,147,0,147,0,147,0,147,0,147,0,147,0,147,0,147,0,147,0,147,0,147,0,147,0,147,0,147,0,147,0,147,0,147,0,147,0,147,0,147,0,147,0,147,0,147,0,147,0,147,0,147,0,147,0,147,0,147,0,147,0,147,0,147,0,147,0,147,0,147,0,147,0,147,0,147,0,147,0,147,0,147,0,147,0,147,0,147,0,147,0,147,0,147,0,147,0,147,0,147,0,147,0,147,0,147,0,147,0,147,0,147,0,147,0,147,0,147,0,147,0,147,0,147,0,147,0,147,0,147,0,147,0,147,0,147,0,147,0,147,0,147,0,147,0,147,0,147,0,147,0,147,0,147,0,147,0,147,0,147,0,147,0,147,0,147,0,147,0,147,0,147,0,147,0,147,0,147,0,147,0,147,0,147,0,147,0,147,0,147,0,147,0,147,0,147,0,147,0,147,0,147,0,147,0,147,0,147,0,147,0,147,0
,,148,0,148,0,148,0,148,0,148,0,148,0,148,0,148,0,148,0,148,0,148,0,148,0,148,0,148,0,148,0,148,0,148,0,148,0,148,0,148,0,148,0,148,0,148,0,148,0,148,0,148,0,148,0,148,0,148,0,148,0,148,0,148,0,148,0,148,0,148,0,148,0,148,0,148,0,148,0,148,0,148,0,148,0,148,0,148,0,148,0,148,0,148,0,148,0,148,0,148,0,148,0,148,0,148,0,148,0,148,0,148,0,148,0,148,0,148,0,148,0,148,0,148,0,148,0,148,0,148,0,148,0,148,0,148,0,148,0,148,0,148,0,148,0,148,0,148,0,148,0,148,0,148,0,148,0,148,0,148,0,148,0,148,0,148,0,148,0,148,0,148,0,148,0,148,0,148,0,148,0,148,0,148,0,148,0,148,0,148,0,148,0,148,0,148,0,148,0,148,0,148,0,148,0,148,0,148,0,148,0,148,0,148,0,148,0,148,0,148,0,148,0,148,0,148,0,148,0,148,0,148,0,148,0,148,0,148,0,148,0,148,0,148,0,148,0,148,0,148,0,148,0,148,0,148,0,148,0,148,0,148,0,148,0,148,0,148,0,148,0,148,0,148,0,148,0,148,0,148,0,148,0,148,0,148,0,148,0,148,0,148,0,148,0,148,0,148,0,148,0,148,0,148,0,148,0,148,0,148,0,148,0,148,0,148,0,148,0,148,0,148,4,148,0,148,0,148,0,148,0,148,0,148,0,148,0,148,0,148,0,148,0,148,0,148,0,148,0,148,0,148,0,148,0,148,0,148,0,148,0,148,0,148,0,148,0,148,0,148,0,148,0,148,0,148,0,148,0,148,0,148,0,148,0,148,0,148,0,148,0,148,0,148,0,148,0,148,0,148,0,148,7,148,0,148,0,148,2,148,0,148,0,148,0,148,0,148,0,148,0,148,0,148,0,148,0,148,0,148,0,148,0,148,0,148,0,148,0,148,0,148,0,148,0,148,0,148,0,148,0,148,0,148,0,148,0,148,0,148,0,148,0,148,0,148,0,148,0,148,0,148,0,148,0,148,0,148,0,148,0,148,0,148,0,148,0,148,0,148,0,148,0,148,0,148,0,148,0,148,0,148,0,148,0,148,0,148,0,148,0,148,0,148,0,148,0,148,0,148,0,148,0,148,0,148,0,148,0,148,0,148,0,148,0,148,0,148,0,148,0,148,0,148,0,148,0,148,0,148,0,148,0,148,0,148,0,148,0,148,0,148,0,148,0,148,0,148,0,148,0,148,0,148,0,148,0,148,0,148,0,148,0,148,0,148,0,148,0,148,0,148,0,148,0,148,0,148,0,148,0,148,0,148,0,148,0,148,0,148,0,148,0,148,0,148,0,148,0,148,0,148,0,148,0,148,0,148,0,148,0,148,0,148,0,148,0,148,0,148,0,148,0,148,0,148,0,148,0,148,0,148,0,148,0,148,0,148,0,148,0,148,0,148,0,148,0,148,0,148,0,148,0,148,0,148,0,148,0,148,0,148,0,148,0,148,0,148,0,148,0,148,0,148,0,148,0,148,0,148,0,148,0,148,0,148,0,148,0,148,0,148,0,148,0,148,0,148,0,148,0,148,0,148,0,148,0,148,0,148,0,148,0,148,0,148,0,148,0,148,0,148,0,148,0,148,0,148,0,148,0,148,0,148,0,148,0,148,0,148,0,148,0,148,0,148,0,148,0,148,0,148,0,148,0,148,0,148,0,148,0,148,0,148,0,148,0,148,0,148,0,148,0,148,0,148,0,148,0,148,0,148,0,148,0,148,0,148,0,148,0,148,0,148,0,148,0,148,0,148,0,148,0,148,0,148,0,148,0,148,0,148,0,148,0,148,0,148,0,148,0,148,0,148,0,148,0,148,0,148,0,148,0,148,0,148,0,148,0,148,0,148,0,148,0,148,0,148,0,148,0,148,0,148,0,148,0,148,0,148,0,148,0,148,0,148,0,148,0,148,0,148,0,148,0,148,0,148,0,148,0,148,0,148,0,148,0,148,0,148,0,148,0,148,0,148,0,148,0,148,0,148,0,148,0,148,0,148,0,148,0,148,0,148,0,148,0,148,0,148,0,148,0,148,0,148,0,148,0,148,0,148,0,148,0,148,0,148,0,148,0,148,0,148,0,148,0,148,0,148,0,148,0,148,0,148,0,148,0,148,0,148,0,148,0,148,0,148,0,148,0,148,0,148,0,148,0,148,0,148,0,148,0,148,0,148,0,148,0,148,0,148,0,148,0,148,0,148,0,148,0,148,0,148,0,148,0,148,0,148,0,148,0,148,0,148,0,148,0,148,0,148,0,148,0,148,0,148,0,148,0,148,0,148,0,148,0,148,0,148,0,148,0,148,0,148,0,148,0,148,0,148,0,148,0,148,0,148,0,148,0,148,0,148,0,148,0,148,0
,,149,0,149,0,149,0,149,0,149,0,149,0,149,0,149,0,149,0,149,0,149,0,149,0,149,0,149,0,149,0,149,0,149,0,149,0,149,0,149,0,149,0,149,0,149,0,149,0,149,0,149,0,149,0,149,0,149,0,149,0,149,0,149,0,149,0,149,0,149,0,149,0,149,0,149,0,149,0,149,0,149,0,149,0,149,0,149,0,149,0,149,0,149,0,149,0,149,0,149,0,149,0,149,0,149,0,149,0,149,0,149,0,149,0,149,0,149,0,149,0,149,0,149,0,149,0,149,0,149,0,149,0,149,0,149,0,149,0,149,0,149,0,149,0,149,0,149,0,149,0,149,0,149,0,149,0,149,0,149,0,149,0,149,0,149,0,149,0,149,0,149,0,149,0,149,0,149,0,149,0,149,0,149,0,149,0,149,0,149,0,149,0,149,0,149,0,149,0,149,0,149,0,149,0,149,0,149,0,149,0,149,0,149,0,149,0,149,0,149,0,149,0,149,0,149,0,149,0,149,0,149,0,149,0,149,0,149,0,149,0,149,0,149,0,149,0,149,0,149,0,149,0,149,0,149,0,149,0,149,0,149,0,149,0,149,0,149,0,149,0,149,0,149,0,149,0,149,0,149,0,149,0,149,0,149,0,149,0,149,0,149,0,149,0,149,0,149,0,149,0,149,0,149,0,149,0,149,0,149,0,149,0,149,0,149,0,149,0,149,0,149,20,149,0,149,0,149,0,149,0,149,0,149,0,149,0,149,0,149,0,149,0,149,0,149,0,149,0,149,0,149,0,149,0,149,0,149,0,149,0,149,0,149,0,149,0,149,0,149,0,149,0,149,0,149,0,149,0,149,0,149,0,149,0,149,0,149,0,149,0,149,0,149,0,149,0,149,0,149,0,149,4,149,0,149,0,149,0,149,0,149,0,149,0,149,0,149,0,149,0,149,0,149,0,149,0,149,0,149,0,149,0,149,0,149,0,149,0,149,0,149,0,149,0,149,0,149,0,149,0,149,0,149,0,149,0,149,0,149,0,149,0,149,0,149,0,149,0,149,0,149,0,149,0,149,0,149,0,149,0,149,0,149,0,149,0,149,0,149,0,149,0,149,0,149,0,149,0,149,0,149,0,149,0,149,0,149,0,149,0,149,0,149,0,149,0,149,0,149,0,149,0,149,0,149,0,149,0,149,0,149,0,149,0,149,0,149,0,149,0,149,0,149,0,149,0,149,0,149,0,149,0,149,0,149,0,149,0,149,0,149,0,149,0,149,0,149,0,149,0,149,0,149,0,149,0,149,0,149,0,149,0,149,0,149,0,149,0,149,0,149,0,149,0,149,0,149,0,149,0,149,0,149,0,149,0,149,0,149,0,149,0,149,0,149,0,149,0,149,0,149,0,149,0,149,0,149,0,149,0,149,0,149,0,149,0,149,0,149,0,149,0,149,0,149,0,149,0,149,0,149,0,149,0,149,0,149,0,149,0,149,0,149,0,149,0,149,0,149,0,149,0,149,0,149,0,149,0,149,0,149,0,149,0,149,0,149,0,149,0,149,0,149,0,149,0,149,0,149,0,149,0,149,0,149,0,149,0,149,0,149,0,149,0,149,0,149,0,149,0,149,0,149,0,149,0,149,0,149,0,149,0,149,0,149,0,149,0,149,0,149,0,149,0,149,0,149,0,149,0,149,0,149,0,149,0,149,0,149,0,149,0,149,0,149,0,149,0,149,0,149,0,149,0,149,0,149,0,149,0,149,0,149,0,149,0,149,0,149,0,149,0,149,0,149,0,149,0,149,0,149,0,149,0,149,0,149,0,149,0,149,0,149,0,149,0,149,0,149,0,149,0,149,0,149,0,149,0,149,0,149,0,149,0,149,0,149,0,149,0,149,0,149,0,149,0,149,0,149,0,149,0,149,0,149,0,149,0,149,0,149,0,149,0,149,0,149,0,149,0,149,0,149,0,149,0,149,0,149,0,149,0,149,0,149,0,149,0,149,0,149,0,149,0,149,0,149,0,149,0,149,0,149,0,149,0,149,0,149,0,149,0,149,0,149,0,149,0,149,0,149,0,149,0,149,0,149,0,149,0,149,0,149,0,149,0,149,0,149,0,149,0,149,0,149,0,149,0,149,0,149,0,149,0,149,0,149,0,149,0,149,0,149,0,149,0,149,0,149,0,149,0,149,0,149,0,149,0,149,0,149,0,149,0,149,0,149,0,149,0,149,0,149,0,149,0,149,0,149,0,149,0,149,0,149,0,149,0,149,0,149,0,149,0,149,0,149,0,149,0,149,0,149,0,149,0,149,0,149,0,149,0,149,0,149,0,149,0,149,0,149,0,149,0,149,0,149,0,149,0,149,0,149,0,149,0,149,0,149,0,149,0,149,0,149,0,149,0,149,0,149,0,149,0,149,0,149,0,149,0,149,0,149,0,149,0,149,0
,,150,0,150,0,150,0,150,0,150,0,150,0,150,0,150,0,150,0,150,0,150,0,150,0,150,0,150,0,150,0,150,0,150,0,150,0,150,0,150,0,150,0,150,0,150,0,150,0,150,0,150,0,150,0,150,0,150,0,150,0,150,0,150,0,150,0,150,0,150,0,150,0,150,0,150,0,150,0,150,0,150,0,150,0,150,0,150,0,150,0,150,0,150,0,150,0,150,0,150,0,150,0,150,0,150,0,150,0,150,0,150,0,150,0,150,0,150,0,150,0,150,0,150,0,150,0,150,0,150,0,150,0,150,0,150,0,150,0,150,0,150,0,150,0,150,0,150,0,150,0,150,0,150,0,150,0,150,0,150,0,150,0,150,0,150,0,150,0,150,0,150,0,150,0,150,0,150,0,150,0,150,0,150,0,150,0,150,0,150,0,150,0,150,0,150,0,150,0,150,0,150,0,150,0,150,0,150,0,150,0,150,0,150,0,150,0,150,0,150,0,150,0,150,0,150,0,150,0,150,0,150,0,150,0,150,0,150,0,150,0,150,0,150,0,150,0,150,0,150,0,150,0,150,0,150,0,150,0,150,0,150,0,150,0,150,0,150,0,150,0,150,0,150,0,150,0,150,0,150,0,150,0,150,0,150,0,150,0,150,0,150,0,150,0,150,0,150,0,150,0,150,0,150,0,150,0,150,0,150,0,150,0,150,0,150,0,150,0,150,0,150,14,150,0,150,0,150,0,150,0,150,0,150,0,150,0,150,0,150,0,150,0,150,0,150,0,150,0,150,0,150,0,150,0,150,0,150,0,150,0,150,0,150,0,150,0,150,0,150,0,150,0,150,0,150,0,150,0,150,0,150,0,150,0,150,0,150,0,150,0,150,0,150,0,150,0,150,0,150,0,150,6,150,0,150,0,150,0,150,0,150,0,150,0,150,0,150,0,150,0,150,0,150,0,150,0,150,0,150,0,150,0,150,0,150,0,150,0,150,0,150,0,150,0,150,0,150,0,150,0,150,0,150,0,150,0,150,0,150,0,150,0,150,0,150,0,150,0,150,0,150,0,150,0,150,0,150,0,150,0,150,0,150,0,150,0,150,0,150,0,150,0,150,0,150,0,150,0,150,0,150,0,150,0,150,0,150,0,150,0,150,0,150,0,150,0,150,0,150,0,150,0,150,0,150,0,150,0,150,0,150,0,150,0,150,0,150,0,150,0,150,0,150,0,150,0,150,0,150,0,150,0,150,0,150,0,150,0,150,0,150,0,150,0,150,0,150,0,150,0,150,0,150,0,150,0,150,0,150,0,150,0,150,0,150,0,150,0,150,0,150,0,150,0,150,0,150,0,150,0,150,0,150,0,150,0,150,0,150,0,150,0,150,0,150,0,150,0,150,0,150,0,150,0,150,0,150,0,150,0,150,0,150,0,150,0,150,0,150,0,150,0,150,0,150,0,150,0,150,0,150,0,150,0,150,0,150,0,150,0,150,0,150,0,150,0,150,0,150,0,150,0,150,0,150,0,150,0,150,0,150,0,150,0,150,0,150,0,150,0,150,0,150,0,150,0,150,0,150,0,150,0,150,0,150,0,150,0,150,0,150,0,150,0,150,0,150,0,150,0,150,0,150,0,150,0,150,0,150,0,150,0,150,0,150,0,150,0,150,0,150,0,150,0,150,0,150,0,150,0,150,0,150,0,150,0,150,0,150,0,150,0,150,0,150,0,150,0,150,0,150,0,150,0,150,0,150,0,150,0,150,0,150,0,150,0,150,0,150,0,150,0,150,0,150,0,150,0,150,0,150,0,150,0,150,0,150,0,150,0,150,0,150,0,150,0,150,0,150,0,150,0,150,0,150,0,150,0,150,0,150,0,150,0,150,0,150,0,150,0,150,0,150,0,150,0,150,0,150,0,150,0,150,0,150,0,150,0,150,0,150,0,150,0,150,0,150,0,150,0,150,0,150,0,150,0,150,0,150,0,150,0,150,0,150,0,150,0,150,0,150,0,150,0,150,0,150,0,150,0,150,0,150,0,150,0,150,0,150,0,150,0,150,0,150,0,150,0,150,0,150,0,150,0,150,0,150,0,150,0,150,0,150,0,150,0,150,0,150,0,150,0,150,0,150,0,150,0,150,0,150,0,150,0,150,0,150,0,150,0,150,0,150,0,150,0,150,0,150,0,150,0,150,0,150,0,150,0,150,0,150,0,150,0,150,0,150,0,150,0,150,0,150,0,150,0,150,0,150,0,150,0,150,0,150,0,150,0,150,0,150,0,150,0,150,0,150,0,150,0,150,0,150,0,150,0,150,0,150,0,150,0,150,0,150,0,150,0,150,0,150,0,150,0,150,0,150,0,150,0,150,0,150,0,150,0,150,0,150,0,150,0,150,0,150,0,150,0,150,0,150,0,150,0,150,0,150,0,150,0,150,0,150,0,150,0,150,0
,,151,0,151,0,151,0,151,0,151,0,151,0,151,0,151,0,151,0,151,0,151,0,151,0,151,0,151,0,151,0,151,0,151,0,151,0,151,0,151,0,151,0,151,0,151,0,151,0,151,0,151,0,151,0,151,0,151,0,151,0,151,0,151,0,151,0,151,0,151,0,151,0,151,0,151,0,151,0,151,0,151,0,151,0,151,0,151,0,151,0,151,0,151,0,151,0,151,0,151,0,151,0,151,0,151,0,151,0,151,0,151,0,151,0,151,0,151,0,151,0,151,0,151,0,151,0,151,0,151,0,151,0,151,0,151,0,151,0,151,0,151,0,151,0,151,0,151,0,151,0,151,0,151,0,151,0,151,0,151,0,151,0,151,0,151,0,151,0,151,0,151,0,151,0,151,0,151,0,151,0,151,0,151,0,151,0,151,0,151,0,151,0,151,0,151,0,151,0,151,0,151,0,151,0,151,0,151,0,151,0,151,0,151,0,151,0,151,0,151,0,151,0,151,0,151,0,151,0,151,0,151,0,151,0,151,0,151,0,151,0,151,0,151,0,151,0,151,0,151,0,151,0,151,0,151,0,151,0,151,0,151,0,151,0,151,0,151,0,151,0,151,0,151,0,151,0,151,0,151,0,151,0,151,0,151,0,151,0,151,0,151,0,151,0,151,0,151,0,151,0,151,0,151,0,151,0,151,0,151,0,151,0,151,0,151,0,151,0,151,0,151,14,151,0,151,0,151,0,151,0,151,0,151,0,151,0,151,0,151,0,151,0,151,0,151,0,151,0,151,0,151,0,151,0,151,0,151,0,151,0,151,0,151,0,151,0,151,0,151,0,151,0,151,0,151,0,151,0,151,0,151,0,151,0,151,0,151,0,151,0,151,0,151,0,151,0,151,0,151,0,151,0,151,0,151,0,151,0,151,0,151,0,151,0,151,0,151,0,151,0,151,0,151,0,151,0,151,0,151,0,151,0,151,0,151,0,151,0,151,0,151,0,151,0,151,0,151,0,151,0,151,0,151,0,151,0,151,0,151,0,151,0,151,0,151,0,151,0,151,0,151,0,151,0,151,0,151,0,151,0,151,0,151,0,151,0,151,0,151,0,151,0,151,0,151,0,151,0,151,0,151,0,151,0,151,0,151,0,151,0,151,0,151,0,151,0,151,0,151,0,151,0,151,0,151,0,151,0,151,0,151,0,151,0,151,0,151,0,151,0,151,0,151,0,151,0,151,0,151,0,151,0,151,0,151,0,151,0,151,0,151,0,151,0,151,0,151,0,151,0,151,0,151,0,151,0,151,0,151,0,151,0,151,0,151,0,151,0,151,0,151,0,151,0,151,0,151,0,151,0,151,0,151,0,151,0,151,0,151,0,151,0,151,0,151,0,151,0,151,0,151,0,151,0,151,0,151,0,151,0,151,0,151,0,151,0,151,0,151,0,151,0,151,0,151,0,151,0,151,0,151,0,151,0,151,0,151,0,151,0,151,0,151,0,151,0,151,0,151,0,151,0,151,0,151,0,151,0,151,0,151,0,151,0,151,0,151,0,151,0,151,0,151,0,151,0,151,0,151,0,151,0,151,0,151,0,151,0,151,0,151,0,151,0,151,0,151,0,151,0,151,0,151,0,151,0,151,0,151,0,151,0,151,0,151,0,151,0,151,0,151,0,151,0,151,0,151,0,151,0,151,0,151,0,151,0,151,0,151,0,151,0,151,0,151,0,151,0,151,0,151,0,151,0,151,0,151,0,151,0,151,0,151,0,151,0,151,0,151,0,151,0,151,0,151,0,151,0,151,0,151,0,151,0,151,0,151,0,151,0,151,0,151,0,151,0,151,0,151,0,151,0,151,0,151,0,151,0,151,0,151,0,151,0,151,0,151,0,151,0,151,0,151,0,151,0,151,0,151,0,151,0,151,0,151,0,151,0,151,0,151,0,151,0,151,0,151,0,151,0,151,0,151,0,151,0,151,0,151,0,151,0,151,0,151,0,151,0,151,0,151,0,151,0,151,0,151,0,151,0,151,0,151,0,151,0,151,0,151,0,151,0,151,0,151,0,151,0,151,0,151,0,151,0,151,0,151,0,151,0,151,0,151,0,151,0,151,0,151,0,151,0,151,0,151,0,151,0,151,0,151,0,151,0,151,0,151,0,151,0,151,0,151,0,151,0,151,0,151,0,151,0,151,0,151,0,151,0,151,0,151,0,151,0,151,0,151,0,151,0,151,0,151,0,151,0,151,0,151,0,151,0,151,0,151,0,151,0,151,0,151,0,151,0,151,0,151,0,151,0,151,0,151,0,151,0,151,0,151,0,151,0,151,0,151,0,151,0,151,0,151,0,151,0,151,0,151,0,151,0,151,0,151,0,151,0,151,0,151,0,151,0,151,0,151,0,151,0,151,0,151,0,151,0,151,0,151,0,151,0,151,0,151,0,151,0,151,0
,,152,0,152,0,152,0,152,0,152,0,152,0,152,0,152,0,152,0,152,0,152,0,152,0,152,0,152,0,152,0,152,0,152,0,152,0,152,0,152,0,152,0,152,0,152,0,152,0,152,0,152,0,152,0,152,0,152,0,152,0,152,0,152,0,152,0,152,0,152,0,152,0,152,0,152,0,152,0,152,0,152,0,152,0,152,0,152,0,152,0,152,0,152,0,152,0,152,0,152,0,152,0,152,0,152,0,152,0,152,0,152,0,152,0,152,0,152,0,152,0,152,0,152,0,152,0,152,0,152,0,152,0,152,0,152,0,152,0,152,0,152,0,152,0,152,0,152,0,152,0,152,0,152,0,152,0,152,0,152,0,152,0,152,0,152,0,152,0,152,0,152,0,152,0,152,0,152,0,152,0,152,0,152,0,152,0,152,0,152,0,152,0,152,0,152,0,152,0,152,0,152,0,152,0,152,0,152,0,152,0,152,0,152,0,152,0,152,0,152,0,152,0,152,0,152,0,152,0,152,0,152,0,152,0,152,0,152,0,152,0,152,0,152,0,152,0,152,0,152,0,152,0,152,0,152,0,152,0,152,0,152,0,152,0,152,0,152,0,152,0,152,0,152,0,152,0,152,0,152,0,152,0,152,0,152,0,152,0,152,0,152,0,152,0,152,0,152,0,152,0,152,0,152,0,152,0,152,0,152,0,152,0,152,0,152,0,152,0,152,0,152,4,152,0,152,0,152,0,152,0,152,0,152,0,152,0,152,0,152,0,152,0,152,0,152,0,152,0,152,0,152,0,152,0,152,0,152,0,152,0,152,0,152,0,152,0,152,0,152,0,152,0,152,0,152,0,152,0,152,0,152,0,152,0,152,0,152,0,152,0,152,0,152,0,152,0,152,0,152,0,152,0,152,0,152,0,152,0,152,0,152,0,152,0,152,0,152,0,152,0,152,0,152,0,152,0,152,0,152,0,152,0,152,0,152,0,152,0,152,0,152,0,152,0,152,0,152,0,152,0,152,0,152,0,152,0,152,0,152,0,152,0,152,0,152,0,152,0,152,0,152,0,152,0,152,0,152,0,152,0,152,0,152,0,152,0,152,0,152,0,152,0,152,0,152,0,152,0,152,0,152,0,152,0,152,0,152,0,152,0,152,0,152,0,152,0,152,0,152,0,152,0,152,0,152,0,152,0,152,0,152,0,152,0,152,0,152,0,152,0,152,0,152,0,152,0,152,0,152,0,152,0,152,0,152,0,152,0,152,0,152,0,152,0,152,0,152,0,152,0,152,0,152,0,152,0,152,0,152,0,152,0,152,0,152,0,152,0,152,0,152,0,152,0,152,0,152,0,152,0,152,0,152,0,152,0,152,0,152,0,152,0,152,0,152,0,152,0,152,0,152,0,152,0,152,0,152,0,152,0,152,0,152,0,152,0,152,0,152,0,152,0,152,0,152,0,152,0,152,0,152,0,152,0,152,0,152,0,152,0,152,0,152,0,152,0,152,0,152,0,152,0,152,0,152,0,152,0,152,0,152,0,152,0,152,0,152,0,152,0,152,0,152,0,152,0,152,0,152,0,152,0,152,0,152,0,152,0,152,0,152,0,152,0,152,0,152,0,152,0,152,0,152,0,152,0,152,0,152,0,152,0,152,0,152,0,152,0,152,0,152,0,152,0,152,0,152,0,152,0,152,0,152,0,152,0,152,0,152,0,152,0,152,0,152,0,152,0,152,0,152,0,152,0,152,0,152,0,152,0,152,0,152,0,152,0,152,0,152,0,152,0,152,0,152,0,152,0,152,0,152,0,152,0,152,0,152,0,152,0,152,0,152,0,152,0,152,0,152,0,152,0,152,0,152,0,152,0,152,0,152,0,152,0,152,0,152,0,152,0,152,0,152,0,152,0,152,0,152,0,152,0,152,0,152,0,152,0,152,0,152,0,152,0,152,0,152,0,152,0,152,0,152,0,152,0,152,0,152,0,152,0,152,0,152,0,152,0,152,0,152,0,152,0,152,0,152,0,152,0,152,0,152,0,152,0,152,0,152,0,152,0,152,0,152,0,152,0,152,0,152,0,152,0,152,0,152,0,152,0,152,0,152,0,152,0,152,0,152,0,152,0,152,0,152,0,152,0,152,0,152,0,152,0,152,0,152,0,152,0,152,0,152,0,152,0,152,0,152,0,152,0,152,0,152,0,152,0,152,0,152,0,152,0,152,0,152,0,152,0,152,0,152,0,152,0,152,0,152,0,152,0,152,0,152,0,152,0,152,0,152,0,152,0,152,0,152,0,152,0,152,0,152,0,152,0,152,0,152,0,152,0,152,0,152,0,152,0,152,0,152,0,152,0,152,0,152,0,152,0,152,0,152,0,152,0,152,0,152,0,152,0,152,0,152,0,152,0,152,0,152,0,152,0,152,0,152,0,152,0,152,0,152,0,152,0,152,0
,,153,0,153,0,153,0,153,0,153,0,153,0,153,0,153,0,153,0,153,0,153,0,153,0,153,0,153,0,153,0,153,0,153,0,153,0,153,0,153,0,153,0,153,0,153,0,153,0,153,0,153,0,153,0,153,0,153,0,153,0,153,0,153,0,153,0,153,0,153,0,153,0,153,0,153,0,153,0,153,0,153,0,153,0,153,0,153,0,153,0,153,0,153,0,153,0,153,0,153,0,153,0,153,0,153,0,153,0,153,0,153,0,153,0,153,0,153,0,153,0,153,0,153,0,153,0,153,0,153,0,153,0,153,0,153,0,153,0,153,0,153,0,153,0,153,0,153,0,153,0,153,0,153,0,153,0,153,0,153,0,153,0,153,0,153,0,153,0,153,0,153,0,153,0,153,0,153,0,153,0,153,0,153,0,153,0,153,0,153,0,153,0,153,0,153,0,153,0,153,0,153,0,153,0,153,0,153,0,153,0,153,0,153,0,153,0,153,0,153,0,153,0,153,0,153,0,153,0,153,0,153,0,153,0,153,0,153,0,153,0,153,0,153,0,153,0,153,0,153,0,153,0,153,0,153,0,153,0,153,0,153,0,153,0,153,0,153,0,153,0,153,0,153,0,153,0,153,0,153,0,153,0,153,0,153,0,153,0,153,0,153,0,153,0,153,0,153,0,153,0,153,0,153,0,153,0,153,0,153,0,153,0,153,0,153,0,153,0,153,0,153,10,153,0,153,0,153,0,153,0,153,0,153,0,153,0,153,0,153,0,153,0,153,0,153,0,153,0,153,0,153,0,153,0,153,0,153,0,153,0,153,0,153,0,153,0,153,0,153,0,153,0,153,0,153,0,153,0,153,0,153,0,153,0,153,0,153,0,153,0,153,0,153,0,153,0,153,0,153,0,153,0,153,0,153,0,153,0,153,0,153,0,153,0,153,0,153,0,153,0,153,0,153,0,153,0,153,0,153,0,153,0,153,0,153,0,153,0,153,0,153,0,153,0,153,0,153,0,153,0,153,0,153,0,153,0,153,0,153,0,153,0,153,0,153,0,153,0,153,0,153,0,153,0,153,0,153,0,153,0,153,0,153,0,153,0,153,0,153,0,153,0,153,0,153,0,153,0,153,0,153,0,153,0,153,0,153,0,153,0,153,0,153,0,153,0,153,0,153,0,153,0,153,0,153,0,153,0,153,0,153,0,153,0,153,0,153,0,153,0,153,0,153,0,153,0,153,0,153,0,153,0,153,0,153,0,153,0,153,0,153,0,153,0,153,0,153,0,153,0,153,0,153,0,153,0,153,0,153,0,153,0,153,0,153,0,153,0,153,0,153,0,153,0,153,0,153,0,153,0,153,0,153,0,153,0,153,0,153,0,153,0,153,0,153,0,153,0,153,0,153,0,153,0,153,0,153,0,153,0,153,0,153,0,153,0,153,0,153,0,153,0,153,0,153,0,153,0,153,0,153,0,153,0,153,0,153,0,153,0,153,0,153,0,153,0,153,0,153,0,153,0,153,0,153,0,153,0,153,0,153,0,153,0,153,0,153,0,153,0,153,0,153,0,153,0,153,0,153,0,153,0,153,0,153,0,153,0,153,0,153,0,153,0,153,0,153,0,153,0,153,0,153,0,153,0,153,0,153,0,153,0,153,0,153,0,153,0,153,0,153,0,153,0,153,0,153,0,153,0,153,0,153,0,153,0,153,0,153,0,153,0,153,0,153,0,153,0,153,0,153,0,153,0,153,0,153,0,153,0,153,0,153,0,153,0,153,0,153,0,153,0,153,0,153,0,153,0,153,0,153,0,153,0,153,0,153,0,153,0,153,0,153,0,153,0,153,0,153,0,153,0,153,0,153,0,153,0,153,0,153,0,153,0,153,0,153,0,153,0,153,0,153,0,153,0,153,0,153,0,153,0,153,0,153,0,153,0,153,0,153,0,153,0,153,0,153,0,153,0,153,0,153,0,153,0,153,0,153,0,153,0,153,0,153,0,153,0,153,0,153,0,153,0,153,0,153,0,153,0,153,0,153,0,153,0,153,0,153,0,153,0,153,0,153,0,153,0,153,0,153,0,153,0,153,0,153,0,153,0,153,0,153,0,153,0,153,0,153,0,153,0,153,0,153,0,153,0,153,0,153,0,153,0,153,0,153,0,153,0,153,0,153,0,153,0,153,0,153,0,153,0,153,0,153,0,153,0,153,0,153,0,153,0,153,0,153,0,153,0,153,0,153,0,153,0,153,0,153,0,153,0,153,0,153,0,153,0,153,0,153,0,153,0,153,0,153,0,153,0,153,0,153,0,153,0,153,0,153,0,153,0,153,0,153,0,153,0,153,0,153,0,153,0,153,0,153,0,153,0,153,0,153,0,153,0,153,0,153,0,153,0,153,0,153,0,153,0,153,0,153,0,153,0,153,0,153,0,153,0,153,0,153,0,153,0,153,0
,,154,0,154,0,154,0,154,0,154,0,154,0,154,0,154,0,154,0,154,0,154,0,154,0,154,0,154,0,154,0,154,0,154,0,154,0,154,0,154,0,154,0,154,0,154,0,154,0,154,0,154,0,154,0,154,0,154,0,154,0,154,0,154,0,154,0,154,0,154,0,154,0,154,0,154,0,154,0,154,0,154,0,154,0,154,0,154,0,154,0,154,0,154,0,154,0,154,0,154,0,154,0,154,0,154,0,154,0,154,0,154,0,154,0,154,0,154,0,154,0,154,0,154,0,154,0,154,0,154,0,154,0,154,0,154,0,154,0,154,0,154,0,154,0,154,0,154,0,154,0,154,0,154,0,154,0,154,0,154,0,154,0,154,0,154,0,154,0,154,0,154,0,154,0,154,0,154,0,154,0,154,0,154,0,154,0,154,0,154,0,154,0,154,0,154,0,154,0,154,0,154,0,154,0,154,0,154,0,154,0,154,0,154,0,154,0,154,0,154,0,154,0,154,0,154,0,154,0,154,0,154,0,154,0,154,0,154,0,154,0,154,0,154,0,154,0,154,0,154,0,154,0,154,0,154,0,154,0,154,0,154,0,154,0,154,0,154,0,154,0,154,0,154,0,154,0,154,0,154,0,154,0,154,0,154,0,154,0,154,0,154,0,154,0,154,0,154,0,154,0,154,0,154,0,154,0,154,0,154,0,154,0,154,0,154,0,154,0,154,0,154,16,154,0,154,0,154,0,154,0,154,0,154,0,154,0,154,0,154,0,154,0,154,0,154,0,154,0,154,0,154,0,154,0,154,0,154,0,154,0,154,0,154,0,154,0,154,0,154,0,154,0,154,0,154,0,154,0,154,0,154,0,154,0,154,0,154,0,154,0,154,0,154,0,154,0,154,0,154,0,154,0,154,0,154,0,154,0,154,0,154,0,154,0,154,0,154,0,154,0,154,0,154,0,154,0,154,0,154,0,154,0,154,0,154,0,154,0,154,0,154,0,154,0,154,0,154,0,154,0,154,0,154,0,154,0,154,0,154,0,154,0,154,0,154,0,154,0,154,0,154,0,154,0,154,0,154,0,154,0,154,0,154,0,154,0,154,0,154,0,154,0,154,0,154,0,154,0,154,0,154,0,154,0,154,0,154,0,154,0,154,0,154,0,154,0,154,0,154,0,154,0,154,0,154,0,154,0,154,0,154,0,154,0,154,0,154,0,154,0,154,0,154,0,154,0,154,0,154,0,154,0,154,0,154,0,154,0,154,0,154,0,154,0,154,0,154,0,154,0,154,0,154,0,154,0,154,0,154,0,154,0,154,0,154,0,154,0,154,0,154,0,154,0,154,0,154,0,154,0,154,0,154,0,154,0,154,0,154,0,154,0,154,0,154,0,154,0,154,0,154,0,154,0,154,0,154,0,154,0,154,0,154,0,154,0,154,0,154,0,154,0,154,0,154,0,154,0,154,0,154,0,154,0,154,0,154,0,154,0,154,0,154,0,154,0,154,0,154,0,154,0,154,0,154,0,154,0,154,0,154,0,154,0,154,0,154,0,154,0,154,0,154,0,154,0,154,0,154,0,154,0,154,0,154,0,154,0,154,0,154,0,154,0,154,0,154,0,154,0,154,0,154,0,154,0,154,0,154,0,154,0,154,0,154,0,154,0,154,0,154,0,154,0,154,0,154,0,154,0,154,0,154,0,154,0,154,0,154,0,154,0,154,0,154,0,154,0,154,0,154,0,154,0,154,0,154,0,154,0,154,0,154,0,154,0,154,0,154,0,154,0,154,0,154,0,154,0,154,0,154,0,154,0,154,0,154,0,154,0,154,0,154,0,154,0,154,0,154,0,154,0,154,0,154,0,154,0,154,0,154,0,154,0,154,0,154,0,154,0,154,0,154,0,154,0,154,0,154,0,154,0,154,0,154,0,154,0,154,0,154,0,154,0,154,0,154,0,154,0,154,0,154,0,154,0,154,0,154,0,154,0,154,0,154,0,154,0,154,0,154,0,154,0,154,0,154,0,154,0,154,0,154,0,154,0,154,0,154,0,154,0,154,0,154,0,154,0,154,0,154,0,154,0,154,0,154,0,154,0,154,0,154,0,154,0,154,0,154,0,154,0,154,0,154,0,154,0,154,0,154,0,154,0,154,0,154,0,154,0,154,0,154,0,154,0,154,0,154,0,154,0,154,0,154,0,154,0,154,0,154,0,154,0,154,0,154,0,154,0,154,0,154,0,154,0,154,0,154,0,154,0,154,0,154,0,154,0,154,0,154,0,154,0,154,0,154,0,154,0,154,0,154,0,154,0,154,0,154,0,154,0,154,0,154,0,154,0,154,0,154,0,154,0,154,0,154,0,154,0,154,0,154,0,154,0,154,0,154,0,154,0,154,0,154,0,154,0,154,0,154,0,154,0,154,0,154,0,154,0,154,0,154,0,154,0,154,0
,,155,0,155,0,155,0,155,0,155,0,155,0,155,0,155,0,155,0,155,0,155,0,155,0,155,0,155,0,155,0,155,0,155,0,155,0,155,0,155,0,155,0,155,0,155,0,155,0,155,0,155,0,155,0,155,0,155,0,155,0,155,0,155,0,155,0,155,0,155,0,155,0,155,0,155,0,155,0,155,0,155,0,155,0,155,0,155,0,155,0,155,0,155,0,155,0,155,0,155,0,155,0,155,0,155,0,155,0,155,0,155,0,155,0,155,0,155,0,155,0,155,0,155,0,155,0,155,0,155,0,155,0,155,0,155,0,155,0,155,0,155,0,155,0,155,0,155,0,155,0,155,0,155,0,155,0,155,0,155,0,155,0,155,0,155,0,155,0,155,0,155,0,155,0,155,0,155,0,155,0,155,0,155,0,155,0,155,0,155,0,155,0,155,0,155,0,155,0,155,0,155,0,155,0,155,0,155,0,155,0,155,0,155,0,155,0,155,0,155,0,155,0,155,0,155,0,155,0,155,0,155,0,155,0,155,0,155,0,155,0,155,0,155,0,155,0,155,0,155,0,155,0,155,0,155,0,155,0,155,0,155,0,155,0,155,0,155,0,155,0,155,0,155,0,155,0,155,0,155,0,155,0,155,0,155,0,155,0,155,0,155,0,155,0,155,0,155,0,155,0,155,0,155,0,155,0,155,0,155,0,155,0,155,0,155,0,155,0,155,0,155,1,155,0,155,0,155,0,155,0,155,0,155,0,155,0,155,0,155,0,155,0,155,0,155,0,155,0,155,0,155,0,155,0,155,0,155,0,155,0,155,0,155,0,155,0,155,0,155,0,155,0,155,0,155,0,155,0,155,0,155,0,155,0,155,0,155,0,155,0,155,0,155,0,155,0,155,0,155,0,155,0,155,0,155,0,155,0,155,0,155,0,155,0,155,0,155,0,155,0,155,0,155,0,155,0,155,0,155,0,155,0,155,0,155,0,155,0,155,0,155,0,155,0,155,0,155,0,155,0,155,0,155,0,155,0,155,0,155,0,155,0,155,0,155,0,155,0,155,0,155,0,155,0,155,0,155,0,155,0,155,0,155,0,155,0,155,0,155,0,155,0,155,0,155,0,155,0,155,0,155,0,155,0,155,0,155,0,155,0,155,0,155,0,155,0,155,0,155,0,155,0,155,0,155,0,155,0,155,0,155,0,155,0,155,0,155,0,155,0,155,0,155,0,155,0,155,0,155,0,155,0,155,0,155,0,155,0,155,0,155,0,155,0,155,0,155,0,155,0,155,0,155,0,155,0,155,0,155,0,155,0,155,0,155,0,155,0,155,0,155,0,155,0,155,0,155,0,155,0,155,0,155,0,155,0,155,0,155,0,155,0,155,0,155,0,155,0,155,0,155,0,155,0,155,0,155,0,155,0,155,0,155,0,155,0,155,0,155,0,155,0,155,0,155,0,155,0,155,0,155,0,155,0,155,0,155,0,155,0,155,0,155,0,155,0,155,0,155,0,155,0,155,0,155,0,155,0,155,0,155,0,155,0,155,0,155,0,155,0,155,0,155,0,155,0,155,0,155,0,155,0,155,0,155,0,155,0,155,0,155,0,155,0,155,0,155,0,155,0,155,0,155,0,155,0,155,0,155,0,155,0,155,0,155,0,155,0,155,0,155,0,155,0,155,0,155,0,155,0,155,0,155,0,155,0,155,0,155,0,155,0,155,0,155,0,155,0,155,0,155,0,155,0,155,0,155,0,155,0,155,0,155,0,155,0,155,0,155,0,155,0,155,0,155,0,155,0,155,0,155,0,155,0,155,0,155,0,155,0,155,0,155,0,155,0,155,0,155,0,155,0,155,0,155,0,155,0,155,0,155,0,155,0,155,0,155,0,155,0,155,0,155,0,155,0,155,0,155,0,155,0,155,0,155,0,155,0,155,0,155,0,155,0,155,0,155,0,155,0,155,0,155,0,155,0,155,0,155,0,155,0,155,0,155,0,155,0,155,0,155,0,155,0,155,0,155,0,155,0,155,0,155,0,155,0,155,0,155,0,155,0,155,0,155,0,155,0,155,0,155,0,155,0,155,0,155,0,155,0,155,0,155,0,155,0,155,0,155,0,155,0,155,0,155,0,155,0,155,0,155,0,155,0,155,0,155,0,155,0,155,0,155,0,155,0,155,0,155,0,155,0,155,0,155,0,155,0,155,0,155,0,155,0,155,0,155,0,155,0,155,0,155,0,155,0,155,0,155,0,155,0,155,0,155,0,155,0,155,0,155,0,155,0,155,0,155,0,155,0,155,0,155,0,155,0,155,0,155,0,155,0,155,0,155,0,155,0,155,0,155,0,155,0,155,0,155,0,155,0,155,0,155,0,155,0,155,0,155,0,155,0,155,0,155,0,155,0,155,0,155,0,155,0,155,0,155,0,155,0,155,0,155,0,155,0,155,0
,,156,0,156,0,156,0,156,0,156,0,156,0,156,0,156,0,156,0,156,0,156,0,156,0,156,0,156,0,156,0,156,0,156,0,156,0,156,0,156,0,156,0,156,0,156,0,156,0,156,0,156,0,156,0,156,0,156,0,156,0,156,0,156,0,156,0,156,0,156,0,156,0,156,0,156,0,156,0,156,0,156,0,156,0,156,0,156,0,156,0,156,0,156,0,156,0,156,0,156,0,156,0,156,0,156,0,156,0,156,0,156,0,156,0,156,0,156,0,156,0,156,0,156,0,156,0,156,0,156,0,156,0,156,0,156,0,156,0,156,0,156,0,156,0,156,0,156,0,156,0,156,0,156,0,156,0,156,0,156,0,156,0,156,0,156,0,156,0,156,0,156,0,156,0,156,0,156,0,156,0,156,0,156,0,156,0,156,0,156,0,156,0,156,0,156,0,156,0,156,0,156,0,156,0,156,0,156,0,156,0,156,0,156,0,156,0,156,0,156,0,156,0,156,0,156,0,156,0,156,0,156,0,156,0,156,0,156,0,156,0,156,0,156,0,156,0,156,0,156,0,156,0,156,0,156,0,156,0,156,0,156,0,156,0,156,0,156,0,156,0,156,0,156,0,156,0,156,0,156,0,156,0,156,0,156,0,156,0,156,0,156,0,156,0,156,0,156,0,156,0,156,0,156,0,156,0,156,0,156,0,156,0,156,0,156,0,156,0,156,0,156,1,156,0,156,0,156,0,156,0,156,0,156,0,156,0,156,0,156,0,156,0,156,0,156,0,156,0,156,0,156,0,156,0,156,0,156,0,156,0,156,0,156,0,156,0,156,0,156,0,156,0,156,0,156,0,156,0,156,0,156,0,156,0,156,0,156,0,156,0,156,0,156,0,156,0,156,0,156,0,156,0,156,0,156,0,156,0,156,0,156,0,156,0,156,0,156,0,156,0,156,0,156,0,156,0,156,0,156,0,156,0,156,0,156,0,156,0,156,0,156,0,156,0,156,0,156,0,156,0,156,0,156,0,156,0,156,0,156,0,156,0,156,0,156,0,156,0,156,0,156,0,156,0,156,0,156,0,156,0,156,0,156,0,156,0,156,0,156,0,156,0,156,0,156,0,156,0,156,0,156,0,156,0,156,0,156,0,156,0,156,0,156,0,156,0,156,0,156,0,156,0,156,0,156,0,156,0,156,0,156,0,156,0,156,0,156,0,156,0,156,0,156,0,156,0,156,0,156,0,156,0,156,0,156,0,156,0,156,0,156,0,156,0,156,0,156,0,156,0,156,0,156,0,156,0,156,0,156,0,156,0,156,0,156,0,156,0,156,0,156,0,156,0,156,0,156,0,156,0,156,0,156,0,156,0,156,0,156,0,156,0,156,0,156,0,156,0,156,0,156,0,156,0,156,0,156,0,156,0,156,0,156,0,156,0,156,0,156,0,156,0,156,0,156,0,156,0,156,0,156,0,156,0,156,0,156,0,156,0,156,0,156,0,156,0,156,0,156,0,156,0,156,0,156,0,156,0,156,0,156,0,156,0,156,0,156,0,156,0,156,0,156,0,156,0,156,0,156,0,156,0,156,0,156,0,156,0,156,0,156,0,156,0,156,0,156,0,156,0,156,0,156,0,156,0,156,0,156,0,156,0,156,0,156,0,156,0,156,0,156,0,156,0,156,0,156,0,156,0,156,0,156,0,156,0,156,0,156,0,156,0,156,0,156,0,156,0,156,0,156,0,156,0,156,0,156,0,156,0,156,0,156,0,156,0,156,0,156,0,156,0,156,0,156,0,156,0,156,0,156,0,156,0,156,0,156,0,156,0,156,0,156,0,156,0,156,0,156,0,156,0,156,0,156,0,156,0,156,0,156,0,156,0,156,0,156,0,156,0,156,0,156,0,156,0,156,0,156,0,156,0,156,0,156,0,156,0,156,0,156,0,156,0,156,0,156,0,156,0,156,0,156,0,156,0,156,0,156,0,156,0,156,0,156,0,156,0,156,0,156,0,156,0,156,0,156,0,156,0,156,0,156,0,156,0,156,0,156,0,156,0,156,0,156,0,156,0,156,0,156,0,156,0,156,0,156,0,156,0,156,0,156,0,156,0,156,0,156,0,156,0,156,0,156,0,156,0,156,0,156,0,156,0,156,0,156,0,156,0,156,0,156,0,156,0,156,0,156,0,156,0,156,0,156,0,156,0,156,0,156,0,156,0,156,0,156,0,156,0,156,0,156,0,156,0,156,0,156,0,156,0,156,0,156,0,156,0,156,0,156,0,156,0,156,0,156,0,156,0,156,0,156,0,156,0,156,0,156,0,156,0,156,0,156,0,156,0,156,0,156,0,156,0,156,0,156,0,156,0,156,0,156,0,156,0,156,0,156,0,156,0,156,0,156,0,156,0,156,0,156,0,156,0,156,0,156,0,156,0,156,0,156,0,156,0,156,0
,,157,0,157,0,157,0,157,0,157,0,157,0,157,0,157,0,157,0,157,0,157,0,157,0,157,0,157,0,157,0,157,0,157,0,157,0,157,0,157,0,157,0,157,0,157,0,157,0,157,0,157,0,157,0,157,0,157,0,157,0,157,0,157,0,157,0,157,0,157,0,157,0,157,0,157,0,157,0,157,0,157,0,157,0,157,0,157,0,157,0,157,0,157,0,157,0,157,0,157,0,157,0,157,0,157,0,157,0,157,0,157,0,157,0,157,0,157,0,157,0,157,0,157,0,157,0,157,0,157,0,157,0,157,0,157,0,157,0,157,0,157,0,157,0,157,0,157,0,157,0,157,0,157,0,157,0,157,0,157,0,157,0,157,0,157,0,157,0,157,0,157,0,157,0,157,0,157,0,157,0,157,0,157,0,157,0,157,0,157,0,157,0,157,0,157,0,157,0,157,0,157,0,157,0,157,0,157,0,157,0,157,0,157,0,157,0,157,0,157,0,157,0,157,0,157,0,157,0,157,0,157,0,157,0,157,0,157,0,157,0,157,0,157,0,157,0,157,0,157,0,157,0,157,0,157,0,157,0,157,0,157,0,157,0,157,0,157,0,157,0,157,0,157,0,157,0,157,0,157,0,157,0,157,0,157,0,157,0,157,0,157,0,157,0,157,0,157,0,157,0,157,0,157,0,157,0,157,0,157,0,157,0,157,0,157,0,157,0,157,0,157,2,157,0,157,0,157,0,157,0,157,0,157,0,157,0,157,0,157,0,157,0,157,0,157,0,157,0,157,0,157,0,157,0,157,0,157,0,157,0,157,0,157,0,157,0,157,0,157,0,157,0,157,0,157,0,157,0,157,0,157,0,157,0,157,0,157,0,157,0,157,0,157,0,157,0,157,0,157,0,157,4,157,0,157,0,157,3,157,0,157,0,157,0,157,0,157,0,157,0,157,0,157,0,157,0,157,0,157,0,157,0,157,0,157,0,157,0,157,0,157,0,157,0,157,0,157,0,157,0,157,0,157,0,157,0,157,0,157,0,157,0,157,0,157,0,157,0,157,0,157,0,157,0,157,0,157,0,157,0,157,0,157,0,157,0,157,0,157,0,157,0,157,0,157,0,157,0,157,0,157,0,157,0,157,0,157,0,157,0,157,0,157,0,157,0,157,0,157,0,157,0,157,0,157,0,157,0,157,0,157,0,157,0,157,0,157,0,157,0,157,0,157,0,157,0,157,0,157,0,157,0,157,0,157,0,157,0,157,0,157,0,157,0,157,0,157,0,157,0,157,0,157,0,157,0,157,0,157,0,157,0,157,0,157,0,157,0,157,0,157,0,157,0,157,0,157,0,157,0,157,0,157,0,157,0,157,0,157,0,157,0,157,0,157,0,157,0,157,0,157,0,157,0,157,0,157,0,157,0,157,0,157,0,157,0,157,0,157,0,157,0,157,0,157,0,157,0,157,0,157,0,157,0,157,0,157,0,157,0,157,0,157,0,157,0,157,0,157,0,157,0,157,0,157,0,157,0,157,0,157,0,157,0,157,0,157,0,157,0,157,0,157,0,157,0,157,0,157,0,157,0,157,0,157,0,157,0,157,0,157,0,157,0,157,0,157,0,157,0,157,0,157,0,157,0,157,0,157,0,157,0,157,0,157,0,157,0,157,0,157,0,157,0,157,0,157,0,157,0,157,0,157,0,157,0,157,0,157,0,157,0,157,0,157,0,157,0,157,0,157,0,157,0,157,0,157,0,157,0,157,0,157,0,157,0,157,0,157,0,157,0,157,0,157,0,157,0,157,0,157,0,157,0,157,0,157,0,157,0,157,0,157,0,157,0,157,0,157,0,157,0,157,0,157,0,157,0,157,0,157,0,157,0,157,0,157,0,157,0,157,0,157,0,157,0,157,0,157,0,157,0,157,0,157,0,157,0,157,0,157,0,157,0,157,0,157,0,157,0,157,0,157,0,157,0,157,0,157,0,157,0,157,0,157,0,157,0,157,0,157,0,157,0,157,0,157,0,157,0,157,0,157,0,157,0,157,0,157,0,157,0,157,0,157,0,157,0,157,0,157,0,157,0,157,0,157,0,157,0,157,0,157,0,157,0,157,0,157,0,157,0,157,0,157,0,157,0,157,0,157,0,157,0,157,0,157,0,157,0,157,0,157,0,157,0,157,0,157,0,157,0,157,0,157,0,157,0,157,0,157,0,157,0,157,0,157,0,157,0,157,0,157,0,157,0,157,0,157,0,157,0,157,0,157,0,157,0,157,0,157,0,157,0,157,0,157,0,157,0,157,0,157,0,157,0,157,0,157,0,157,0,157,0,157,0,157,0,157,0,157,0,157,0,157,0,157,0,157,0,157,0,157,0,157,0,157,0,157,0,157,0,157,0,157,0,157,0,157,0,157,0,157,0,157,0,157,0,157,0,157,0,157,0,157,0,157,0
,,158,0,158,0,158,0,158,0,158,0,158,0,158,0,158,0,158,0,158,0,158,0,158,0,158,0,158,0,158,0,158,0,158,0,158,0,158,0,158,0,158,0,158,0,158,0,158,0,158,0,158,0,158,0,158,0,158,0,158,0,158,0,158,0,158,0,158,0,158,0,158,0,158,0,158,0,158,0,158,0,158,0,158,0,158,0,158,0,158,0,158,0,158,0,158,0,158,0,158,0,158,0,158,0,158,0,158,0,158,0,158,0,158,0,158,0,158,0,158,0,158,0,158,0,158,0,158,0,158,0,158,0,158,0,158,0,158,0,158,0,158,0,158,0,158,0,158,0,158,0,158,0,158,0,158,0,158,0,158,0,158,0,158,0,158,0,158,0,158,0,158,0,158,0,158,0,158,0,158,0,158,0,158,0,158,0,158,0,158,0,158,0,158,0,158,0,158,0,158,0,158,0,158,0,158,0,158,0,158,0,158,0,158,0,158,0,158,0,158,0,158,0,158,0,158,0,158,0,158,0,158,0,158,0,158,0,158,0,158,0,158,0,158,0,158,0,158,0,158,0,158,0,158,0,158,0,158,0,158,0,158,0,158,0,158,0,158,0,158,0,158,0,158,0,158,0,158,0,158,0,158,0,158,0,158,0,158,0,158,0,158,0,158,0,158,0,158,0,158,0,158,0,158,0,158,0,158,0,158,0,158,0,158,0,158,0,158,0,158,0,158,16,158,0,158,0,158,0,158,0,158,0,158,0,158,0,158,0,158,0,158,0,158,0,158,0,158,0,158,0,158,0,158,0,158,0,158,0,158,0,158,0,158,0,158,0,158,0,158,0,158,0,158,0,158,0,158,0,158,0,158,0,158,0,158,0,158,0,158,0,158,0,158,0,158,0,158,0,158,0,158,1,158,0,158,0,158,0,158,0,158,0,158,0,158,0,158,0,158,0,158,0,158,0,158,0,158,0,158,0,158,0,158,0,158,0,158,0,158,0,158,0,158,0,158,0,158,0,158,0,158,0,158,0,158,0,158,0,158,0,158,0,158,0,158,0,158,0,158,0,158,0,158,0,158,0,158,0,158,0,158,0,158,0,158,0,158,0,158,0,158,0,158,0,158,0,158,0,158,0,158,0,158,0,158,0,158,0,158,0,158,0,158,0,158,0,158,0,158,0,158,0,158,0,158,0,158,0,158,0,158,0,158,0,158,0,158,0,158,0,158,0,158,0,158,0,158,0,158,0,158,0,158,0,158,0,158,0,158,0,158,0,158,0,158,0,158,0,158,0,158,0,158,0,158,0,158,0,158,0,158,0,158,0,158,0,158,0,158,0,158,0,158,0,158,0,158,0,158,0,158,0,158,0,158,0,158,0,158,0,158,0,158,0,158,0,158,0,158,0,158,0,158,0,158,0,158,0,158,0,158,0,158,0,158,0,158,0,158,0,158,0,158,0,158,0,158,0,158,0,158,0,158,0,158,0,158,0,158,0,158,0,158,0,158,0,158,0,158,0,158,0,158,0,158,0,158,0,158,0,158,0,158,0,158,0,158,0,158,0,158,0,158,0,158,0,158,0,158,0,158,0,158,0,158,0,158,0,158,0,158,0,158,0,158,0,158,0,158,0,158,0,158,0,158,0,158,0,158,0,158,0,158,0,158,0,158,0,158,0,158,0,158,0,158,0,158,0,158,0,158,0,158,0,158,0,158,0,158,0,158,0,158,0,158,0,158,0,158,0,158,0,158,0,158,0,158,0,158,0,158,0,158,0,158,0,158,0,158,0,158,0,158,0,158,0,158,0,158,0,158,0,158,0,158,0,158,0,158,0,158,0,158,0,158,0,158,0,158,0,158,0,158,0,158,0,158,0,158,0,158,0,158,0,158,0,158,0,158,0,158,0,158,0,158,0,158,0,158,0,158,0,158,0,158,0,158,0,158,0,158,0,158,0,158,0,158,0,158,0,158,0,158,0,158,0,158,0,158,0,158,0,158,0,158,0,158,0,158,0,158,0,158,0,158,0,158,0,158,0,158,0,158,0,158,0,158,0,158,0,158,0,158,0,158,0,158,0,158,0,158,0,158,0,158,0,158,0,158,0,158,0,158,0,158,0,158,0,158,0,158,0,158,0,158,0,158,0,158,0,158,0,158,0,158,0,158,0,158,0,158,0,158,0,158,0,158,0,158,0,158,0,158,0,158,0,158,0,158,0,158,0,158,0,158,0,158,0,158,0,158,0,158,0,158,0,158,0,158,0,158,0,158,0,158,0,158,0,158,0,158,0,158,0,158,0,158,0,158,0,158,0,158,0,158,0,158,0,158,0,158,0,158,0,158,0,158,0,158,0,158,0,158,0,158,0,158,0,158,0,158,0,158,0,158,0,158,0,158,0,158,0,158,0,158,0,158,0,158,0,158,0,158,0,158,0,158,0,158,0,158,0,158,0,158,0,158,0
,,159,0,159,0,159,0,159,0,159,0,159,0,159,0,159,0,159,0,159,0,159,0,159,0,159,0,159,0,159,0,159,0,159,0,159,0,159,0,159,0,159,0,159,0,159,0,159,0,159,0,159,0,159,0,159,0,159,0,159,0,159,0,159,0,159,0,159,0,159,0,159,0,159,0,159,0,159,0,159,0,159,0,159,0,159,0,159,0,159,0,159,0,159,0,159,0,159,0,159,0,159,0,159,0,159,0,159,0,159,0,159,0,159,0,159,0,159,0,159,0,159,0,159,0,159,0,159,0,159,0,159,0,159,0,159,0,159,0,159,0,159,0,159,0,159,0,159,0,159,0,159,0,159,0,159,0,159,0,159,0,159,0,159,0,159,0,159,0,159,0,159,0,159,0,159,0,159,0,159,0,159,0,159,0,159,0,159,0,159,0,159,0,159,0,159,0,159,0,159,0,159,0,159,0,159,0,159,0,159,0,159,0,159,0,159,0,159,0,159,0,159,0,159,0,159,0,159,0,159,0,159,0,159,0,159,0,159,0,159,0,159,0,159,0,159,0,159,0,159,0,159,0,159,0,159,0,159,0,159,0,159,0,159,0,159,0,159,0,159,0,159,0,159,0,159,0,159,0,159,0,159,0,159,0,159,0,159,0,159,0,159,0,159,0,159,0,159,0,159,0,159,0,159,0,159,0,159,0,159,0,159,0,159,0,159,0,159,0,159,0,159,6,159,0,159,0,159,0,159,0,159,0,159,0,159,0,159,0,159,0,159,0,159,0,159,0,159,0,159,0,159,0,159,0,159,0,159,0,159,0,159,0,159,0,159,0,159,0,159,0,159,0,159,0,159,0,159,0,159,0,159,0,159,0,159,0,159,0,159,0,159,0,159,0,159,0,159,0,159,0,159,2,159,0,159,0,159,0,159,0,159,0,159,0,159,0,159,0,159,0,159,0,159,0,159,0,159,0,159,0,159,0,159,0,159,0,159,0,159,0,159,0,159,0,159,0,159,0,159,0,159,0,159,0,159,0,159,0,159,0,159,0,159,0,159,0,159,0,159,0,159,0,159,0,159,0,159,0,159,0,159,0,159,0,159,0,159,0,159,0,159,0,159,0,159,0,159,0,159,0,159,0,159,0,159,0,159,0,159,0,159,0,159,0,159,0,159,0,159,0,159,0,159,0,159,0,159,0,159,0,159,0,159,0,159,0,159,0,159,0,159,0,159,0,159,0,159,0,159,0,159,0,159,0,159,0,159,0,159,0,159,0,159,0,159,0,159,0,159,0,159,0,159,0,159,0,159,0,159,0,159,0,159,0,159,0,159,0,159,0,159,0,159,0,159,0,159,0,159,0,159,0,159,0,159,0,159,0,159,0,159,0,159,0,159,0,159,0,159,0,159,0,159,0,159,0,159,0,159,0,159,0,159,0,159,0,159,0,159,0,159,0,159,0,159,0,159,0,159,0,159,0,159,0,159,0,159,0,159,0,159,0,159,0,159,0,159,0,159,0,159,0,159,0,159,0,159,0,159,0,159,0,159,0,159,0,159,0,159,0,159,0,159,0,159,0,159,0,159,0,159,0,159,0,159,0,159,0,159,0,159,0,159,0,159,0,159,0,159,0,159,0,159,0,159,0,159,0,159,0,159,0,159,0,159,0,159,0,159,0,159,0,159,0,159,0,159,0,159,0,159,0,159,0,159,0,159,0,159,0,159,0,159,0,159,0,159,0,159,0,159,0,159,0,159,0,159,0,159,0,159,0,159,0,159,0,159,0,159,0,159,0,159,0,159,0,159,0,159,0,159,0,159,0,159,0,159,0,159,0,159,0,159,0,159,0,159,0,159,0,159,0,159,0,159,0,159,0,159,0,159,0,159,0,159,0,159,0,159,0,159,0,159,0,159,0,159,0,159,0,159,0,159,0,159,0,159,0,159,0,159,0,159,0,159,0,159,0,159,0,159,0,159,0,159,0,159,0,159,0,159,0,159,0,159,0,159,0,159,0,159,0,159,0,159,0,159,0,159,0,159,0,159,0,159,0,159,0,159,0,159,0,159,0,159,0,159,0,159,0,159,0,159,0,159,0,159,0,159,0,159,0,159,0,159,0,159,0,159,0,159,0,159,0,159,0,159,0,159,0,159,0,159,0,159,0,159,0,159,0,159,0,159,0,159,0,159,0,159,0,159,0,159,0,159,0,159,0,159,0,159,0,159,0,159,0,159,0,159,0,159,0,159,0,159,0,159,0,159,0,159,0,159,0,159,0,159,0,159,0,159,0,159,0,159,0,159,0,159,0,159,0,159,0,159,0,159,0,159,0,159,0,159,0,159,0,159,0,159,0,159,0,159,0,159,0,159,0,159,0,159,0,159,0,159,0,159,0,159,0,159,0,159,0,159,0,159,0,159,0,159,0,159,0,159,0,159,0,159,0,159,0,159,0,159,0,159,0
,,160,0,160,0,160,0,160,0,160,0,160,0,160,0,160,0,160,0,160,0,160,0,160,0,160,0,160,0,160,0,160,0,160,0,160,0,160,0,160,0,160,0,160,0,160,0,160,0,160,0,160,0,160,0,160,0,160,0,160,0,160,0,160,0,160,0,160,0,160,0,160,0,160,0,160,0,160,0,160,0,160,0,160,0,160,0,160,0,160,0,160,0,160,0,160,0,160,0,160,0,160,0,160,0,160,0,160,0,160,0,160,0,160,0,160,0,160,0,160,0,160,0,160,0,160,0,160,0,160,0,160,0,160,0,160,0,160,0,160,0,160,0,160,0,160,0,160,0,160,0,160,0,160,0,160,0,160,0,160,0,160,0,160,0,160,0,160,0,160,0,160,0,160,0,160,0,160,0,160,0,160,0,160,0,160,0,160,0,160,0,160,0,160,0,160,0,160,0,160,0,160,0,160,0,160,0,160,0,160,0,160,0,160,0,160,0,160,0,160,0,160,0,160,0,160,0,160,0,160,0,160,0,160,0,160,0,160,0,160,0,160,0,160,0,160,0,160,0,160,0,160,0,160,0,160,0,160,0,160,0,160,0,160,0,160,0,160,0,160,0,160,0,160,0,160,0,160,0,160,0,160,0,160,0,160,0,160,0,160,0,160,0,160,0,160,0,160,0,160,0,160,0,160,0,160,0,160,0,160,0,160,0,160,0,160,0,160,0,160,0,160,3,160,0,160,0,160,0,160,0,160,0,160,0,160,0,160,0,160,0,160,0,160,0,160,0,160,0,160,0,160,0,160,0,160,0,160,0,160,0,160,0,160,0,160,0,160,0,160,0,160,0,160,0,160,0,160,0,160,0,160,0,160,0,160,0,160,0,160,0,160,0,160,0,160,0,160,0,160,0,160,2,160,0,160,0,160,2,160,0,160,0,160,0,160,0,160,0,160,0,160,0,160,0,160,0,160,0,160,0,160,0,160,0,160,0,160,0,160,0,160,0,160,0,160,0,160,0,160,0,160,0,160,0,160,0,160,0,160,0,160,0,160,0,160,0,160,0,160,0,160,0,160,0,160,0,160,0,160,0,160,0,160,0,160,0,160,0,160,0,160,0,160,0,160,0,160,0,160,0,160,0,160,0,160,0,160,0,160,0,160,0,160,0,160,0,160,0,160,0,160,0,160,0,160,0,160,0,160,0,160,0,160,0,160,0,160,0,160,0,160,0,160,0,160,0,160,0,160,0,160,0,160,0,160,0,160,0,160,0,160,0,160,0,160,0,160,0,160,0,160,0,160,0,160,0,160,0,160,0,160,0,160,0,160,0,160,0,160,0,160,0,160,0,160,0,160,0,160,0,160,0,160,0,160,0,160,0,160,0,160,0,160,0,160,0,160,0,160,0,160,0,160,0,160,0,160,0,160,0,160,0,160,0,160,0,160,0,160,0,160,0,160,0,160,0,160,0,160,0,160,0,160,0,160,0,160,0,160,0,160,0,160,0,160,0,160,0,160,0,160,0,160,0,160,0,160,0,160,0,160,0,160,0,160,0,160,0,160,0,160,0,160,0,160,0,160,0,160,0,160,0,160,0,160,0,160,0,160,0,160,0,160,0,160,0,160,0,160,0,160,0,160,0,160,0,160,0,160,0,160,0,160,0,160,0,160,0,160,0,160,0,160,0,160,0,160,0,160,0,160,0,160,0,160,0,160,0,160,0,160,0,160,0,160,0,160,0,160,0,160,0,160,0,160,0,160,0,160,0,160,0,160,0,160,0,160,0,160,0,160,0,160,0,160,0,160,0,160,0,160,0,160,0,160,0,160,0,160,0,160,0,160,0,160,0,160,0,160,0,160,0,160,0,160,0,160,0,160,0,160,0,160,0,160,0,160,0,160,0,160,0,160,0,160,0,160,0,160,0,160,0,160,0,160,0,160,0,160,0,160,0,160,0,160,0,160,0,160,0,160,0,160,0,160,0,160,0,160,0,160,0,160,0,160,0,160,0,160,0,160,0,160,0,160,0,160,0,160,0,160,0,160,0,160,0,160,0,160,0,160,0,160,0,160,0,160,0,160,0,160,0,160,0,160,0,160,0,160,0,160,0,160,0,160,0,160,0,160,0,160,0,160,0,160,0,160,0,160,0,160,0,160,0,160,0,160,0,160,0,160,0,160,0,160,0,160,0,160,0,160,0,160,0,160,0,160,0,160,0,160,0,160,0,160,0,160,0,160,0,160,0,160,0,160,0,160,0,160,0,160,0,160,0,160,0,160,0,160,0,160,0,160,0,160,0,160,0,160,0,160,0,160,0,160,0,160,0,160,0,160,0,160,0,160,0,160,0,160,0,160,0,160,0,160,0,160,0,160,0,160,0,160,0,160,0,160,0,160,0,160,0,160,0,160,0,160,0,160,0,160,0,160,0,160,0,160,0,160,0,160,0,160,0,160,0,160,0
,,161,0,161,0,161,0,161,0,161,0,161,0,161,0,161,0,161,0,161,0,161,0,161,0,161,0,161,0,161,0,161,0,161,0,161,0,161,0,161,0,161,0,161,0,161,0,161,0,161,0,161,0,161,0,161,0,161,0,161,0,161,0,161,0,161,0,161,0,161,0,161,0,161,0,161,0,161,0,161,0,161,0,161,0,161,0,161,0,161,0,161,0,161,0,161,0,161,0,161,0,161,0,161,0,161,0,161,0,161,0,161,0,161,0,161,0,161,0,161,0,161,0,161,0,161,0,161,0,161,0,161,0,161,0,161,0,161,0,161,0,161,0,161,0,161,0,161,0,161,0,161,0,161,0,161,0,161,0,161,0,161,0,161,0,161,0,161,0,161,0,161,0,161,0,161,0,161,0,161,0,161,0,161,0,161,0,161,0,161,0,161,0,161,0,161,0,161,0,161,0,161,0,161,0,161,0,161,0,161,0,161,0,161,0,161,0,161,0,161,0,161,0,161,0,161,0,161,0,161,0,161,0,161,0,161,0,161,0,161,0,161,0,161,0,161,0,161,0,161,0,161,0,161,0,161,0,161,0,161,0,161,0,161,0,161,0,161,0,161,0,161,0,161,0,161,0,161,0,161,0,161,0,161,0,161,0,161,0,161,0,161,0,161,0,161,0,161,0,161,0,161,0,161,0,161,0,161,0,161,0,161,0,161,0,161,0,161,0,161,0,161,6,161,0,161,0,161,0,161,0,161,0,161,0,161,0,161,0,161,0,161,0,161,0,161,0,161,0,161,0,161,0,161,0,161,0,161,0,161,0,161,0,161,0,161,0,161,0,161,0,161,0,161,0,161,0,161,0,161,0,161,0,161,0,161,0,161,0,161,0,161,0,161,0,161,0,161,0,161,0,161,8,161,0,161,0,161,6,161,0,161,0,161,0,161,0,161,0,161,0,161,0,161,0,161,0,161,0,161,0,161,0,161,0,161,0,161,0,161,0,161,0,161,0,161,0,161,0,161,0,161,0,161,0,161,0,161,0,161,0,161,0,161,0,161,0,161,0,161,0,161,0,161,0,161,0,161,0,161,0,161,0,161,0,161,0,161,0,161,0,161,0,161,0,161,0,161,0,161,0,161,0,161,0,161,0,161,0,161,0,161,0,161,0,161,0,161,0,161,0,161,0,161,0,161,0,161,0,161,0,161,0,161,0,161,0,161,0,161,0,161,0,161,0,161,0,161,0,161,0,161,0,161,0,161,0,161,0,161,0,161,0,161,0,161,0,161,0,161,0,161,0,161,0,161,0,161,0,161,0,161,0,161,0,161,0,161,0,161,0,161,0,161,0,161,0,161,0,161,0,161,0,161,0,161,0,161,0,161,0,161,0,161,0,161,0,161,0,161,0,161,0,161,0,161,0,161,0,161,0,161,0,161,0,161,0,161,0,161,0,161,0,161,0,161,0,161,0,161,0,161,0,161,0,161,0,161,0,161,0,161,0,161,0,161,0,161,0,161,0,161,0,161,0,161,0,161,0,161,0,161,0,161,0,161,0,161,0,161,0,161,0,161,0,161,0,161,0,161,0,161,0,161,0,161,0,161,0,161,0,161,0,161,0,161,0,161,0,161,0,161,0,161,0,161,0,161,0,161,0,161,0,161,0,161,0,161,0,161,0,161,0,161,0,161,0,161,0,161,0,161,0,161,0,161,0,161,0,161,0,161,0,161,0,161,0,161,0,161,0,161,0,161,0,161,0,161,0,161,0,161,0,161,0,161,0,161,0,161,0,161,0,161,0,161,0,161,0,161,0,161,0,161,0,161,0,161,0,161,0,161,0,161,0,161,0,161,0,161,0,161,0,161,0,161,0,161,0,161,0,161,0,161,0,161,0,161,0,161,0,161,0,161,0,161,0,161,0,161,0,161,0,161,0,161,0,161,0,161,0,161,0,161,0,161,0,161,0,161,0,161,0,161,0,161,0,161,0,161,0,161,0,161,0,161,0,161,0,161,0,161,0,161,0,161,0,161,0,161,0,161,0,161,0,161,0,161,0,161,0,161,0,161,0,161,0,161,0,161,0,161,0,161,0,161,0,161,0,161,0,161,0,161,0,161,0,161,0,161,0,161,0,161,0,161,0,161,0,161,0,161,0,161,0,161,0,161,0,161,0,161,0,161,0,161,0,161,0,161,0,161,0,161,0,161,0,161,0,161,0,161,0,161,0,161,0,161,0,161,0,161,0,161,0,161,0,161,0,161,0,161,0,161,0,161,0,161,0,161,0,161,0,161,0,161,0,161,0,161,0,161,0,161,0,161,0,161,0,161,0,161,0,161,0,161,0,161,0,161,0,161,0,161,0,161,0,161,0,161,0,161,0,161,0,161,0,161,0,161,0,161,0,161,0,161,0,161,0,161,0,161,0,161,0,161,0,161,0,161,0,161,0,161,0,161,0,161,0
,,162,0,162,0,162,0,162,0,162,0,162,0,162,0,162,0,162,0,162,0,162,0,162,0,162,0,162,0,162,0,162,0,162,0,162,0,162,0,162,0,162,0,162,0,162,0,162,0,162,0,162,0,162,0,162,0,162,0,162,0,162,0,162,0,162,0,162,0,162,0,162,0,162,0,162,0,162,0,162,0,162,0,162,0,162,0,162,0,162,0,162,0,162,0,162,0,162,0,162,0,162,0,162,0,162,0,162,0,162,0,162,0,162,0,162,0,162,0,162,0,162,0,162,0,162,0,162,0,162,0,162,0,162,0,162,0,162,0,162,0,162,0,162,0,162,0,162,0,162,0,162,0,162,0,162,0,162,0,162,0,162,0,162,0,162,0,162,0,162,0,162,0,162,0,162,0,162,0,162,0,162,0,162,0,162,0,162,0,162,0,162,0,162,0,162,0,162,0,162,0,162,0,162,0,162,0,162,0,162,0,162,0,162,0,162,0,162,0,162,0,162,0,162,0,162,0,162,0,162,0,162,0,162,0,162,0,162,0,162,0,162,0,162,0,162,0,162,0,162,0,162,0,162,0,162,0,162,0,162,0,162,0,162,0,162,0,162,0,162,0,162,0,162,0,162,0,162,0,162,0,162,0,162,0,162,0,162,0,162,0,162,0,162,0,162,0,162,0,162,0,162,0,162,0,162,0,162,0,162,0,162,0,162,0,162,0,162,0,162,0,162,16,162,0,162,0,162,0,162,0,162,0,162,0,162,0,162,0,162,0,162,0,162,0,162,0,162,0,162,0,162,0,162,0,162,0,162,0,162,0,162,0,162,0,162,0,162,0,162,0,162,0,162,0,162,0,162,0,162,0,162,0,162,0,162,0,162,0,162,0,162,0,162,0,162,0,162,0,162,0,162,2,162,0,162,0,162,0,162,0,162,0,162,0,162,0,162,0,162,0,162,0,162,0,162,0,162,0,162,0,162,0,162,0,162,0,162,0,162,0,162,0,162,0,162,0,162,0,162,0,162,0,162,0,162,0,162,0,162,0,162,0,162,0,162,0,162,0,162,0,162,0,162,0,162,0,162,0,162,0,162,0,162,0,162,0,162,0,162,0,162,0,162,0,162,0,162,0,162,0,162,0,162,0,162,0,162,0,162,0,162,0,162,0,162,0,162,0,162,0,162,0,162,0,162,0,162,0,162,0,162,0,162,0,162,0,162,0,162,0,162,0,162,0,162,0,162,0,162,0,162,0,162,0,162,0,162,0,162,0,162,0,162,0,162,0,162,0,162,0,162,0,162,0,162,0,162,0,162,0,162,0,162,0,162,0,162,0,162,0,162,0,162,0,162,0,162,0,162,0,162,0,162,0,162,0,162,0,162,0,162,0,162,0,162,0,162,0,162,0,162,0,162,0,162,0,162,0,162,0,162,0,162,0,162,0,162,0,162,0,162,0,162,0,162,0,162,0,162,0,162,0,162,0,162,0,162,0,162,0,162,0,162,0,162,0,162,0,162,0,162,0,162,0,162,0,162,0,162,0,162,0,162,0,162,0,162,0,162,0,162,0,162,0,162,0,162,0,162,0,162,0,162,0,162,0,162,0,162,0,162,0,162,0,162,0,162,0,162,0,162,0,162,0,162,0,162,0,162,0,162,0,162,0,162,0,162,0,162,0,162,0,162,0,162,0,162,0,162,0,162,0,162,0,162,0,162,0,162,0,162,0,162,0,162,0,162,0,162,0,162,0,162,0,162,0,162,0,162,0,162,0,162,0,162,0,162,0,162,0,162,0,162,0,162,0,162,0,162,0,162,0,162,0,162,0,162,0,162,0,162,0,162,0,162,0,162,0,162,0,162,0,162,0,162,0,162,0,162,0,162,0,162,0,162,0,162,0,162,0,162,0,162,0,162,0,162,0,162,0,162,0,162,0,162,0,162,0,162,0,162,0,162,0,162,0,162,0,162,0,162,0,162,0,162,0,162,0,162,0,162,0,162,0,162,0,162,0,162,0,162,0,162,0,162,0,162,0,162,0,162,0,162,0,162,0,162,0,162,0,162,0,162,0,162,0,162,0,162,0,162,0,162,0,162,0,162,0,162,0,162,0,162,0,162,0,162,0,162,0,162,0,162,0,162,0,162,0,162,0,162,0,162,0,162,0,162,0,162,0,162,0,162,0,162,0,162,0,162,0,162,0,162,0,162,0,162,0,162,0,162,0,162,0,162,0,162,0,162,0,162,0,162,0,162,0,162,0,162,0,162,0,162,0,162,0,162,0,162,0,162,0,162,0,162,0,162,0,162,0,162,0,162,0,162,0,162,0,162,0,162,0,162,0,162,0,162,0,162,0,162,0,162,0,162,0,162,0,162,0,162,0,162,0,162,0,162,0,162,0,162,0,162,0,162,0,162,0,162,0,162,0,162,0,162,0,162,0,162,0,162,0,162,0,162,0,162,0
,,163,0,163,0,163,0,163,0,163,0,163,0,163,0,163,0,163,0,163,0,163,0,163,0,163,0,163,0,163,0,163,0,163,0,163,0,163,0,163,0,163,0,163,0,163,0,163,0,163,0,163,0,163,0,163,0,163,0,163,0,163,0,163,0,163,0,163,0,163,0,163,0,163,0,163,0,163,0,163,0,163,0,163,0,163,0,163,0,163,0,163,0,163,0,163,0,163,0,163,0,163,0,163,0,163,0,163,0,163,0,163,0,163,0,163,0,163,0,163,0,163,0,163,0,163,0,163,0,163,0,163,0,163,0,163,0,163,0,163,0,163,0,163,0,163,0,163,0,163,0,163,0,163,0,163,0,163,0,163,0,163,0,163,0,163,0,163,0,163,0,163,0,163,0,163,0,163,0,163,0,163,0,163,0,163,0,163,0,163,0,163,0,163,0,163,0,163,0,163,0,163,0,163,0,163,0,163,0,163,0,163,0,163,0,163,0,163,0,163,0,163,0,163,0,163,0,163,0,163,0,163,0,163,0,163,0,163,0,163,0,163,0,163,0,163,0,163,0,163,0,163,0,163,0,163,0,163,0,163,0,163,0,163,0,163,0,163,0,163,0,163,0,163,0,163,0,163,0,163,0,163,0,163,0,163,0,163,0,163,0,163,0,163,0,163,0,163,0,163,0,163,0,163,0,163,0,163,0,163,0,163,0,163,0,163,0,163,0,163,0,163,12,163,0,163,0,163,0,163,0,163,0,163,0,163,0,163,0,163,0,163,0,163,0,163,0,163,0,163,0,163,0,163,0,163,0,163,0,163,0,163,0,163,0,163,0,163,0,163,0,163,0,163,0,163,0,163,0,163,0,163,0,163,0,163,0,163,0,163,0,163,0,163,0,163,0,163,0,163,0,163,4,163,0,163,0,163,0,163,0,163,0,163,0,163,0,163,0,163,0,163,0,163,0,163,0,163,0,163,0,163,0,163,0,163,0,163,0,163,0,163,0,163,0,163,0,163,0,163,0,163,0,163,0,163,0,163,0,163,0,163,0,163,0,163,0,163,0,163,0,163,0,163,0,163,0,163,0,163,0,163,0,163,0,163,0,163,0,163,0,163,0,163,0,163,0,163,0,163,0,163,0,163,0,163,0,163,0,163,0,163,0,163,0,163,0,163,0,163,0,163,0,163,0,163,0,163,0,163,0,163,0,163,0,163,0,163,0,163,0,163,0,163,0,163,0,163,0,163,0,163,0,163,0,163,0,163,0,163,0,163,0,163,0,163,0,163,0,163,0,163,0,163,0,163,0,163,0,163,0,163,0,163,0,163,0,163,0,163,0,163,0,163,0,163,0,163,0,163,0,163,0,163,0,163,0,163,0,163,0,163,0,163,0,163,0,163,0,163,0,163,0,163,0,163,0,163,0,163,0,163,0,163,0,163,0,163,0,163,0,163,0,163,0,163,0,163,0,163,0,163,0,163,0,163,0,163,0,163,0,163,0,163,0,163,0,163,0,163,0,163,0,163,0,163,0,163,0,163,0,163,0,163,0,163,0,163,0,163,0,163,0,163,0,163,0,163,0,163,0,163,0,163,0,163,0,163,0,163,0,163,0,163,0,163,0,163,0,163,0,163,0,163,0,163,0,163,0,163,0,163,0,163,0,163,0,163,0,163,0,163,0,163,0,163,0,163,0,163,0,163,0,163,0,163,0,163,0,163,0,163,0,163,0,163,0,163,0,163,0,163,0,163,0,163,0,163,0,163,0,163,0,163,0,163,0,163,0,163,0,163,0,163,0,163,0,163,0,163,0,163,0,163,0,163,0,163,0,163,0,163,0,163,0,163,0,163,0,163,0,163,0,163,0,163,0,163,0,163,0,163,0,163,0,163,0,163,0,163,0,163,0,163,0,163,0,163,0,163,0,163,0,163,0,163,0,163,0,163,0,163,0,163,0,163,0,163,0,163,0,163,0,163,0,163,0,163,0,163,0,163,0,163,0,163,0,163,0,163,0,163,0,163,0,163,0,163,0,163,0,163,0,163,0,163,0,163,0,163,0,163,0,163,0,163,0,163,0,163,0,163,0,163,0,163,0,163,0,163,0,163,0,163,0,163,0,163,0,163,0,163,0,163,0,163,0,163,0,163,0,163,0,163,0,163,0,163,0,163,0,163,0,163,0,163,0,163,0,163,0,163,0,163,0,163,0,163,0,163,0,163,0,163,0,163,0,163,0,163,0,163,0,163,0,163,0,163,0,163,0,163,0,163,0,163,0,163,0,163,0,163,0,163,0,163,0,163,0,163,0,163,0,163,0,163,0,163,0,163,0,163,0,163,0,163,0,163,0,163,0,163,0,163,0,163,0,163,0,163,0,163,0,163,0,163,0,163,0,163,0,163,0,163,0,163,0,163,0,163,0,163,0,163,0,163,0,163,0,163,0,163,0,163,0,163,0,163,0
,,164,0,164,0,164,0,164,0,164,0,164,0,164,0,164,0,164,0,164,0,164,0,164,0,164,0,164,0,164,0,164,0,164,0,164,0,164,0,164,0,164,0,164,0,164,0,164,0,164,0,164,0,164,0,164,0,164,0,164,0,164,0,164,0,164,0,164,0,164,0,164,0,164,0,164,0,164,0,164,0,164,0,164,0,164,0,164,0,164,0,164,0,164,0,164,0,164,0,164,0,164,0,164,0,164,0,164,0,164,0,164,0,164,0,164,0,164,0,164,0,164,0,164,0,164,0,164,0,164,0,164,0,164,0,164,0,164,0,164,0,164,0,164,0,164,0,164,0,164,0,164,0,164,0,164,0,164,0,164,0,164,0,164,0,164,0,164,0,164,0,164,0,164,0,164,0,164,0,164,0,164,0,164,0,164,0,164,0,164,0,164,0,164,0,164,0,164,0,164,0,164,0,164,0,164,0,164,0,164,0,164,0,164,0,164,0,164,0,164,0,164,0,164,0,164,0,164,0,164,0,164,0,164,0,164,0,164,0,164,0,164,0,164,0,164,0,164,0,164,0,164,0,164,0,164,0,164,0,164,0,164,0,164,0,164,0,164,0,164,0,164,0,164,0,164,0,164,0,164,0,164,0,164,0,164,0,164,0,164,0,164,0,164,0,164,0,164,0,164,0,164,0,164,0,164,0,164,0,164,0,164,0,164,0,164,0,164,0,164,0,164,0,164,0,164,0,164,0,164,0,164,0,164,0,164,0,164,0,164,0,164,0,164,0,164,0,164,0,164,0,164,0,164,0,164,0,164,0,164,0,164,0,164,0,164,0,164,0,164,0,164,0,164,0,164,0,164,0,164,0,164,0,164,0,164,0,164,0,164,0,164,0,164,0,164,0,164,0,164,0,164,2,164,0,164,0,164,5,164,0,164,0,164,0,164,0,164,0,164,0,164,0,164,0,164,0,164,0,164,0,164,0,164,0,164,0,164,0,164,0,164,0,164,0,164,0,164,0,164,0,164,0,164,0,164,0,164,0,164,0,164,0,164,0,164,0,164,0,164,0,164,0,164,0,164,0,164,0,164,0,164,0,164,0,164,0,164,0,164,0,164,0,164,0,164,0,164,0,164,0,164,0,164,0,164,0,164,0,164,0,164,0,164,0,164,0,164,0,164,0,164,0,164,0,164,0,164,0,164,0,164,0,164,0,164,0,164,0,164,0,164,0,164,0,164,0,164,0,164,0,164,0,164,0,164,0,164,0,164,0,164,0,164,0,164,0,164,0,164,0,164,0,164,0,164,0,164,0,164,0,164,0,164,0,164,0,164,0,164,0,164,0,164,0,164,0,164,0,164,0,164,0,164,0,164,0,164,0,164,0,164,0,164,0,164,0,164,0,164,0,164,0,164,0,164,0,164,0,164,0,164,0,164,0,164,0,164,0,164,0,164,0,164,0,164,0,164,0,164,0,164,0,164,0,164,0,164,0,164,0,164,0,164,0,164,0,164,0,164,0,164,0,164,0,164,0,164,0,164,0,164,0,164,0,164,0,164,0,164,0,164,0,164,0,164,0,164,0,164,0,164,0,164,0,164,0,164,0,164,0,164,0,164,0,164,0,164,0,164,0,164,0,164,0,164,0,164,0,164,0,164,0,164,0,164,0,164,0,164,0,164,0,164,0,164,0,164,0,164,0,164,0,164,0,164,0,164,0,164,0,164,0,164,0,164,0,164,0,164,0,164,0,164,0,164,0,164,0,164,0,164,0,164,0,164,0,164,0,164,0,164,0,164,0,164,0,164,0,164,0,164,0,164,0,164,0,164,0,164,0,164,0,164,0,164,0,164,0,164,0,164,0,164,0,164,0,164,0,164,0,164,0,164,0,164,0,164,0,164,0,164,0,164,0,164,0,164,0,164,0,164,0,164,0,164,0,164,0,164,0,164,0,164,0,164,0,164,0,164,0,164,0,164,0,164,0,164,0,164,0,164,0,164,0,164,0,164,0,164,0,164,0,164,0,164,0,164,0,164,0,164,0,164,0,164,0,164,0,164,0,164,0,164,0,164,0,164,0,164,0,164,0,164,0,164,0,164,0,164,0,164,0,164,0,164,0,164,0,164,0,164,0,164,0,164,0,164,0,164,0,164,0,164,0,164,0,164,0,164,0,164,0,164,0,164,0,164,0,164,0,164,0,164,0,164,0,164,0,164,0,164,0,164,0,164,0,164,0,164,0,164,0,164,0,164,0,164,0,164,0,164,0,164,0,164,0,164,0,164,0,164,0,164,0,164,0,164,0,164,0,164,0,164,0,164,0,164,0,164,0,164,0,164,0,164,0,164,0,164,0,164,0,164,0,164,0,164,0,164,0,164,0,164,0,164,0,164,0,164,0,164,0,164,0,164,0,164,0,164,0,164,0,164,0,164,0,164,0,164,0,164,0,164,0,164,0,164,0
,,165,0,165,0,165,0,165,0,165,0,165,0,165,0,165,0,165,0,165,0,165,0,165,0,165,0,165,0,165,0,165,0,165,0,165,0,165,0,165,0,165,0,165,0,165,0,165,0,165,0,165,0,165,0,165,0,165,0,165,0,165,0,165,0,165,0,165,0,165,0,165,0,165,0,165,0,165,0,165,0,165,0,165,0,165,0,165,0,165,0,165,0,165,0,165,0,165,0,165,0,165,0,165,0,165,0,165,0,165,0,165,0,165,0,165,0,165,0,165,0,165,0,165,0,165,0,165,0,165,0,165,0,165,0,165,0,165,0,165,0,165,0,165,0,165,0,165,0,165,0,165,0,165,0,165,0,165,0,165,0,165,0,165,0,165,0,165,0,165,0,165,0,165,0,165,0,165,0,165,0,165,0,165,0,165,0,165,0,165,0,165,0,165,0,165,0,165,0,165,0,165,0,165,0,165,0,165,0,165,0,165,0,165,0,165,0,165,0,165,0,165,0,165,0,165,0,165,0,165,0,165,0,165,0,165,0,165,0,165,0,165,0,165,0,165,0,165,0,165,0,165,0,165,0,165,0,165,0,165,0,165,0,165,0,165,0,165,0,165,0,165,0,165,0,165,0,165,0,165,0,165,0,165,0,165,0,165,0,165,0,165,0,165,0,165,0,165,0,165,0,165,0,165,0,165,0,165,0,165,0,165,0,165,0,165,0,165,0,165,0,165,2,165,0,165,0,165,0,165,0,165,0,165,0,165,0,165,0,165,0,165,0,165,0,165,0,165,0,165,0,165,0,165,0,165,0,165,0,165,0,165,0,165,0,165,0,165,0,165,0,165,0,165,0,165,0,165,0,165,0,165,0,165,0,165,0,165,0,165,0,165,0,165,0,165,0,165,0,165,0,165,4,165,0,165,0,165,2,165,0,165,0,165,0,165,0,165,0,165,0,165,0,165,0,165,0,165,0,165,0,165,0,165,0,165,0,165,0,165,0,165,0,165,0,165,0,165,0,165,0,165,0,165,0,165,0,165,0,165,0,165,0,165,0,165,0,165,0,165,0,165,0,165,0,165,0,165,0,165,0,165,0,165,0,165,0,165,0,165,0,165,0,165,0,165,0,165,0,165,0,165,0,165,0,165,0,165,0,165,0,165,0,165,0,165,0,165,0,165,0,165,0,165,0,165,0,165,0,165,0,165,0,165,0,165,0,165,0,165,0,165,0,165,0,165,0,165,0,165,0,165,0,165,0,165,0,165,0,165,0,165,0,165,0,165,0,165,0,165,0,165,0,165,0,165,0,165,0,165,0,165,0,165,0,165,0,165,0,165,0,165,0,165,0,165,0,165,0,165,0,165,0,165,0,165,0,165,0,165,0,165,0,165,0,165,0,165,0,165,0,165,0,165,0,165,0,165,0,165,0,165,0,165,0,165,0,165,0,165,0,165,0,165,0,165,0,165,0,165,0,165,0,165,0,165,0,165,0,165,0,165,0,165,0,165,0,165,0,165,0,165,0,165,0,165,0,165,0,165,0,165,0,165,0,165,0,165,0,165,0,165,0,165,0,165,0,165,0,165,0,165,0,165,0,165,0,165,0,165,0,165,0,165,0,165,0,165,0,165,0,165,0,165,0,165,0,165,0,165,0,165,0,165,0,165,0,165,0,165,0,165,0,165,0,165,0,165,0,165,0,165,0,165,0,165,0,165,0,165,0,165,0,165,0,165,0,165,0,165,0,165,0,165,0,165,0,165,0,165,0,165,0,165,0,165,0,165,0,165,0,165,0,165,0,165,0,165,0,165,0,165,0,165,0,165,0,165,0,165,0,165,0,165,0,165,0,165,0,165,0,165,0,165,0,165,0,165,0,165,0,165,0,165,0,165,0,165,0,165,0,165,0,165,0,165,0,165,0,165,0,165,0,165,0,165,0,165,0,165,0,165,0,165,0,165,0,165,0,165,0,165,0,165,0,165,0,165,0,165,0,165,0,165,0,165,0,165,0,165,0,165,0,165,0,165,0,165,0,165,0,165,0,165,0,165,0,165,0,165,0,165,0,165,0,165,0,165,0,165,0,165,0,165,0,165,0,165,0,165,0,165,0,165,0,165,0,165,0,165,0,165,0,165,0,165,0,165,0,165,0,165,0,165,0,165,0,165,0,165,0,165,0,165,0,165,0,165,0,165,0,165,0,165,0,165,0,165,0,165,0,165,0,165,0,165,0,165,0,165,0,165,0,165,0,165,0,165,0,165,0,165,0,165,0,165,0,165,0,165,0,165,0,165,0,165,0,165,0,165,0,165,0,165,0,165,0,165,0,165,0,165,0,165,0,165,0,165,0,165,0,165,0,165,0,165,0,165,0,165,0,165,0,165,0,165,0,165,0,165,0,165,0,165,0,165,0,165,0,165,0,165,0,165,0,165,0,165,0,165,0,165,0,165,0,165,0,165,0
,,166,0,166,0,166,0,166,0,166,0,166,0,166,0,166,0,166,0,166,0,166,0,166,0,166,0,166,0,166,0,166,0,166,0,166,0,166,0,166,0,166,0,166,0,166,0,166,0,166,0,166,0,166,0,166,0,166,0,166,0,166,0,166,0,166,0,166,0,166,0,166,0,166,0,166,0,166,0,166,0,166,0,166,0,166,0,166,0,166,0,166,0,166,0,166,0,166,0,166,0,166,0,166,0,166,0,166,0,166,0,166,0,166,0,166,0,166,0,166,0,166,0,166,0,166,0,166,0,166,0,166,0,166,0,166,0,166,0,166,0,166,0,166,0,166,0,166,0,166,0,166,0,166,0,166,0,166,0,166,0,166,0,166,0,166,0,166,0,166,0,166,0,166,0,166,0,166,0,166,0,166,0,166,0,166,0,166,0,166,0,166,0,166,0,166,0,166,0,166,0,166,0,166,0,166,0,166,0,166,0,166,0,166,0,166,0,166,0,166,0,166,0,166,0,166,0,166,0,166,0,166,0,166,0,166,0,166,0,166,0,166,0,166,0,166,0,166,0,166,0,166,0,166,0,166,0,166,0,166,0,166,0,166,0,166,0,166,0,166,0,166,0,166,0,166,0,166,0,166,0,166,0,166,0,166,0,166,0,166,0,166,0,166,0,166,0,166,0,166,0,166,0,166,0,166,0,166,0,166,0,166,0,166,0,166,0,166,0,166,0,166,3,166,0,166,0,166,0,166,0,166,0,166,0,166,0,166,0,166,0,166,0,166,0,166,0,166,0,166,0,166,0,166,0,166,0,166,0,166,0,166,0,166,0,166,0,166,0,166,0,166,0,166,0,166,0,166,0,166,0,166,0,166,0,166,0,166,0,166,0,166,0,166,0,166,0,166,0,166,0,166,1,166,0,166,0,166,0,166,0,166,0,166,0,166,0,166,0,166,0,166,0,166,0,166,0,166,0,166,0,166,0,166,0,166,0,166,0,166,0,166,0,166,0,166,0,166,0,166,0,166,0,166,0,166,0,166,0,166,0,166,0,166,0,166,0,166,0,166,0,166,0,166,0,166,0,166,0,166,0,166,0,166,0,166,0,166,0,166,0,166,0,166,0,166,0,166,0,166,0,166,0,166,0,166,0,166,0,166,0,166,0,166,0,166,0,166,0,166,0,166,0,166,0,166,0,166,0,166,0,166,0,166,0,166,0,166,0,166,0,166,0,166,0,166,0,166,0,166,0,166,0,166,0,166,0,166,0,166,0,166,0,166,0,166,0,166,0,166,0,166,0,166,0,166,0,166,0,166,0,166,0,166,0,166,0,166,0,166,0,166,0,166,0,166,0,166,0,166,0,166,0,166,0,166,0,166,0,166,0,166,0,166,0,166,0,166,0,166,0,166,0,166,0,166,0,166,0,166,0,166,0,166,0,166,0,166,0,166,0,166,0,166,0,166,0,166,0,166,0,166,0,166,0,166,0,166,0,166,0,166,0,166,0,166,0,166,0,166,0,166,0,166,0,166,0,166,0,166,0,166,0,166,0,166,0,166,0,166,0,166,0,166,0,166,0,166,0,166,0,166,0,166,0,166,0,166,0,166,0,166,0,166,0,166,0,166,0,166,0,166,0,166,0,166,0,166,0,166,0,166,0,166,0,166,0,166,0,166,0,166,0,166,0,166,0,166,0,166,0,166,0,166,0,166,0,166,0,166,0,166,0,166,0,166,0,166,0,166,0,166,0,166,0,166,0,166,0,166,0,166,0,166,0,166,0,166,0,166,0,166,0,166,0,166,0,166,0,166,0,166,0,166,0,166,0,166,0,166,0,166,0,166,0,166,0,166,0,166,0,166,0,166,0,166,0,166,0,166,0,166,0,166,0,166,0,166,0,166,0,166,0,166,0,166,0,166,0,166,0,166,0,166,0,166,0,166,0,166,0,166,0,166,0,166,0,166,0,166,0,166,0,166,0,166,0,166,0,166,0,166,0,166,0,166,0,166,0,166,0,166,0,166,0,166,0,166,0,166,0,166,0,166,0,166,0,166,0,166,0,166,0,166,0,166,0,166,0,166,0,166,0,166,0,166,0,166,0,166,0,166,0,166,0,166,0,166,0,166,0,166,0,166,0,166,0,166,0,166,0,166,0,166,0,166,0,166,0,166,0,166,0,166,0,166,0,166,0,166,0,166,0,166,0,166,0,166,0,166,0,166,0,166,0,166,0,166,0,166,0,166,0,166,0,166,0,166,0,166,0,166,0,166,0,166,0,166,0,166,0,166,0,166,0,166,0,166,0,166,0,166,0,166,0,166,0,166,0,166,0,166,0,166,0,166,0,166,0,166,0,166,0,166,0,166,0,166,0,166,0,166,0,166,0,166,0,166,0,166,0,166,0,166,0,166,0,166,0,166,0,166,0,166,0,166,0,166,0,166,0,166,0,166,0,166,0,166,0
,,167,0,167,0,167,0,167,0,167,0,167,0,167,0,167,0,167,0,167,0,167,0,167,0,167,0,167,0,167,0,167,0,167,0,167,0,167,0,167,0,167,0,167,0,167,0,167,0,167,0,167,0,167,0,167,0,167,0,167,0,167,0,167,0,167,0,167,0,167,0,167,0,167,0,167,0,167,0,167,0,167,0,167,0,167,0,167,0,167,0,167,0,167,0,167,0,167,0,167,0,167,0,167,0,167,0,167,0,167,0,167,0,167,0,167,0,167,0,167,0,167,0,167,0,167,0,167,0,167,0,167,0,167,0,167,0,167,0,167,0,167,0,167,0,167,0,167,0,167,0,167,0,167,0,167,0,167,0,167,0,167,0,167,0,167,0,167,0,167,0,167,0,167,0,167,0,167,0,167,0,167,0,167,0,167,0,167,0,167,0,167,0,167,0,167,0,167,0,167,0,167,0,167,0,167,0,167,0,167,0,167,0,167,0,167,0,167,0,167,0,167,0,167,0,167,0,167,0,167,0,167,0,167,0,167,0,167,0,167,0,167,0,167,0,167,0,167,0,167,0,167,0,167,0,167,0,167,0,167,0,167,0,167,0,167,0,167,0,167,0,167,0,167,0,167,0,167,0,167,0,167,0,167,0,167,0,167,0,167,0,167,0,167,0,167,0,167,0,167,0,167,0,167,0,167,0,167,0,167,0,167,0,167,0,167,0,167,0,167,0,167,2,167,0,167,0,167,0,167,0,167,0,167,0,167,0,167,0,167,0,167,0,167,0,167,0,167,0,167,0,167,0,167,0,167,0,167,0,167,0,167,0,167,0,167,0,167,0,167,0,167,0,167,0,167,0,167,0,167,0,167,0,167,0,167,0,167,0,167,0,167,0,167,0,167,0,167,0,167,0,167,1,167,0,167,0,167,1,167,0,167,0,167,0,167,0,167,0,167,0,167,0,167,0,167,0,167,0,167,0,167,0,167,0,167,0,167,0,167,0,167,0,167,0,167,0,167,0,167,0,167,0,167,0,167,0,167,0,167,0,167,0,167,0,167,0,167,0,167,0,167,0,167,0,167,0,167,0,167,0,167,0,167,0,167,0,167,0,167,0,167,0,167,0,167,0,167,0,167,0,167,0,167,0,167,0,167,0,167,0,167,0,167,0,167,0,167,0,167,0,167,0,167,0,167,0,167,0,167,0,167,0,167,0,167,0,167,0,167,0,167,0,167,0,167,0,167,0,167,0,167,0,167,0,167,0,167,0,167,0,167,0,167,0,167,0,167,0,167,0,167,0,167,0,167,0,167,0,167,0,167,0,167,0,167,0,167,0,167,0,167,0,167,0,167,0,167,0,167,0,167,0,167,0,167,0,167,0,167,0,167,0,167,0,167,0,167,0,167,0,167,0,167,0,167,0,167,0,167,0,167,0,167,0,167,0,167,0,167,0,167,0,167,0,167,0,167,0,167,0,167,0,167,0,167,0,167,0,167,0,167,0,167,0,167,0,167,0,167,0,167,0,167,0,167,0,167,0,167,0,167,0,167,0,167,0,167,0,167,0,167,0,167,0,167,0,167,0,167,0,167,0,167,0,167,0,167,0,167,0,167,0,167,0,167,0,167,0,167,0,167,0,167,0,167,0,167,0,167,0,167,0,167,0,167,0,167,0,167,0,167,0,167,0,167,0,167,0,167,0,167,0,167,0,167,0,167,0,167,0,167,0,167,0,167,0,167,0,167,0,167,0,167,0,167,0,167,0,167,0,167,0,167,0,167,0,167,0,167,0,167,0,167,0,167,0,167,0,167,0,167,0,167,0,167,0,167,0,167,0,167,0,167,0,167,0,167,0,167,0,167,0,167,0,167,0,167,0,167,0,167,0,167,0,167,0,167,0,167,0,167,0,167,0,167,0,167,0,167,0,167,0,167,0,167,0,167,0,167,0,167,0,167,0,167,0,167,0,167,0,167,0,167,0,167,0,167,0,167,0,167,0,167,0,167,0,167,0,167,0,167,0,167,0,167,0,167,0,167,0,167,0,167,0,167,0,167,0,167,0,167,0,167,0,167,0,167,0,167,0,167,0,167,0,167,0,167,0,167,0,167,0,167,0,167,0,167,0,167,0,167,0,167,0,167,0,167,0,167,0,167,0,167,0,167,0,167,0,167,0,167,0,167,0,167,0,167,0,167,0,167,0,167,0,167,0,167,0,167,0,167,0,167,0,167,0,167,0,167,0,167,0,167,0,167,0,167,0,167,0,167,0,167,0,167,0,167,0,167,0,167,0,167,0,167,0,167,0,167,0,167,0,167,0,167,0,167,0,167,0,167,0,167,0,167,0,167,0,167,0,167,0,167,0,167,0,167,0,167,0,167,0,167,0,167,0,167,0,167,0,167,0,167,0,167,0,167,0,167,0,167,0,167,0,167,0,167,0,167,0,167,0,167,0,167,0,167,0
,,168,0,168,0,168,0,168,0,168,0,168,0,168,0,168,0,168,0,168,0,168,0,168,0,168,0,168,0,168,0,168,0,168,0,168,0,168,0,168,0,168,0,168,0,168,0,168,0,168,0,168,0,168,0,168,0,168,0,168,0,168,0,168,0,168,0,168,0,168,0,168,0,168,0,168,0,168,0,168,0,168,0,168,0,168,0,168,0,168,0,168,0,168,0,168,0,168,0,168,0,168,0,168,0,168,0,168,0,168,0,168,0,168,0,168,0,168,0,168,0,168,0,168,0,168,0,168,0,168,0,168,0,168,0,168,0,168,0,168,0,168,0,168,0,168,0,168,0,168,0,168,0,168,0,168,0,168,0,168,0,168,0,168,0,168,0,168,0,168,0,168,0,168,0,168,0,168,0,168,0,168,0,168,0,168,0,168,0,168,0,168,0,168,0,168,0,168,0,168,0,168,0,168,0,168,0,168,0,168,0,168,0,168,0,168,0,168,0,168,0,168,0,168,0,168,0,168,0,168,0,168,0,168,0,168,0,168,0,168,0,168,0,168,0,168,0,168,0,168,0,168,0,168,0,168,0,168,0,168,0,168,0,168,0,168,0,168,0,168,0,168,0,168,0,168,0,168,0,168,0,168,0,168,0,168,0,168,0,168,0,168,0,168,0,168,0,168,0,168,0,168,0,168,0,168,0,168,0,168,0,168,0,168,0,168,0,168,0,168,0,168,3,168,0,168,0,168,0,168,0,168,0,168,0,168,0,168,0,168,0,168,0,168,0,168,0,168,0,168,0,168,0,168,0,168,0,168,0,168,0,168,0,168,0,168,0,168,0,168,0,168,0,168,0,168,0,168,0,168,0,168,0,168,0,168,0,168,0,168,0,168,0,168,0,168,0,168,0,168,0,168,2,168,0,168,0,168,1,168,0,168,0,168,0,168,0,168,0,168,0,168,0,168,0,168,0,168,0,168,0,168,0,168,0,168,0,168,0,168,0,168,0,168,0,168,0,168,0,168,0,168,0,168,0,168,0,168,0,168,0,168,0,168,0,168,0,168,0,168,0,168,0,168,0,168,0,168,0,168,0,168,0,168,0,168,0,168,0,168,0,168,0,168,0,168,0,168,0,168,0,168,0,168,0,168,0,168,0,168,0,168,0,168,0,168,0,168,0,168,0,168,0,168,0,168,0,168,0,168,0,168,0,168,0,168,0,168,0,168,0,168,0,168,0,168,0,168,0,168,0,168,0,168,0,168,0,168,0,168,0,168,0,168,0,168,0,168,0,168,0,168,0,168,0,168,0,168,0,168,0,168,0,168,0,168,0,168,0,168,0,168,0,168,0,168,0,168,0,168,0,168,0,168,0,168,0,168,0,168,0,168,0,168,0,168,0,168,0,168,0,168,0,168,0,168,0,168,0,168,0,168,0,168,0,168,0,168,0,168,0,168,0,168,0,168,0,168,0,168,0,168,0,168,0,168,0,168,0,168,0,168,0,168,0,168,0,168,0,168,0,168,0,168,0,168,0,168,0,168,0,168,0,168,0,168,0,168,0,168,0,168,0,168,0,168,0,168,0,168,0,168,0,168,0,168,0,168,0,168,0,168,0,168,0,168,0,168,0,168,0,168,0,168,0,168,0,168,0,168,0,168,0,168,0,168,0,168,0,168,0,168,0,168,0,168,0,168,0,168,0,168,0,168,0,168,0,168,0,168,0,168,0,168,0,168,0,168,0,168,0,168,0,168,0,168,0,168,0,168,0,168,0,168,0,168,0,168,0,168,0,168,0,168,0,168,0,168,0,168,0,168,0,168,0,168,0,168,0,168,0,168,0,168,0,168,0,168,0,168,0,168,0,168,0,168,0,168,0,168,0,168,0,168,0,168,0,168,0,168,0,168,0,168,0,168,0,168,0,168,0,168,0,168,0,168,0,168,0,168,0,168,0,168,0,168,0,168,0,168,0,168,0,168,0,168,0,168,0,168,0,168,0,168,0,168,0,168,0,168,0,168,0,168,0,168,0,168,0,168,0,168,0,168,0,168,0,168,0,168,0,168,0,168,0,168,0,168,0,168,0,168,0,168,0,168,0,168,0,168,0,168,0,168,0,168,0,168,0,168,0,168,0,168,0,168,0,168,0,168,0,168,0,168,0,168,0,168,0,168,0,168,0,168,0,168,0,168,0,168,0,168,0,168,0,168,0,168,0,168,0,168,0,168,0,168,0,168,0,168,0,168,0,168,0,168,0,168,0,168,0,168,0,168,0,168,0,168,0,168,0,168,0,168,0,168,0,168,0,168,0,168,0,168,0,168,0,168,0,168,0,168,0,168,0,168,0,168,0,168,0,168,0,168,0,168,0,168,0,168,0,168,0,168,0,168,0,168,0,168,0,168,0,168,0,168,0,168,0,168,0,168,0,168,0,168,0,168,0,168,0,168,0,168,0,168,0,168,0
,,169,0,169,0,169,0,169,0,169,0,169,0,169,0,169,0,169,0,169,0,169,0,169,0,169,0,169,0,169,0,169,0,169,0,169,0,169,0,169,0,169,0,169,0,169,0,169,0,169,0,169,0,169,0,169,0,169,0,169,0,169,0,169,0,169,0,169,0,169,0,169,0,169,0,169,0,169,0,169,0,169,0,169,0,169,0,169,0,169,0,169,0,169,0,169,0,169,0,169,0,169,0,169,0,169,0,169,0,169,0,169,0,169,0,169,0,169,0,169,0,169,0,169,0,169,0,169,0,169,0,169,0,169,0,169,0,169,0,169,0,169,0,169,0,169,0,169,0,169,0,169,0,169,0,169,0,169,0,169,0,169,0,169,0,169,0,169,0,169,0,169,0,169,0,169,0,169,0,169,0,169,0,169,0,169,0,169,0,169,0,169,0,169,0,169,0,169,0,169,0,169,0,169,0,169,0,169,0,169,0,169,0,169,0,169,0,169,0,169,0,169,0,169,0,169,0,169,0,169,0,169,0,169,0,169,0,169,0,169,0,169,0,169,0,169,0,169,0,169,0,169,0,169,0,169,0,169,0,169,0,169,0,169,0,169,0,169,0,169,0,169,0,169,0,169,0,169,0,169,0,169,0,169,0,169,0,169,0,169,0,169,0,169,0,169,0,169,0,169,0,169,0,169,0,169,0,169,0,169,0,169,0,169,0,169,0,169,0,169,0,169,11,169,0,169,0,169,0,169,0,169,0,169,0,169,0,169,0,169,0,169,0,169,0,169,0,169,0,169,0,169,0,169,0,169,0,169,0,169,0,169,0,169,0,169,0,169,0,169,0,169,0,169,0,169,0,169,0,169,0,169,0,169,0,169,0,169,0,169,0,169,0,169,0,169,0,169,0,169,0,169,5,169,0,169,0,169,0,169,0,169,0,169,0,169,0,169,0,169,0,169,0,169,0,169,0,169,0,169,0,169,0,169,0,169,0,169,0,169,0,169,0,169,0,169,0,169,0,169,0,169,0,169,0,169,0,169,0,169,0,169,0,169,0,169,0,169,0,169,0,169,0,169,0,169,0,169,0,169,0,169,0,169,0,169,0,169,0,169,0,169,0,169,0,169,0,169,0,169,0,169,0,169,0,169,0,169,0,169,0,169,0,169,0,169,0,169,0,169,0,169,0,169,0,169,0,169,0,169,0,169,0,169,0,169,0,169,0,169,0,169,0,169,0,169,0,169,0,169,0,169,0,169,0,169,0,169,0,169,0,169,0,169,0,169,0,169,0,169,0,169,0,169,0,169,0,169,0,169,0,169,0,169,0,169,0,169,0,169,0,169,0,169,0,169,0,169,0,169,0,169,0,169,0,169,0,169,0,169,0,169,0,169,0,169,0,169,0,169,0,169,0,169,0,169,0,169,0,169,0,169,0,169,0,169,0,169,0,169,0,169,0,169,0,169,0,169,0,169,0,169,0,169,0,169,0,169,0,169,0,169,0,169,0,169,0,169,0,169,0,169,0,169,0,169,0,169,0,169,0,169,0,169,0,169,0,169,0,169,0,169,0,169,0,169,0,169,0,169,0,169,0,169,0,169,0,169,0,169,0,169,0,169,0,169,0,169,0,169,0,169,0,169,0,169,0,169,0,169,0,169,0,169,0,169,0,169,0,169,0,169,0,169,0,169,0,169,0,169,0,169,0,169,0,169,0,169,0,169,0,169,0,169,0,169,0,169,0,169,0,169,0,169,0,169,0,169,0,169,0,169,0,169,0,169,0,169,0,169,0,169,0,169,0,169,0,169,0,169,0,169,0,169,0,169,0,169,0,169,0,169,0,169,0,169,0,169,0,169,0,169,0,169,0,169,0,169,0,169,0,169,0,169,0,169,0,169,0,169,0,169,0,169,0,169,0,169,0,169,0,169,0,169,0,169,0,169,0,169,0,169,0,169,0,169,0,169,0,169,0,169,0,169,0,169,0,169,0,169,0,169,0,169,0,169,0,169,0,169,0,169,0,169,0,169,0,169,0,169,0,169,0,169,0,169,0,169,0,169,0,169,0,169,0,169,0,169,0,169,0,169,0,169,0,169,0,169,0,169,0,169,0,169,0,169,0,169,0,169,0,169,0,169,0,169,0,169,0,169,0,169,0,169,0,169,0,169,0,169,0,169,0,169,0,169,0,169,0,169,0,169,0,169,0,169,0,169,0,169,0,169,0,169,0,169,0,169,0,169,0,169,0,169,0,169,0,169,0,169,0,169,0,169,0,169,0,169,0,169,0,169,0,169,0,169,0,169,0,169,0,169,0,169,0,169,0,169,0,169,0,169,0,169,0,169,0,169,0,169,0,169,0,169,0,169,0,169,0,169,0,169,0,169,0,169,0,169,0,169,0,169,0,169,0,169,0,169,0,169,0,169,0,169,0,169,0,169,0,169,0,169,0,169,0,169,0,169,0
,,170,0,170,0,170,0,170,0,170,0,170,0,170,0,170,0,170,0,170,0,170,0,170,0,170,0,170,0,170,0,170,0,170,0,170,0,170,0,170,0,170,0,170,0,170,0,170,0,170,0,170,0,170,0,170,0,170,0,170,0,170,0,170,0,170,0,170,0,170,0,170,0,170,0,170,0,170,0,170,0,170,0,170,0,170,0,170,0,170,0,170,0,170,0,170,0,170,0,170,0,170,0,170,0,170,0,170,0,170,0,170,0,170,0,170,0,170,0,170,0,170,0,170,0,170,0,170,0,170,0,170,0,170,0,170,0,170,0,170,0,170,0,170,0,170,0,170,0,170,0,170,0,170,0,170,0,170,0,170,0,170,0,170,0,170,0,170,0,170,0,170,0,170,0,170,0,170,0,170,0,170,0,170,0,170,0,170,0,170,0,170,0,170,0,170,0,170,0,170,0,170,0,170,0,170,0,170,0,170,0,170,0,170,0,170,0,170,0,170,0,170,0,170,0,170,0,170,0,170,0,170,0,170,0,170,0,170,0,170,0,170,0,170,0,170,0,170,0,170,0,170,0,170,0,170,0,170,0,170,0,170,0,170,0,170,0,170,0,170,0,170,0,170,0,170,0,170,0,170,0,170,0,170,0,170,0,170,0,170,0,170,0,170,0,170,0,170,0,170,0,170,0,170,0,170,0,170,0,170,0,170,0,170,0,170,0,170,0,170,0,170,0,170,0,170,0,170,0,170,0,170,0,170,0,170,0,170,0,170,0,170,0,170,0,170,0,170,0,170,0,170,0,170,0,170,0,170,0,170,0,170,0,170,0,170,0,170,0,170,0,170,0,170,0,170,0,170,0,170,0,170,0,170,0,170,0,170,0,170,0,170,0,170,0,170,0,170,0,170,0,170,0,170,0,170,0,170,5,170,0,170,0,170,0,170,0,170,0,170,0,170,0,170,0,170,0,170,0,170,0,170,0,170,0,170,0,170,0,170,0,170,0,170,0,170,0,170,0,170,0,170,0,170,0,170,0,170,0,170,0,170,0,170,0,170,0,170,0,170,0,170,0,170,0,170,0,170,0,170,0,170,0,170,0,170,0,170,0,170,0,170,0,170,0,170,0,170,0,170,0,170,0,170,0,170,0,170,0,170,0,170,0,170,0,170,0,170,0,170,0,170,0,170,0,170,0,170,0,170,0,170,0,170,0,170,0,170,0,170,0,170,0,170,0,170,0,170,0,170,0,170,0,170,0,170,0,170,0,170,0,170,0,170,0,170,0,170,0,170,0,170,0,170,0,170,0,170,0,170,0,170,0,170,0,170,0,170,0,170,0,170,0,170,0,170,0,170,0,170,0,170,0,170,0,170,0,170,0,170,0,170,0,170,0,170,0,170,0,170,0,170,0,170,0,170,0,170,0,170,0,170,0,170,0,170,0,170,0,170,0,170,0,170,0,170,0,170,0,170,0,170,0,170,0,170,0,170,0,170,0,170,0,170,0,170,0,170,0,170,0,170,0,170,0,170,0,170,0,170,0,170,0,170,0,170,0,170,0,170,0,170,0,170,0,170,0,170,0,170,0,170,0,170,0,170,0,170,0,170,0,170,0,170,0,170,0,170,0,170,0,170,0,170,0,170,0,170,0,170,0,170,0,170,0,170,0,170,0,170,0,170,0,170,0,170,0,170,0,170,0,170,0,170,0,170,0,170,0,170,0,170,0,170,0,170,0,170,0,170,0,170,0,170,0,170,0,170,0,170,0,170,0,170,0,170,0,170,0,170,0,170,0,170,0,170,0,170,0,170,0,170,0,170,0,170,0,170,0,170,0,170,0,170,0,170,0,170,0,170,0,170,0,170,0,170,0,170,0,170,0,170,0,170,0,170,0,170,0,170,0,170,0,170,0,170,0,170,0,170,0,170,0,170,0,170,0,170,0,170,0,170,0,170,0,170,0,170,0,170,0,170,0,170,0,170,0,170,0,170,0,170,0,170,0,170,0,170,0,170,0,170,0,170,0,170,0,170,0,170,0,170,0,170,0,170,0,170,0,170,0,170,0,170,0,170,0,170,0,170,0,170,0,170,0,170,0,170,0,170,0,170,0,170,0,170,0,170,0,170,0,170,0,170,0,170,0,170,0,170,0,170,0,170,0,170,0,170,0,170,0,170,0,170,0,170,0,170,0,170,0,170,0,170,0,170,0,170,0,170,0,170,0,170,0,170,0,170,0,170,0,170,0,170,0,170,0,170,0,170,0,170,0,170,0,170,0,170,0,170,0,170,0,170,0,170,0,170,0,170,0,170,0,170,0,170,0,170,0,170,0,170,0,170,0,170,0,170,0,170,0,170,0,170,0,170,0,170,0,170,0,170,0,170,0,170,0,170,0,170,0,170,0,170,0,170,0,170,0,170,0,170,0,170,0,170,0,170,0,170,0,170,0,170,0,170,0,170,0
,,171,0,171,0,171,0,171,0,171,0,171,0,171,0,171,0,171,0,171,0,171,0,171,0,171,0,171,0,171,0,171,0,171,0,171,0,171,0,171,0,171,0,171,0,171,0,171,0,171,0,171,0,171,0,171,0,171,0,171,0,171,0,171,0,171,0,171,0,171,0,171,0,171,0,171,0,171,0,171,0,171,0,171,0,171,0,171,0,171,0,171,0,171,0,171,0,171,0,171,0,171,0,171,0,171,0,171,0,171,0,171,0,171,0,171,0,171,0,171,0,171,0,171,0,171,0,171,0,171,0,171,0,171,0,171,0,171,0,171,0,171,0,171,0,171,0,171,0,171,0,171,0,171,0,171,0,171,0,171,0,171,0,171,0,171,0,171,0,171,0,171,0,171,0,171,0,171,0,171,0,171,0,171,0,171,0,171,0,171,0,171,0,171,0,171,0,171,0,171,0,171,0,171,0,171,0,171,0,171,0,171,0,171,0,171,0,171,0,171,0,171,0,171,0,171,0,171,0,171,0,171,0,171,0,171,0,171,0,171,0,171,0,171,0,171,0,171,0,171,0,171,0,171,0,171,0,171,0,171,0,171,0,171,0,171,0,171,0,171,0,171,0,171,0,171,0,171,0,171,0,171,0,171,0,171,0,171,0,171,0,171,0,171,0,171,0,171,0,171,0,171,0,171,0,171,0,171,0,171,0,171,0,171,0,171,0,171,0,171,0,171,3,171,0,171,0,171,0,171,0,171,0,171,0,171,0,171,0,171,0,171,0,171,0,171,0,171,0,171,0,171,0,171,0,171,0,171,0,171,0,171,0,171,0,171,0,171,0,171,0,171,0,171,0,171,0,171,0,171,0,171,0,171,0,171,0,171,0,171,0,171,0,171,0,171,0,171,0,171,0,171,2,171,0,171,0,171,0,171,0,171,0,171,0,171,0,171,0,171,0,171,0,171,0,171,0,171,0,171,0,171,0,171,0,171,0,171,0,171,0,171,0,171,0,171,0,171,0,171,0,171,0,171,0,171,0,171,0,171,0,171,0,171,0,171,0,171,0,171,0,171,0,171,0,171,0,171,0,171,0,171,0,171,0,171,0,171,0,171,0,171,0,171,0,171,0,171,0,171,0,171,0,171,0,171,0,171,0,171,0,171,0,171,0,171,0,171,0,171,0,171,0,171,0,171,0,171,0,171,0,171,0,171,0,171,0,171,0,171,0,171,0,171,0,171,0,171,0,171,0,171,0,171,0,171,0,171,0,171,0,171,0,171,0,171,0,171,0,171,0,171,0,171,0,171,0,171,0,171,0,171,0,171,0,171,0,171,0,171,0,171,0,171,0,171,0,171,0,171,0,171,0,171,0,171,0,171,0,171,0,171,0,171,0,171,0,171,0,171,0,171,0,171,0,171,0,171,0,171,0,171,0,171,0,171,0,171,0,171,0,171,0,171,0,171,0,171,0,171,0,171,0,171,0,171,0,171,0,171,0,171,0,171,0,171,0,171,0,171,0,171,0,171,0,171,0,171,0,171,0,171,0,171,0,171,0,171,0,171,0,171,0,171,0,171,0,171,0,171,0,171,0,171,0,171,0,171,0,171,0,171,0,171,0,171,0,171,0,171,0,171,0,171,0,171,0,171,0,171,0,171,0,171,0,171,0,171,0,171,0,171,0,171,0,171,0,171,0,171,0,171,0,171,0,171,0,171,0,171,0,171,0,171,0,171,0,171,0,171,0,171,0,171,0,171,0,171,0,171,0,171,0,171,0,171,0,171,0,171,0,171,0,171,0,171,0,171,0,171,0,171,0,171,0,171,0,171,0,171,0,171,0,171,0,171,0,171,0,171,0,171,0,171,0,171,0,171,0,171,0,171,0,171,0,171,0,171,0,171,0,171,0,171,0,171,0,171,0,171,0,171,0,171,0,171,0,171,0,171,0,171,0,171,0,171,0,171,0,171,0,171,0,171,0,171,0,171,0,171,0,171,0,171,0,171,0,171,0,171,0,171,0,171,0,171,0,171,0,171,0,171,0,171,0,171,0,171,0,171,0,171,0,171,0,171,0,171,0,171,0,171,0,171,0,171,0,171,0,171,0,171,0,171,0,171,0,171,0,171,0,171,0,171,0,171,0,171,0,171,0,171,0,171,0,171,0,171,0,171,0,171,0,171,0,171,0,171,0,171,0,171,0,171,0,171,0,171,0,171,0,171,0,171,0,171,0,171,0,171,0,171,0,171,0,171,0,171,0,171,0,171,0,171,0,171,0,171,0,171,0,171,0,171,0,171,0,171,0,171,0,171,0,171,0,171,0,171,0,171,0,171,0,171,0,171,0,171,0,171,0,171,0,171,0,171,0,171,0,171,0,171,0,171,0,171,0,171,0,171,0,171,0,171,0,171,0,171,0,171,0,171,0,171,0,171,0,171,0,171,0,171,0,171,0,171,0,171,0
,,172,0,172,0,172,0,172,0,172,0,172,0,172,0,172,0,172,0,172,0,172,0,172,0,172,0,172,0,172,0,172,0,172,0,172,0,172,0,172,0,172,0,172,0,172,0,172,0,172,0,172,0,172,0,172,0,172,0,172,0,172,0,172,0,172,0,172,0,172,0,172,0,172,0,172,0,172,0,172,0,172,0,172,0,172,0,172,0,172,0,172,0,172,0,172,0,172,0,172,0,172,0,172,0,172,0,172,0,172,0,172,0,172,0,172,0,172,0,172,0,172,0,172,0,172,0,172,0,172,0,172,0,172,0,172,0,172,0,172,0,172,0,172,0,172,0,172,0,172,0,172,0,172,0,172,0,172,0,172,0,172,0,172,0,172,0,172,0,172,0,172,0,172,0,172,0,172,0,172,0,172,0,172,0,172,0,172,0,172,0,172,0,172,0,172,0,172,0,172,0,172,0,172,0,172,0,172,0,172,0,172,0,172,0,172,0,172,0,172,0,172,0,172,0,172,0,172,0,172,0,172,0,172,0,172,0,172,0,172,0,172,0,172,0,172,0,172,0,172,0,172,0,172,0,172,0,172,0,172,0,172,0,172,0,172,0,172,0,172,0,172,0,172,0,172,0,172,0,172,0,172,0,172,0,172,0,172,0,172,0,172,0,172,0,172,0,172,0,172,0,172,0,172,0,172,0,172,0,172,0,172,0,172,0,172,0,172,0,172,0,172,16,172,0,172,0,172,0,172,0,172,0,172,0,172,0,172,0,172,0,172,0,172,0,172,0,172,0,172,0,172,0,172,0,172,0,172,0,172,0,172,0,172,0,172,0,172,0,172,0,172,0,172,0,172,0,172,0,172,0,172,0,172,0,172,0,172,0,172,0,172,0,172,0,172,0,172,0,172,0,172,9,172,0,172,0,172,0,172,0,172,0,172,0,172,0,172,0,172,0,172,0,172,0,172,0,172,0,172,0,172,0,172,0,172,0,172,0,172,0,172,0,172,0,172,0,172,0,172,0,172,0,172,0,172,0,172,0,172,0,172,0,172,0,172,0,172,0,172,0,172,0,172,0,172,0,172,0,172,0,172,0,172,0,172,0,172,0,172,0,172,0,172,0,172,0,172,0,172,0,172,0,172,0,172,0,172,0,172,0,172,0,172,0,172,0,172,0,172,0,172,0,172,0,172,0,172,0,172,0,172,0,172,0,172,0,172,0,172,0,172,0,172,0,172,0,172,0,172,0,172,0,172,0,172,0,172,0,172,0,172,0,172,0,172,0,172,0,172,0,172,0,172,0,172,0,172,0,172,0,172,0,172,0,172,0,172,0,172,0,172,0,172,0,172,0,172,0,172,0,172,0,172,0,172,0,172,0,172,0,172,0,172,0,172,0,172,0,172,0,172,0,172,0,172,0,172,0,172,0,172,0,172,0,172,0,172,0,172,0,172,0,172,0,172,0,172,0,172,0,172,0,172,0,172,0,172,0,172,0,172,0,172,0,172,0,172,0,172,0,172,0,172,0,172,0,172,0,172,0,172,0,172,0,172,0,172,0,172,0,172,0,172,0,172,0,172,0,172,0,172,0,172,0,172,0,172,0,172,0,172,0,172,0,172,0,172,0,172,0,172,0,172,0,172,0,172,0,172,0,172,0,172,0,172,0,172,0,172,0,172,0,172,0,172,0,172,0,172,0,172,0,172,0,172,0,172,0,172,0,172,0,172,0,172,0,172,0,172,0,172,0,172,0,172,0,172,0,172,0,172,0,172,0,172,0,172,0,172,0,172,0,172,0,172,0,172,0,172,0,172,0,172,0,172,0,172,0,172,0,172,0,172,0,172,0,172,0,172,0,172,0,172,0,172,0,172,0,172,0,172,0,172,0,172,0,172,0,172,0,172,0,172,0,172,0,172,0,172,0,172,0,172,0,172,0,172,0,172,0,172,0,172,0,172,0,172,0,172,0,172,0,172,0,172,0,172,0,172,0,172,0,172,0,172,0,172,0,172,0,172,0,172,0,172,0,172,0,172,0,172,0,172,0,172,0,172,0,172,0,172,0,172,0,172,0,172,0,172,0,172,0,172,0,172,0,172,0,172,0,172,0,172,0,172,0,172,0,172,0,172,0,172,0,172,0,172,0,172,0,172,0,172,0,172,0,172,0,172,0,172,0,172,0,172,0,172,0,172,0,172,0,172,0,172,0,172,0,172,0,172,0,172,0,172,0,172,0,172,0,172,0,172,0,172,0,172,0,172,0,172,0,172,0,172,0,172,0,172,0,172,0,172,0,172,0,172,0,172,0,172,0,172,0,172,0,172,0,172,0,172,0,172,0,172,0,172,0,172,0,172,0,172,0,172,0,172,0,172,0,172,0,172,0,172,0,172,0,172,0,172,0,172,0,172,0,172,0,172,0,172,0,172,0,172,0,172,0,172,0,172,0,172,0,172,0,172,0
,,173,0,173,0,173,0,173,0,173,0,173,0,173,0,173,0,173,0,173,0,173,0,173,0,173,0,173,0,173,0,173,0,173,0,173,0,173,0,173,0,173,0,173,0,173,0,173,0,173,0,173,0,173,0,173,0,173,0,173,0,173,0,173,0,173,0,173,0,173,0,173,0,173,0,173,0,173,0,173,0,173,0,173,0,173,0,173,0,173,0,173,0,173,0,173,0,173,0,173,0,173,0,173,0,173,0,173,0,173,0,173,0,173,0,173,0,173,0,173,0,173,0,173,0,173,0,173,0,173,0,173,0,173,0,173,0,173,0,173,0,173,0,173,0,173,0,173,0,173,0,173,0,173,0,173,0,173,0,173,0,173,0,173,0,173,0,173,0,173,0,173,0,173,0,173,0,173,0,173,0,173,0,173,0,173,0,173,0,173,0,173,0,173,0,173,0,173,0,173,0,173,0,173,0,173,0,173,0,173,0,173,0,173,0,173,0,173,0,173,0,173,0,173,0,173,0,173,0,173,0,173,0,173,0,173,0,173,0,173,0,173,0,173,0,173,0,173,0,173,0,173,0,173,0,173,0,173,0,173,0,173,0,173,0,173,0,173,0,173,0,173,0,173,0,173,0,173,0,173,0,173,0,173,0,173,0,173,0,173,0,173,0,173,0,173,0,173,0,173,0,173,0,173,0,173,0,173,0,173,0,173,0,173,0,173,0,173,0,173,0,173,1,173,0,173,0,173,0,173,0,173,0,173,0,173,0,173,0,173,0,173,0,173,0,173,0,173,0,173,0,173,0,173,0,173,0,173,0,173,0,173,0,173,0,173,0,173,0,173,0,173,0,173,0,173,0,173,0,173,0,173,0,173,0,173,0,173,0,173,0,173,0,173,0,173,0,173,0,173,0,173,4,173,0,173,0,173,8,173,0,173,0,173,0,173,0,173,0,173,0,173,0,173,0,173,0,173,0,173,0,173,0,173,0,173,0,173,0,173,0,173,0,173,0,173,0,173,0,173,0,173,0,173,0,173,0,173,0,173,0,173,0,173,0,173,0,173,0,173,0,173,0,173,0,173,0,173,0,173,0,173,0,173,0,173,0,173,0,173,0,173,0,173,0,173,0,173,0,173,0,173,0,173,0,173,0,173,0,173,0,173,0,173,0,173,0,173,0,173,0,173,0,173,0,173,0,173,0,173,0,173,0,173,0,173,0,173,0,173,0,173,0,173,0,173,0,173,0,173,0,173,0,173,0,173,0,173,0,173,0,173,0,173,0,173,0,173,0,173,0,173,0,173,0,173,0,173,0,173,0,173,0,173,0,173,0,173,0,173,0,173,0,173,0,173,0,173,0,173,0,173,0,173,0,173,0,173,0,173,0,173,0,173,0,173,0,173,0,173,0,173,0,173,0,173,0,173,0,173,0,173,0,173,0,173,0,173,0,173,0,173,0,173,0,173,0,173,0,173,0,173,0,173,0,173,0,173,0,173,0,173,0,173,0,173,0,173,0,173,0,173,0,173,0,173,0,173,0,173,0,173,0,173,0,173,0,173,0,173,0,173,0,173,0,173,0,173,0,173,0,173,0,173,0,173,0,173,0,173,0,173,0,173,0,173,0,173,0,173,0,173,0,173,0,173,0,173,0,173,0,173,0,173,0,173,0,173,0,173,0,173,0,173,0,173,0,173,0,173,0,173,0,173,0,173,0,173,0,173,0,173,0,173,0,173,0,173,0,173,0,173,0,173,0,173,0,173,0,173,0,173,0,173,0,173,0,173,0,173,0,173,0,173,0,173,0,173,0,173,0,173,0,173,0,173,0,173,0,173,0,173,0,173,0,173,0,173,0,173,0,173,0,173,0,173,0,173,0,173,0,173,0,173,0,173,0,173,0,173,0,173,0,173,0,173,0,173,0,173,0,173,0,173,0,173,0,173,0,173,0,173,0,173,0,173,0,173,0,173,0,173,0,173,0,173,0,173,0,173,0,173,0,173,0,173,0,173,0,173,0,173,0,173,0,173,0,173,0,173,0,173,0,173,0,173,0,173,0,173,0,173,0,173,0,173,0,173,0,173,0,173,0,173,0,173,0,173,0,173,0,173,0,173,0,173,0,173,0,173,0,173,0,173,0,173,0,173,0,173,0,173,0,173,0,173,0,173,0,173,0,173,0,173,0,173,0,173,0,173,0,173,0,173,0,173,0,173,0,173,0,173,0,173,0,173,0,173,0,173,0,173,0,173,0,173,0,173,0,173,0,173,0,173,0,173,0,173,0,173,0,173,0,173,0,173,0,173,0,173,0,173,0,173,0,173,0,173,0,173,0,173,0,173,0,173,0,173,0,173,0,173,0,173,0,173,0,173,0,173,0,173,0,173,0,173,0,173,0,173,0,173,0,173,0,173,0,173,0,173,0,173,0,173,0,173,0,173,0,173,0,173,0,173,0,173,0,173,0
,,174,0,174,0,174,0,174,0,174,0,174,0,174,0,174,0,174,0,174,0,174,0,174,0,174,0,174,0,174,0,174,0,174,0,174,0,174,0,174,0,174,0,174,0,174,0,174,0,174,0,174,0,174,0,174,0,174,0,174,0,174,0,174,0,174,0,174,0,174,0,174,0,174,0,174,0,174,0,174,0,174,0,174,0,174,0,174,0,174,0,174,0,174,0,174,0,174,0,174,0,174,0,174,0,174,0,174,0,174,0,174,0,174,0,174,0,174,0,174,0,174,0,174,0,174,0,174,0,174,0,174,0,174,0,174,0,174,0,174,0,174,0,174,0,174,0,174,0,174,0,174,0,174,0,174,0,174,0,174,0,174,0,174,0,174,0,174,0,174,0,174,0,174,0,174,0,174,0,174,0,174,0,174,0,174,0,174,0,174,0,174,0,174,0,174,0,174,0,174,0,174,0,174,0,174,0,174,0,174,0,174,0,174,0,174,0,174,0,174,0,174,0,174,0,174,0,174,0,174,0,174,0,174,0,174,0,174,0,174,0,174,0,174,0,174,0,174,0,174,0,174,0,174,0,174,0,174,0,174,0,174,0,174,0,174,0,174,0,174,0,174,0,174,0,174,0,174,0,174,0,174,0,174,0,174,0,174,0,174,0,174,0,174,0,174,0,174,0,174,0,174,0,174,0,174,0,174,0,174,0,174,0,174,0,174,0,174,0,174,0,174,9,174,0,174,0,174,0,174,0,174,0,174,0,174,0,174,0,174,0,174,0,174,0,174,0,174,0,174,0,174,0,174,0,174,0,174,0,174,0,174,0,174,0,174,0,174,0,174,0,174,0,174,0,174,0,174,0,174,0,174,0,174,0,174,0,174,0,174,0,174,0,174,0,174,0,174,0,174,0,174,12,174,0,174,0,174,0,174,0,174,0,174,0,174,0,174,0,174,0,174,0,174,0,174,0,174,0,174,0,174,0,174,0,174,0,174,0,174,0,174,0,174,0,174,0,174,0,174,0,174,0,174,0,174,0,174,0,174,0,174,0,174,0,174,0,174,0,174,0,174,0,174,0,174,0,174,0,174,0,174,0,174,0,174,0,174,0,174,0,174,0,174,0,174,0,174,0,174,0,174,0,174,0,174,0,174,0,174,0,174,0,174,0,174,0,174,0,174,0,174,0,174,0,174,0,174,0,174,0,174,0,174,0,174,0,174,0,174,0,174,0,174,0,174,0,174,0,174,0,174,0,174,0,174,0,174,0,174,0,174,0,174,0,174,0,174,0,174,0,174,0,174,0,174,0,174,0,174,0,174,0,174,0,174,0,174,0,174,0,174,0,174,0,174,0,174,0,174,0,174,0,174,0,174,0,174,0,174,0,174,0,174,0,174,0,174,0,174,0,174,0,174,0,174,0,174,0,174,0,174,0,174,0,174,0,174,0,174,0,174,0,174,0,174,0,174,0,174,0,174,0,174,0,174,0,174,0,174,0,174,0,174,0,174,0,174,0,174,0,174,0,174,0,174,0,174,0,174,0,174,0,174,0,174,0,174,0,174,0,174,0,174,0,174,0,174,0,174,0,174,0,174,0,174,0,174,0,174,0,174,0,174,0,174,0,174,0,174,0,174,0,174,0,174,0,174,0,174,0,174,0,174,0,174,0,174,0,174,0,174,0,174,0,174,0,174,0,174,0,174,0,174,0,174,0,174,0,174,0,174,0,174,0,174,0,174,0,174,0,174,0,174,0,174,0,174,0,174,0,174,0,174,0,174,0,174,0,174,0,174,0,174,0,174,0,174,0,174,0,174,0,174,0,174,0,174,0,174,0,174,0,174,0,174,0,174,0,174,0,174,0,174,0,174,0,174,0,174,0,174,0,174,0,174,0,174,0,174,0,174,0,174,0,174,0,174,0,174,0,174,0,174,0,174,0,174,0,174,0,174,0,174,0,174,0,174,0,174,0,174,0,174,0,174,0,174,0,174,0,174,0,174,0,174,0,174,0,174,0,174,0,174,0,174,0,174,0,174,0,174,0,174,0,174,0,174,0,174,0,174,0,174,0,174,0,174,0,174,0,174,0,174,0,174,0,174,0,174,0,174,0,174,0,174,0,174,0,174,0,174,0,174,0,174,0,174,0,174,0,174,0,174,0,174,0,174,0,174,0,174,0,174,0,174,0,174,0,174,0,174,0,174,0,174,0,174,0,174,0,174,0,174,0,174,0,174,0,174,0,174,0,174,0,174,0,174,0,174,0,174,0,174,0,174,0,174,0,174,0,174,0,174,0,174,0,174,0,174,0,174,0,174,0,174,0,174,0,174,0,174,0,174,0,174,0,174,0,174,0,174,0,174,0,174,0,174,0,174,0,174,0,174,0,174,0,174,0,174,0,174,0,174,0,174,0,174,0,174,0,174,0,174,0,174,0,174,0,174,0,174,0,174,0,174,0,174,0
,,175,0,175,0,175,0,175,0,175,0,175,0,175,0,175,0,175,0,175,0,175,0,175,0,175,0,175,0,175,0,175,0,175,0,175,0,175,0,175,0,175,0,175,0,175,0,175,0,175,0,175,0,175,0,175,0,175,0,175,0,175,0,175,0,175,0,175,0,175,0,175,0,175,0,175,0,175,0,175,0,175,0,175,0,175,0,175,0,175,0,175,0,175,0,175,0,175,0,175,0,175,0,175,0,175,0,175,0,175,0,175,0,175,0,175,0,175,0,175,0,175,0,175,0,175,0,175,0,175,0,175,0,175,0,175,0,175,0,175,0,175,0,175,0,175,0,175,0,175,0,175,0,175,0,175,0,175,0,175,0,175,0,175,0,175,0,175,0,175,0,175,0,175,0,175,0,175,0,175,0,175,0,175,0,175,0,175,0,175,0,175,0,175,0,175,0,175,0,175,0,175,0,175,0,175,0,175,0,175,0,175,0,175,0,175,0,175,0,175,0,175,0,175,0,175,0,175,0,175,0,175,0,175,0,175,0,175,0,175,0,175,0,175,0,175,0,175,0,175,0,175,0,175,0,175,0,175,0,175,0,175,0,175,0,175,0,175,0,175,0,175,0,175,0,175,0,175,0,175,0,175,0,175,0,175,0,175,0,175,0,175,0,175,0,175,0,175,0,175,0,175,0,175,0,175,0,175,0,175,0,175,0,175,0,175,0,175,0,175,0,175,4,175,0,175,0,175,0,175,0,175,0,175,0,175,0,175,0,175,0,175,0,175,0,175,0,175,0,175,0,175,0,175,0,175,0,175,0,175,0,175,0,175,0,175,0,175,0,175,0,175,0,175,0,175,0,175,0,175,0,175,0,175,0,175,0,175,0,175,0,175,0,175,0,175,0,175,0,175,0,175,2,175,0,175,0,175,1,175,0,175,0,175,0,175,0,175,0,175,0,175,0,175,0,175,0,175,0,175,0,175,0,175,0,175,0,175,0,175,0,175,0,175,0,175,0,175,0,175,0,175,0,175,0,175,0,175,0,175,0,175,0,175,0,175,0,175,0,175,0,175,0,175,0,175,0,175,0,175,0,175,0,175,0,175,0,175,0,175,0,175,0,175,0,175,0,175,0,175,0,175,0,175,0,175,0,175,0,175,0,175,0,175,0,175,0,175,0,175,0,175,0,175,0,175,0,175,0,175,0,175,0,175,0,175,0,175,0,175,0,175,0,175,0,175,0,175,0,175,0,175,0,175,0,175,0,175,0,175,0,175,0,175,0,175,0,175,0,175,0,175,0,175,0,175,0,175,0,175,0,175,0,175,0,175,0,175,0,175,0,175,0,175,0,175,0,175,0,175,0,175,0,175,0,175,0,175,0,175,0,175,0,175,0,175,0,175,0,175,0,175,0,175,0,175,0,175,0,175,0,175,0,175,0,175,0,175,0,175,0,175,0,175,0,175,0,175,0,175,0,175,0,175,0,175,0,175,0,175,0,175,0,175,0,175,0,175,0,175,0,175,0,175,0,175,0,175,0,175,0,175,0,175,0,175,0,175,0,175,0,175,0,175,0,175,0,175,0,175,0,175,0,175,0,175,0,175,0,175,0,175,0,175,0,175,0,175,0,175,0,175,0,175,0,175,0,175,0,175,0,175,0,175,0,175,0,175,0,175,0,175,0,175,0,175,0,175,0,175,0,175,0,175,0,175,0,175,0,175,0,175,0,175,0,175,0,175,0,175,0,175,0,175,0,175,0,175,0,175,0,175,0,175,0,175,0,175,0,175,0,175,0,175,0,175,0,175,0,175,0,175,0,175,0,175,0,175,0,175,0,175,0,175,0,175,0,175,0,175,0,175,0,175,0,175,0,175,0,175,0,175,0,175,0,175,0,175,0,175,0,175,0,175,0,175,0,175,0,175,0,175,0,175,0,175,0,175,0,175,0,175,0,175,0,175,0,175,0,175,0,175,0,175,0,175,0,175,0,175,0,175,0,175,0,175,0,175,0,175,0,175,0,175,0,175,0,175,0,175,0,175,0,175,0,175,0,175,0,175,0,175,0,175,0,175,0,175,0,175,0,175,0,175,0,175,0,175,0,175,0,175,0,175,0,175,0,175,0,175,0,175,0,175,0,175,0,175,0,175,0,175,0,175,0,175,0,175,0,175,0,175,0,175,0,175,0,175,0,175,0,175,0,175,0,175,0,175,0,175,0,175,0,175,0,175,0,175,0,175,0,175,0,175,0,175,0,175,0,175,0,175,0,175,0,175,0,175,0,175,0,175,0,175,0,175,0,175,0,175,0,175,0,175,0,175,0,175,0,175,0,175,0,175,0,175,0,175,0,175,0,175,0,175,0,175,0,175,0,175,0,175,0,175,0,175,0,175,0,175,0,175,0,175,0,175,0,175,0,175,0,175,0,175,0,175,0,175,0,175,0,175,0,175,0,175,0,175,0
,,176,0,176,0,176,0,176,0,176,0,176,0,176,0,176,0,176,0,176,0,176,0,176,0,176,0,176,0,176,0,176,0,176,0,176,0,176,0,176,0,176,0,176,0,176,0,176,0,176,0,176,0,176,0,176,0,176,0,176,0,176,0,176,0,176,0,176,0,176,0,176,0,176,0,176,0,176,0,176,0,176,0,176,0,176,0,176,0,176,0,176,0,176,0,176,0,176,0,176,0,176,0,176,0,176,0,176,0,176,0,176,0,176,0,176,0,176,0,176,0,176,0,176,0,176,0,176,0,176,0,176,0,176,0,176,0,176,0,176,0,176,0,176,0,176,0,176,0,176,0,176,0,176,0,176,0,176,0,176,0,176,0,176,0,176,0,176,0,176,0,176,0,176,0,176,0,176,0,176,0,176,0,176,0,176,0,176,0,176,0,176,0,176,0,176,0,176,0,176,0,176,0,176,0,176,0,176,0,176,0,176,0,176,0,176,0,176,0,176,0,176,0,176,0,176,0,176,0,176,0,176,0,176,0,176,0,176,0,176,0,176,0,176,0,176,0,176,0,176,0,176,0,176,0,176,0,176,0,176,0,176,0,176,0,176,0,176,0,176,0,176,0,176,0,176,0,176,0,176,0,176,0,176,0,176,0,176,0,176,0,176,0,176,0,176,0,176,0,176,0,176,0,176,0,176,0,176,0,176,0,176,0,176,0,176,0,176,0,176,0,176,1,176,0,176,0,176,0,176,0,176,0,176,0,176,0,176,0,176,0,176,0,176,0,176,0,176,0,176,0,176,0,176,0,176,0,176,0,176,0,176,0,176,0,176,0,176,0,176,0,176,0,176,0,176,0,176,0,176,0,176,0,176,0,176,0,176,0,176,0,176,0,176,0,176,0,176,0,176,0,176,4,176,0,176,0,176,3,176,0,176,0,176,0,176,0,176,0,176,0,176,0,176,0,176,0,176,0,176,0,176,0,176,0,176,0,176,0,176,0,176,0,176,0,176,0,176,0,176,0,176,0,176,0,176,0,176,0,176,0,176,0,176,0,176,0,176,0,176,0,176,0,176,0,176,0,176,0,176,0,176,0,176,0,176,0,176,0,176,0,176,0,176,0,176,0,176,0,176,0,176,0,176,0,176,0,176,0,176,0,176,0,176,0,176,0,176,0,176,0,176,0,176,0,176,0,176,0,176,0,176,0,176,0,176,0,176,0,176,0,176,0,176,0,176,0,176,0,176,0,176,0,176,0,176,0,176,0,176,0,176,0,176,0,176,0,176,0,176,0,176,0,176,0,176,0,176,0,176,0,176,0,176,0,176,0,176,0,176,0,176,0,176,0,176,0,176,0,176,0,176,0,176,0,176,0,176,0,176,0,176,0,176,0,176,0,176,0,176,0,176,0,176,0,176,0,176,0,176,0,176,0,176,0,176,0,176,0,176,0,176,0,176,0,176,0,176,0,176,0,176,0,176,0,176,0,176,0,176,0,176,0,176,0,176,0,176,0,176,0,176,0,176,0,176,0,176,0,176,0,176,0,176,0,176,0,176,0,176,0,176,0,176,0,176,0,176,0,176,0,176,0,176,0,176,0,176,0,176,0,176,0,176,0,176,0,176,0,176,0,176,0,176,0,176,0,176,0,176,0,176,0,176,0,176,0,176,0,176,0,176,0,176,0,176,0,176,0,176,0,176,0,176,0,176,0,176,0,176,0,176,0,176,0,176,0,176,0,176,0,176,0,176,0,176,0,176,0,176,0,176,0,176,0,176,0,176,0,176,0,176,0,176,0,176,0,176,0,176,0,176,0,176,0,176,0,176,0,176,0,176,0,176,0,176,0,176,0,176,0,176,0,176,0,176,0,176,0,176,0,176,0,176,0,176,0,176,0,176,0,176,0,176,0,176,0,176,0,176,0,176,0,176,0,176,0,176,0,176,0,176,0,176,0,176,0,176,0,176,0,176,0,176,0,176,0,176,0,176,0,176,0,176,0,176,0,176,0,176,0,176,0,176,0,176,0,176,0,176,0,176,0,176,0,176,0,176,0,176,0,176,0,176,0,176,0,176,0,176,0,176,0,176,0,176,0,176,0,176,0,176,0,176,0,176,0,176,0,176,0,176,0,176,0,176,0,176,0,176,0,176,0,176,0,176,0,176,0,176,0,176,0,176,0,176,0,176,0,176,0,176,0,176,0,176,0,176,0,176,0,176,0,176,0,176,0,176,0,176,0,176,0,176,0,176,0,176,0,176,0,176,0,176,0,176,0,176,0,176,0,176,0,176,0,176,0,176,0,176,0,176,0,176,0,176,0,176,0,176,0,176,0,176,0,176,0,176,0,176,0,176,0,176,0,176,0,176,0,176,0,176,0,176,0,176,0,176,0,176,0,176,0,176,0,176,0,176,0,176,0,176,0,176,0,176,0,176,0,176,0,176,0,176,0,176,0,176,0
,,177,0,177,0,177,0,177,0,177,0,177,0,177,0,177,0,177,0,177,0,177,0,177,0,177,0,177,0,177,0,177,0,177,0,177,0,177,0,177,0,177,0,177,0,177,0,177,0,177,0,177,0,177,0,177,0,177,0,177,0,177,0,177,0,177,0,177,0,177,0,177,0,177,0,177,0,177,0,177,0,177,0,177,0,177,0,177,0,177,0,177,0,177,0,177,0,177,0,177,0,177,0,177,0,177,0,177,0,177,0,177,0,177,0,177,0,177,0,177,0,177,0,177,0,177,0,177,0,177,0,177,0,177,0,177,0,177,0,177,0,177,0,177,0,177,0,177,0,177,0,177,0,177,0,177,0,177,0,177,0,177,0,177,0,177,0,177,0,177,0,177,0,177,0,177,0,177,0,177,0,177,0,177,0,177,0,177,0,177,0,177,0,177,0,177,0,177,0,177,0,177,0,177,0,177,0,177,0,177,0,177,0,177,0,177,0,177,0,177,0,177,0,177,0,177,0,177,0,177,0,177,0,177,0,177,0,177,0,177,0,177,0,177,0,177,0,177,0,177,0,177,0,177,0,177,0,177,0,177,0,177,0,177,0,177,0,177,0,177,0,177,0,177,0,177,0,177,0,177,0,177,0,177,0,177,0,177,0,177,0,177,0,177,0,177,0,177,0,177,0,177,0,177,0,177,0,177,0,177,0,177,0,177,0,177,0,177,0,177,0,177,9,177,0,177,0,177,0,177,0,177,0,177,0,177,0,177,0,177,0,177,0,177,0,177,0,177,0,177,0,177,0,177,0,177,0,177,0,177,0,177,0,177,0,177,0,177,0,177,0,177,0,177,0,177,0,177,0,177,0,177,0,177,0,177,0,177,0,177,0,177,0,177,0,177,0,177,0,177,0,177,7,177,0,177,0,177,0,177,0,177,0,177,0,177,0,177,0,177,0,177,0,177,0,177,0,177,0,177,0,177,0,177,0,177,0,177,0,177,0,177,0,177,0,177,0,177,0,177,0,177,0,177,0,177,0,177,0,177,0,177,0,177,0,177,0,177,0,177,0,177,0,177,0,177,0,177,0,177,0,177,0,177,0,177,0,177,0,177,0,177,0,177,0,177,0,177,0,177,0,177,0,177,0,177,0,177,0,177,0,177,0,177,0,177,0,177,0,177,0,177,0,177,0,177,0,177,0,177,0,177,0,177,0,177,0,177,0,177,0,177,0,177,0,177,0,177,0,177,0,177,0,177,0,177,0,177,0,177,0,177,0,177,0,177,0,177,0,177,0,177,0,177,0,177,0,177,0,177,0,177,0,177,0,177,0,177,0,177,0,177,0,177,0,177,0,177,0,177,0,177,0,177,0,177,0,177,0,177,0,177,0,177,0,177,0,177,0,177,0,177,0,177,0,177,0,177,0,177,0,177,0,177,0,177,0,177,0,177,0,177,0,177,0,177,0,177,0,177,0,177,0,177,0,177,0,177,0,177,0,177,0,177,0,177,0,177,0,177,0,177,0,177,0,177,0,177,0,177,0,177,0,177,0,177,0,177,0,177,0,177,0,177,0,177,0,177,0,177,0,177,0,177,0,177,0,177,0,177,0,177,0,177,0,177,0,177,0,177,0,177,0,177,0,177,0,177,0,177,0,177,0,177,0,177,0,177,0,177,0,177,0,177,0,177,0,177,0,177,0,177,0,177,0,177,0,177,0,177,0,177,0,177,0,177,0,177,0,177,0,177,0,177,0,177,0,177,0,177,0,177,0,177,0,177,0,177,0,177,0,177,0,177,0,177,0,177,0,177,0,177,0,177,0,177,0,177,0,177,0,177,0,177,0,177,0,177,0,177,0,177,0,177,0,177,0,177,0,177,0,177,0,177,0,177,0,177,0,177,0,177,0,177,0,177,0,177,0,177,0,177,0,177,0,177,0,177,0,177,0,177,0,177,0,177,0,177,0,177,0,177,0,177,0,177,0,177,0,177,0,177,0,177,0,177,0,177,0,177,0,177,0,177,0,177,0,177,0,177,0,177,0,177,0,177,0,177,0,177,0,177,0,177,0,177,0,177,0,177,0,177,0,177,0,177,0,177,0,177,0,177,0,177,0,177,0,177,0,177,0,177,0,177,0,177,0,177,0,177,0,177,0,177,0,177,0,177,0,177,0,177,0,177,0,177,0,177,0,177,0,177,0,177,0,177,0,177,0,177,0,177,0,177,0,177,0,177,0,177,0,177,0,177,0,177,0,177,0,177,0,177,0,177,0,177,0,177,0,177,0,177,0,177,0,177,0,177,0,177,0,177,0,177,0,177,0,177,0,177,0,177,0,177,0,177,0,177,0,177,0,177,0,177,0,177,0,177,0,177,0,177,0,177,0,177,0,177,0,177,0,177,0,177,0,177,0,177,0,177,0,177,0,177,0,177,0,177,0,177,0,177,0,177,0,177,0,177,0
,,178,0,178,0,178,0,178,0,178,0,178,0,178,0,178,0,178,0,178,0,178,0,178,0,178,0,178,0,178,0,178,0,178,0,178,0,178,0,178,0,178,0,178,0,178,0,178,0,178,0,178,0,178,0,178,0,178,0,178,0,178,0,178,0,178,0,178,0,178,0,178,0,178,0,178,0,178,0,178,0,178,0,178,0,178,0,178,0,178,0,178,0,178,0,178,0,178,0,178,0,178,0,178,0,178,0,178,0,178,0,178,0,178,0,178,0,178,0,178,0,178,0,178,0,178,0,178,0,178,0,178,0,178,0,178,0,178,0,178,0,178,0,178,0,178,0,178,0,178,0,178,0,178,0,178,0,178,0,178,0,178,0,178,0,178,0,178,0,178,0,178,0,178,0,178,0,178,0,178,0,178,0,178,0,178,0,178,0,178,0,178,0,178,0,178,0,178,0,178,0,178,0,178,0,178,0,178,0,178,0,178,0,178,0,178,0,178,0,178,0,178,0,178,0,178,0,178,0,178,0,178,0,178,0,178,0,178,0,178,0,178,0,178,0,178,0,178,0,178,0,178,0,178,0,178,0,178,0,178,0,178,0,178,0,178,0,178,0,178,0,178,0,178,0,178,0,178,0,178,0,178,0,178,0,178,0,178,0,178,0,178,0,178,0,178,0,178,0,178,0,178,0,178,0,178,0,178,0,178,0,178,0,178,0,178,0,178,0,178,0,178,9,178,0,178,0,178,0,178,0,178,0,178,0,178,0,178,0,178,0,178,0,178,0,178,0,178,0,178,0,178,0,178,0,178,0,178,0,178,0,178,0,178,0,178,0,178,0,178,0,178,0,178,0,178,0,178,0,178,0,178,0,178,0,178,0,178,0,178,0,178,0,178,0,178,0,178,0,178,0,178,4,178,0,178,0,178,1,178,0,178,0,178,0,178,0,178,0,178,0,178,0,178,0,178,0,178,0,178,0,178,0,178,0,178,0,178,0,178,0,178,0,178,0,178,0,178,0,178,0,178,0,178,0,178,0,178,0,178,0,178,0,178,0,178,0,178,0,178,0,178,0,178,0,178,0,178,0,178,0,178,0,178,0,178,0,178,0,178,0,178,0,178,0,178,0,178,0,178,0,178,0,178,0,178,0,178,0,178,0,178,0,178,0,178,0,178,0,178,0,178,0,178,0,178,0,178,0,178,0,178,0,178,0,178,0,178,0,178,0,178,0,178,0,178,0,178,0,178,0,178,0,178,0,178,0,178,0,178,0,178,0,178,0,178,0,178,0,178,0,178,0,178,0,178,0,178,0,178,0,178,0,178,0,178,0,178,0,178,0,178,0,178,0,178,0,178,0,178,0,178,0,178,0,178,0,178,0,178,0,178,0,178,0,178,0,178,0,178,0,178,0,178,0,178,0,178,0,178,0,178,0,178,0,178,0,178,0,178,0,178,0,178,0,178,0,178,0,178,0,178,0,178,0,178,0,178,0,178,0,178,0,178,0,178,0,178,0,178,0,178,0,178,0,178,0,178,0,178,0,178,0,178,0,178,0,178,0,178,0,178,0,178,0,178,0,178,0,178,0,178,0,178,0,178,0,178,0,178,0,178,0,178,0,178,0,178,0,178,0,178,0,178,0,178,0,178,0,178,0,178,0,178,0,178,0,178,0,178,0,178,0,178,0,178,0,178,0,178,0,178,0,178,0,178,0,178,0,178,0,178,0,178,0,178,0,178,0,178,0,178,0,178,0,178,0,178,0,178,0,178,0,178,0,178,0,178,0,178,0,178,0,178,0,178,0,178,0,178,0,178,0,178,0,178,0,178,0,178,0,178,0,178,0,178,0,178,0,178,0,178,0,178,0,178,0,178,0,178,0,178,0,178,0,178,0,178,0,178,0,178,0,178,0,178,0,178,0,178,0,178,0,178,0,178,0,178,0,178,0,178,0,178,0,178,0,178,0,178,0,178,0,178,0,178,0,178,0,178,0,178,0,178,0,178,0,178,0,178,0,178,0,178,0,178,0,178,0,178,0,178,0,178,0,178,0,178,0,178,0,178,0,178,0,178,0,178,0,178,0,178,0,178,0,178,0,178,0,178,0,178,0,178,0,178,0,178,0,178,0,178,0,178,0,178,0,178,0,178,0,178,0,178,0,178,0,178,0,178,0,178,0,178,0,178,0,178,0,178,0,178,0,178,0,178,0,178,0,178,0,178,0,178,0,178,0,178,0,178,0,178,0,178,0,178,0,178,0,178,0,178,0,178,0,178,0,178,0,178,0,178,0,178,0,178,0,178,0,178,0,178,0,178,0,178,0,178,0,178,0,178,0,178,0,178,0,178,0,178,0,178,0,178,0,178,0,178,0,178,0,178,0,178,0,178,0,178,0,178,0,178,0,178,0,178,0,178,0,178,0,178,0,178,0,178,0,178,0,178,0,178,0,178,0,178,0,178,0
,,179,0,179,0,179,0,179,0,179,0,179,0,179,0,179,0,179,0,179,0,179,0,179,0,179,0,179,0,179,0,179,0,179,0,179,0,179,0,179,0,179,0,179,0,179,0,179,0,179,0,179,0,179,0,179,0,179,0,179,0,179,0,179,0,179,0,179,0,179,0,179,0,179,0,179,0,179,0,179,0,179,0,179,0,179,0,179,0,179,0,179,0,179,0,179,0,179,0,179,0,179,0,179,0,179,0,179,0,179,0,179,0,179,0,179,0,179,0,179,0,179,0,179,0,179,0,179,0,179,0,179,0,179,0,179,0,179,0,179,0,179,0,179,0,179,0,179,0,179,0,179,0,179,0,179,0,179,0,179,0,179,0,179,0,179,0,179,0,179,0,179,0,179,0,179,0,179,0,179,0,179,0,179,0,179,0,179,0,179,0,179,0,179,0,179,0,179,0,179,0,179,0,179,0,179,0,179,0,179,0,179,0,179,0,179,0,179,0,179,0,179,0,179,0,179,0,179,0,179,0,179,0,179,0,179,0,179,0,179,0,179,0,179,0,179,0,179,0,179,0,179,0,179,0,179,0,179,0,179,0,179,0,179,0,179,0,179,0,179,0,179,0,179,0,179,0,179,0,179,0,179,0,179,0,179,0,179,0,179,0,179,0,179,0,179,0,179,0,179,0,179,0,179,0,179,0,179,0,179,0,179,0,179,0,179,0,179,0,179,0,179,2,179,0,179,0,179,0,179,0,179,0,179,0,179,0,179,0,179,0,179,0,179,0,179,0,179,0,179,0,179,0,179,0,179,0,179,0,179,0,179,0,179,0,179,0,179,0,179,0,179,0,179,0,179,0,179,0,179,0,179,0,179,0,179,0,179,0,179,0,179,0,179,0,179,0,179,0,179,0,179,1,179,0,179,0,179,0,179,0,179,0,179,0,179,0,179,0,179,0,179,0,179,0,179,0,179,0,179,0,179,0,179,0,179,0,179,0,179,0,179,0,179,0,179,0,179,0,179,0,179,0,179,0,179,0,179,0,179,0,179,0,179,0,179,0,179,0,179,0,179,0,179,0,179,0,179,0,179,0,179,0,179,0,179,0,179,0,179,0,179,0,179,0,179,0,179,0,179,0,179,0,179,0,179,0,179,0,179,0,179,0,179,0,179,0,179,0,179,0,179,0,179,0,179,0,179,0,179,0,179,0,179,0,179,0,179,0,179,0,179,0,179,0,179,0,179,0,179,0,179,0,179,0,179,0,179,0,179,0,179,0,179,0,179,0,179,0,179,0,179,0,179,0,179,0,179,0,179,0,179,0,179,0,179,0,179,0,179,0,179,0,179,0,179,0,179,0,179,0,179,0,179,0,179,0,179,0,179,0,179,0,179,0,179,0,179,0,179,0,179,0,179,0,179,0,179,0,179,0,179,0,179,0,179,0,179,0,179,0,179,0,179,0,179,0,179,0,179,0,179,0,179,0,179,0,179,0,179,0,179,0,179,0,179,0,179,0,179,0,179,0,179,0,179,0,179,0,179,0,179,0,179,0,179,0,179,0,179,0,179,0,179,0,179,0,179,0,179,0,179,0,179,0,179,0,179,0,179,0,179,0,179,0,179,0,179,0,179,0,179,0,179,0,179,0,179,0,179,0,179,0,179,0,179,0,179,0,179,0,179,0,179,0,179,0,179,0,179,0,179,0,179,0,179,0,179,0,179,0,179,0,179,0,179,0,179,0,179,0,179,0,179,0,179,0,179,0,179,0,179,0,179,0,179,0,179,0,179,0,179,0,179,0,179,0,179,0,179,0,179,0,179,0,179,0,179,0,179,0,179,0,179,0,179,0,179,0,179,0,179,0,179,0,179,0,179,0,179,0,179,0,179,0,179,0,179,0,179,0,179,0,179,0,179,0,179,0,179,0,179,0,179,0,179,0,179,0,179,0,179,0,179,0,179,0,179,0,179,0,179,0,179,0,179,0,179,0,179,0,179,0,179,0,179,0,179,0,179,0,179,0,179,0,179,0,179,0,179,0,179,0,179,0,179,0,179,0,179,0,179,0,179,0,179,0,179,0,179,0,179,0,179,0,179,0,179,0,179,0,179,0,179,0,179,0,179,0,179,0,179,0,179,0,179,0,179,0,179,0,179,0,179,0,179,0,179,0,179,0,179,0,179,0,179,0,179,0,179,0,179,0,179,0,179,0,179,0,179,0,179,0,179,0,179,0,179,0,179,0,179,0,179,0,179,0,179,0,179,0,179,0,179,0,179,0,179,0,179,0,179,0,179,0,179,0,179,0,179,0,179,0,179,0,179,0,179,0,179,0,179,0,179,0,179,0,179,0,179,0,179,0,179,0,179,0,179,0,179,0,179,0,179,0,179,0,179,0,179,0,179,0,179,0,179,0,179,0,179,0,179,0,179,0,179,0,179,0,179,0,179,0,179,0,179,0,179,0
,,180,0,180,0,180,0,180,0,180,0,180,0,180,0,180,0,180,0,180,0,180,0,180,0,180,0,180,0,180,0,180,0,180,0,180,0,180,0,180,0,180,0,180,0,180,0,180,0,180,0,180,0,180,0,180,0,180,0,180,0,180,0,180,0,180,0,180,0,180,0,180,0,180,0,180,0,180,0,180,0,180,0,180,0,180,0,180,0,180,0,180,0,180,0,180,0,180,0,180,0,180,0,180,0,180,0,180,0,180,0,180,0,180,0,180,0,180,0,180,0,180,0,180,0,180,0,180,0,180,0,180,0,180,0,180,0,180,0,180,0,180,0,180,0,180,0,180,0,180,0,180,0,180,0,180,0,180,0,180,0,180,0,180,0,180,0,180,0,180,0,180,0,180,0,180,0,180,0,180,0,180,0,180,0,180,0,180,0,180,0,180,0,180,0,180,0,180,0,180,0,180,0,180,0,180,0,180,0,180,0,180,0,180,0,180,0,180,0,180,0,180,0,180,0,180,0,180,0,180,0,180,0,180,0,180,0,180,0,180,0,180,0,180,0,180,0,180,0,180,0,180,0,180,0,180,0,180,0,180,0,180,0,180,0,180,0,180,0,180,0,180,0,180,0,180,0,180,0,180,0,180,0,180,0,180,0,180,0,180,0,180,0,180,0,180,0,180,0,180,0,180,0,180,0,180,0,180,0,180,0,180,0,180,0,180,0,180,0,180,0,180,2,180,0,180,0,180,0,180,0,180,0,180,0,180,0,180,0,180,0,180,0,180,0,180,0,180,0,180,0,180,0,180,0,180,0,180,0,180,0,180,0,180,0,180,0,180,0,180,0,180,0,180,0,180,0,180,0,180,0,180,0,180,0,180,0,180,0,180,0,180,0,180,0,180,0,180,0,180,0,180,5,180,0,180,0,180,5,180,0,180,0,180,0,180,0,180,0,180,0,180,0,180,0,180,0,180,0,180,0,180,0,180,0,180,0,180,0,180,0,180,0,180,0,180,0,180,0,180,0,180,0,180,0,180,0,180,0,180,0,180,0,180,0,180,0,180,0,180,0,180,0,180,0,180,0,180,0,180,0,180,0,180,0,180,0,180,0,180,0,180,0,180,0,180,0,180,0,180,0,180,0,180,0,180,0,180,0,180,0,180,0,180,0,180,0,180,0,180,0,180,0,180,0,180,0,180,0,180,0,180,0,180,0,180,0,180,0,180,0,180,0,180,0,180,0,180,0,180,0,180,0,180,0,180,0,180,0,180,0,180,0,180,0,180,0,180,0,180,0,180,0,180,0,180,0,180,0,180,0,180,0,180,0,180,0,180,0,180,0,180,0,180,0,180,0,180,0,180,0,180,0,180,0,180,0,180,0,180,0,180,0,180,0,180,0,180,0,180,0,180,0,180,0,180,0,180,0,180,0,180,0,180,0,180,0,180,0,180,0,180,0,180,0,180,0,180,0,180,0,180,0,180,0,180,0,180,0,180,0,180,0,180,0,180,0,180,0,180,0,180,0,180,0,180,0,180,0,180,0,180,0,180,0,180,0,180,0,180,0,180,0,180,0,180,0,180,0,180,0,180,0,180,0,180,0,180,0,180,0,180,0,180,0,180,0,180,0,180,0,180,0,180,0,180,0,180,0,180,0,180,0,180,0,180,0,180,0,180,0,180,0,180,0,180,0,180,0,180,0,180,0,180,0,180,0,180,0,180,0,180,0,180,0,180,0,180,0,180,0,180,0,180,0,180,0,180,0,180,0,180,0,180,0,180,0,180,0,180,0,180,0,180,0,180,0,180,0,180,0,180,0,180,0,180,0,180,0,180,0,180,0,180,0,180,0,180,0,180,0,180,0,180,0,180,0,180,0,180,0,180,0,180,0,180,0,180,0,180,0,180,0,180,0,180,0,180,0,180,0,180,0,180,0,180,0,180,0,180,0,180,0,180,0,180,0,180,0,180,0,180,0,180,0,180,0,180,0,180,0,180,0,180,0,180,0,180,0,180,0,180,0,180,0,180,0,180,0,180,0,180,0,180,0,180,0,180,0,180,0,180,0,180,0,180,0,180,0,180,0,180,0,180,0,180,0,180,0,180,0,180,0,180,0,180,0,180,0,180,0,180,0,180,0,180,0,180,0,180,0,180,0,180,0,180,0,180,0,180,0,180,0,180,0,180,0,180,0,180,0,180,0,180,0,180,0,180,0,180,0,180,0,180,0,180,0,180,0,180,0,180,0,180,0,180,0,180,0,180,0,180,0,180,0,180,0,180,0,180,0,180,0,180,0,180,0,180,0,180,0,180,0,180,0,180,0,180,0,180,0,180,0,180,0,180,0,180,0,180,0,180,0,180,0,180,0,180,0,180,0,180,0,180,0,180,0,180,0,180,0,180,0,180,0,180,0,180,0,180,0,180,0,180,0,180,0,180,0,180,0,180,0,180,0,180,0,180,0
,,181,0,181,0,181,0,181,0,181,0,181,0,181,0,181,0,181,0,181,0,181,0,181,0,181,0,181,0,181,0,181,0,181,0,181,0,181,0,181,0,181,0,181,0,181,0,181,0,181,0,181,0,181,0,181,0,181,0,181,0,181,0,181,0,181,0,181,0,181,0,181,0,181,0,181,0,181,0,181,0,181,0,181,0,181,0,181,0,181,0,181,0,181,0,181,0,181,0,181,0,181,0,181,0,181,0,181,0,181,0,181,0,181,0,181,0,181,0,181,0,181,0,181,0,181,0,181,0,181,0,181,0,181,0,181,0,181,0,181,0,181,0,181,0,181,0,181,0,181,0,181,0,181,0,181,0,181,0,181,0,181,0,181,0,181,0,181,0,181,0,181,0,181,0,181,0,181,0,181,0,181,0,181,0,181,0,181,0,181,0,181,0,181,0,181,0,181,0,181,0,181,0,181,0,181,0,181,0,181,0,181,0,181,0,181,0,181,0,181,0,181,0,181,0,181,0,181,0,181,0,181,0,181,0,181,0,181,0,181,0,181,0,181,0,181,0,181,0,181,0,181,0,181,0,181,0,181,0,181,0,181,0,181,0,181,0,181,0,181,0,181,0,181,0,181,0,181,0,181,0,181,0,181,0,181,0,181,0,181,0,181,0,181,0,181,0,181,0,181,0,181,0,181,0,181,0,181,0,181,0,181,0,181,0,181,0,181,0,181,0,181,12,181,0,181,0,181,0,181,0,181,0,181,0,181,0,181,0,181,0,181,0,181,0,181,0,181,0,181,0,181,0,181,0,181,0,181,0,181,0,181,0,181,0,181,0,181,0,181,0,181,0,181,0,181,0,181,0,181,0,181,0,181,0,181,0,181,0,181,0,181,0,181,0,181,0,181,0,181,0,181,4,181,0,181,0,181,0,181,0,181,0,181,0,181,0,181,0,181,0,181,0,181,0,181,0,181,0,181,0,181,0,181,0,181,0,181,0,181,0,181,0,181,0,181,0,181,0,181,0,181,0,181,0,181,0,181,0,181,0,181,0,181,0,181,0,181,0,181,0,181,0,181,0,181,0,181,0,181,0,181,0,181,0,181,0,181,0,181,0,181,0,181,0,181,0,181,0,181,0,181,0,181,0,181,0,181,0,181,0,181,0,181,0,181,0,181,0,181,0,181,0,181,0,181,0,181,0,181,0,181,0,181,0,181,0,181,0,181,0,181,0,181,0,181,0,181,0,181,0,181,0,181,0,181,0,181,0,181,0,181,0,181,0,181,0,181,0,181,0,181,0,181,0,181,0,181,0,181,0,181,0,181,0,181,0,181,0,181,0,181,0,181,0,181,0,181,0,181,0,181,0,181,0,181,0,181,0,181,0,181,0,181,0,181,0,181,0,181,0,181,0,181,0,181,0,181,0,181,0,181,0,181,0,181,0,181,0,181,0,181,0,181,0,181,0,181,0,181,0,181,0,181,0,181,0,181,0,181,0,181,0,181,0,181,0,181,0,181,0,181,0,181,0,181,0,181,0,181,0,181,0,181,0,181,0,181,0,181,0,181,0,181,0,181,0,181,0,181,0,181,0,181,0,181,0,181,0,181,0,181,0,181,0,181,0,181,0,181,0,181,0,181,0,181,0,181,0,181,0,181,0,181,0,181,0,181,0,181,0,181,0,181,0,181,0,181,0,181,0,181,0,181,0,181,0,181,0,181,0,181,0,181,0,181,0,181,0,181,0,181,0,181,0,181,0,181,0,181,0,181,0,181,0,181,0,181,0,181,0,181,0,181,0,181,0,181,0,181,0,181,0,181,0,181,0,181,0,181,0,181,0,181,0,181,0,181,0,181,0,181,0,181,0,181,0,181,0,181,0,181,0,181,0,181,0,181,0,181,0,181,0,181,0,181,0,181,0,181,0,181,0,181,0,181,0,181,0,181,0,181,0,181,0,181,0,181,0,181,0,181,0,181,0,181,0,181,0,181,0,181,0,181,0,181,0,181,0,181,0,181,0,181,0,181,0,181,0,181,0,181,0,181,0,181,0,181,0,181,0,181,0,181,0,181,0,181,0,181,0,181,0,181,0,181,0,181,0,181,0,181,0,181,0,181,0,181,0,181,0,181,0,181,0,181,0,181,0,181,0,181,0,181,0,181,0,181,0,181,0,181,0,181,0,181,0,181,0,181,0,181,0,181,0,181,0,181,0,181,0,181,0,181,0,181,0,181,0,181,0,181,0,181,0,181,0,181,0,181,0,181,0,181,0,181,0,181,0,181,0,181,0,181,0,181,0,181,0,181,0,181,0,181,0,181,0,181,0,181,0,181,0,181,0,181,0,181,0,181,0,181,0,181,0,181,0,181,0,181,0,181,0,181,0,181,0,181,0,181,0,181,0,181,0,181,0,181,0,181,0,181,0,181,0,181,0,181,0,181,0,181,0,181,0,181,0,181,0
,,182,0,182,0,182,0,182,0,182,0,182,0,182,0,182,0,182,0,182,0,182,0,182,0,182,0,182,0,182,0,182,0,182,0,182,0,182,0,182,0,182,0,182,0,182,0,182,0,182,0,182,0,182,0,182,0,182,0,182,0,182,0,182,0,182,0,182,0,182,0,182,0,182,0,182,0,182,0,182,0,182,0,182,0,182,0,182,0,182,0,182,0,182,0,182,0,182,0,182,0,182,0,182,0,182,0,182,0,182,0,182,0,182,0,182,0,182,0,182,0,182,0,182,0,182,0,182,0,182,0,182,0,182,0,182,0,182,0,182,0,182,0,182,0,182,0,182,0,182,0,182,0,182,0,182,0,182,0,182,0,182,0,182,0,182,0,182,0,182,0,182,0,182,0,182,0,182,0,182,0,182,0,182,0,182,0,182,0,182,0,182,0,182,0,182,0,182,0,182,0,182,0,182,0,182,0,182,0,182,0,182,0,182,0,182,0,182,0,182,0,182,0,182,0,182,0,182,0,182,0,182,0,182,0,182,0,182,0,182,0,182,0,182,0,182,0,182,0,182,0,182,0,182,0,182,0,182,0,182,0,182,0,182,0,182,0,182,0,182,0,182,0,182,0,182,0,182,0,182,0,182,0,182,0,182,0,182,0,182,0,182,0,182,0,182,0,182,0,182,0,182,0,182,0,182,0,182,0,182,0,182,0,182,0,182,0,182,0,182,0,182,0,182,0,182,0,182,0,182,0,182,0,182,0,182,0,182,0,182,0,182,0,182,0,182,0,182,0,182,0,182,0,182,0,182,0,182,0,182,0,182,0,182,0,182,0,182,0,182,0,182,0,182,0,182,0,182,0,182,0,182,0,182,0,182,0,182,0,182,0,182,0,182,0,182,0,182,0,182,0,182,4,182,0,182,0,182,4,182,0,182,0,182,0,182,0,182,0,182,0,182,0,182,0,182,0,182,0,182,0,182,0,182,0,182,0,182,0,182,0,182,0,182,0,182,0,182,0,182,0,182,0,182,0,182,0,182,0,182,0,182,0,182,0,182,0,182,0,182,0,182,0,182,0,182,0,182,0,182,0,182,0,182,0,182,0,182,0,182,0,182,0,182,0,182,0,182,0,182,0,182,0,182,0,182,0,182,0,182,0,182,0,182,0,182,0,182,0,182,0,182,0,182,0,182,0,182,0,182,0,182,0,182,0,182,0,182,0,182,0,182,0,182,0,182,0,182,0,182,0,182,0,182,0,182,0,182,0,182,0,182,0,182,0,182,0,182,0,182,0,182,0,182,0,182,0,182,0,182,0,182,0,182,0,182,0,182,0,182,0,182,0,182,0,182,0,182,0,182,0,182,0,182,0,182,0,182,0,182,0,182,0,182,0,182,0,182,0,182,0,182,0,182,0,182,0,182,0,182,0,182,0,182,0,182,0,182,0,182,0,182,0,182,0,182,0,182,0,182,0,182,0,182,0,182,0,182,0,182,0,182,0,182,0,182,0,182,0,182,0,182,0,182,0,182,0,182,0,182,0,182,0,182,0,182,0,182,0,182,0,182,0,182,0,182,0,182,0,182,0,182,0,182,0,182,0,182,0,182,0,182,0,182,0,182,0,182,0,182,0,182,0,182,0,182,0,182,0,182,0,182,0,182,0,182,0,182,0,182,0,182,0,182,0,182,0,182,0,182,0,182,0,182,0,182,0,182,0,182,0,182,0,182,0,182,0,182,0,182,0,182,0,182,0,182,0,182,0,182,0,182,0,182,0,182,0,182,0,182,0,182,0,182,0,182,0,182,0,182,0,182,0,182,0,182,0,182,0,182,0,182,0,182,0,182,0,182,0,182,0,182,0,182,0,182,0,182,0,182,0,182,0,182,0,182,0,182,0,182,0,182,0,182,0,182,0,182,0,182,0,182,0,182,0,182,0,182,0,182,0,182,0,182,0,182,0,182,0,182,0,182,0,182,0,182,0,182,0,182,0,182,0,182,0,182,0,182,0,182,0,182,0,182,0,182,0,182,0,182,0,182,0,182,0,182,0,182,0,182,0,182,0,182,0,182,0,182,0,182,0,182,0,182,0,182,0,182,0,182,0,182,0,182,0,182,0,182,0,182,0,182,0,182,0,182,0,182,0,182,0,182,0,182,0,182,0,182,0,182,0,182,0,182,0,182,0,182,0,182,0,182,0,182,0,182,0,182,0,182,0,182,0,182,0,182,0,182,0,182,0,182,0,182,0,182,0,182,0,182,0,182,0,182,0,182,0,182,0,182,0,182,0,182,0,182,0,182,0,182,0,182,0,182,0,182,0,182,0,182,0,182,0,182,0,182,0,182,0,182,0,182,0,182,0,182,0,182,0,182,0,182,0,182,0,182,0,182,0,182,0,182,0,182,0,182,0,182,0,182,0,182,0,182,0,182,0,182,0,182,0,182,0,182,0,182,0,182,0
,,183,0,183,0,183,0,183,0,183,0,183,0,183,0,183,0,183,0,183,0,183,0,183,0,183,0,183,0,183,0,183,0,183,0,183,0,183,0,183,0,183,0,183,0,183,0,183,0,183,0,183,0,183,0,183,0,183,0,183,0,183,0,183,0,183,0,183,0,183,0,183,0,183,0,183,0,183,0,183,0,183,0,183,0,183,0,183,0,183,0,183,0,183,0,183,0,183,0,183,0,183,0,183,0,183,0,183,0,183,0,183,0,183,0,183,0,183,0,183,0,183,0,183,0,183,0,183,0,183,0,183,0,183,0,183,0,183,0,183,0,183,0,183,0,183,0,183,0,183,0,183,0,183,0,183,0,183,0,183,0,183,0,183,0,183,0,183,0,183,0,183,0,183,0,183,0,183,0,183,0,183,0,183,0,183,0,183,0,183,0,183,0,183,0,183,0,183,0,183,0,183,0,183,0,183,0,183,0,183,0,183,0,183,0,183,0,183,0,183,0,183,0,183,0,183,0,183,0,183,0,183,0,183,0,183,0,183,0,183,0,183,0,183,0,183,0,183,0,183,0,183,0,183,0,183,0,183,0,183,0,183,0,183,0,183,0,183,0,183,0,183,0,183,0,183,0,183,0,183,0,183,0,183,0,183,0,183,0,183,0,183,0,183,0,183,0,183,0,183,0,183,0,183,0,183,0,183,0,183,0,183,0,183,0,183,0,183,0,183,0,183,5,183,0,183,0,183,0,183,0,183,0,183,0,183,0,183,0,183,0,183,0,183,0,183,0,183,0,183,0,183,0,183,0,183,0,183,0,183,0,183,0,183,0,183,0,183,0,183,0,183,0,183,0,183,0,183,0,183,0,183,0,183,0,183,0,183,0,183,0,183,0,183,0,183,0,183,0,183,0,183,6,183,0,183,0,183,0,183,0,183,0,183,0,183,0,183,0,183,0,183,0,183,0,183,0,183,0,183,0,183,0,183,0,183,0,183,0,183,0,183,0,183,0,183,0,183,0,183,0,183,0,183,0,183,0,183,0,183,0,183,0,183,0,183,0,183,0,183,0,183,0,183,0,183,0,183,0,183,0,183,0,183,0,183,0,183,0,183,0,183,0,183,0,183,0,183,0,183,0,183,0,183,0,183,0,183,0,183,0,183,0,183,0,183,0,183,0,183,0,183,0,183,0,183,0,183,0,183,0,183,0,183,0,183,0,183,0,183,0,183,0,183,0,183,0,183,0,183,0,183,0,183,0,183,0,183,0,183,0,183,0,183,0,183,0,183,0,183,0,183,0,183,0,183,0,183,0,183,0,183,0,183,0,183,0,183,0,183,0,183,0,183,0,183,0,183,0,183,0,183,0,183,0,183,0,183,0,183,0,183,0,183,0,183,0,183,0,183,0,183,0,183,0,183,0,183,0,183,0,183,0,183,0,183,0,183,0,183,0,183,0,183,0,183,0,183,0,183,0,183,0,183,0,183,0,183,0,183,0,183,0,183,0,183,0,183,0,183,0,183,0,183,0,183,0,183,0,183,0,183,0,183,0,183,0,183,0,183,0,183,0,183,0,183,0,183,0,183,0,183,0,183,0,183,0,183,0,183,0,183,0,183,0,183,0,183,0,183,0,183,0,183,0,183,0,183,0,183,0,183,0,183,0,183,0,183,0,183,0,183,0,183,0,183,0,183,0,183,0,183,0,183,0,183,0,183,0,183,0,183,0,183,0,183,0,183,0,183,0,183,0,183,0,183,0,183,0,183,0,183,0,183,0,183,0,183,0,183,0,183,0,183,0,183,0,183,0,183,0,183,0,183,0,183,0,183,0,183,0,183,0,183,0,183,0,183,0,183,0,183,0,183,0,183,0,183,0,183,0,183,0,183,0,183,0,183,0,183,0,183,0,183,0,183,0,183,0,183,0,183,0,183,0,183,0,183,0,183,0,183,0,183,0,183,0,183,0,183,0,183,0,183,0,183,0,183,0,183,0,183,0,183,0,183,0,183,0,183,0,183,0,183,0,183,0,183,0,183,0,183,0,183,0,183,0,183,0,183,0,183,0,183,0,183,0,183,0,183,0,183,0,183,0,183,0,183,0,183,0,183,0,183,0,183,0,183,0,183,0,183,0,183,0,183,0,183,0,183,0,183,0,183,0,183,0,183,0,183,0,183,0,183,0,183,0,183,0,183,0,183,0,183,0,183,0,183,0,183,0,183,0,183,0,183,0,183,0,183,0,183,0,183,0,183,0,183,0,183,0,183,0,183,0,183,0,183,0,183,0,183,0,183,0,183,0,183,0,183,0,183,0,183,0,183,0,183,0,183,0,183,0,183,0,183,0,183,0,183,0,183,0,183,0,183,0,183,0,183,0,183,0,183,0,183,0,183,0,183,0,183,0,183,0,183,0,183,0,183,0,183,0,183,0,183,0,183,0,183,0,183,0,183,0,183,0,183,0
,,184,0,184,0,184,0,184,0,184,0,184,0,184,0,184,0,184,0,184,0,184,0,184,0,184,0,184,0,184,0,184,0,184,0,184,0,184,0,184,0,184,0,184,0,184,0,184,0,184,0,184,0,184,0,184,0,184,0,184,0,184,0,184,0,184,0,184,0,184,0,184,0,184,0,184,0,184,0,184,0,184,0,184,0,184,0,184,0,184,0,184,0,184,0,184,0,184,0,184,0,184,0,184,0,184,0,184,0,184,0,184,0,184,0,184,0,184,0,184,0,184,0,184,0,184,0,184,0,184,0,184,0,184,0,184,0,184,0,184,0,184,0,184,0,184,0,184,0,184,0,184,0,184,0,184,0,184,0,184,0,184,0,184,0,184,0,184,0,184,0,184,0,184,0,184,0,184,0,184,0,184,0,184,0,184,0,184,0,184,0,184,0,184,0,184,0,184,0,184,0,184,0,184,0,184,0,184,0,184,0,184,0,184,0,184,0,184,0,184,0,184,0,184,0,184,0,184,0,184,0,184,0,184,0,184,0,184,0,184,0,184,0,184,0,184,0,184,0,184,0,184,0,184,0,184,0,184,0,184,0,184,0,184,0,184,0,184,0,184,0,184,0,184,0,184,0,184,0,184,0,184,0,184,0,184,0,184,0,184,0,184,0,184,0,184,0,184,0,184,0,184,0,184,0,184,0,184,0,184,0,184,0,184,0,184,0,184,0,184,0,184,9,184,0,184,0,184,0,184,0,184,0,184,0,184,0,184,0,184,0,184,0,184,0,184,0,184,0,184,0,184,0,184,0,184,0,184,0,184,0,184,0,184,0,184,0,184,0,184,0,184,0,184,0,184,0,184,0,184,0,184,0,184,0,184,0,184,0,184,0,184,0,184,0,184,0,184,0,184,0,184,10,184,0,184,0,184,0,184,0,184,0,184,0,184,0,184,0,184,0,184,0,184,0,184,0,184,0,184,0,184,0,184,0,184,0,184,0,184,0,184,0,184,0,184,0,184,0,184,0,184,0,184,0,184,0,184,0,184,0,184,0,184,0,184,0,184,0,184,0,184,0,184,0,184,0,184,0,184,0,184,0,184,0,184,0,184,0,184,0,184,0,184,0,184,0,184,0,184,0,184,0,184,0,184,0,184,0,184,0,184,0,184,0,184,0,184,0,184,0,184,0,184,0,184,0,184,0,184,0,184,0,184,0,184,0,184,0,184,0,184,0,184,0,184,0,184,0,184,0,184,0,184,0,184,0,184,0,184,0,184,0,184,0,184,0,184,0,184,0,184,0,184,0,184,0,184,0,184,0,184,0,184,0,184,0,184,0,184,0,184,0,184,0,184,0,184,0,184,0,184,0,184,0,184,0,184,0,184,0,184,0,184,0,184,0,184,0,184,0,184,0,184,0,184,0,184,0,184,0,184,0,184,0,184,0,184,0,184,0,184,0,184,0,184,0,184,0,184,0,184,0,184,0,184,0,184,0,184,0,184,0,184,0,184,0,184,0,184,0,184,0,184,0,184,0,184,0,184,0,184,0,184,0,184,0,184,0,184,0,184,0,184,0,184,0,184,0,184,0,184,0,184,0,184,0,184,0,184,0,184,0,184,0,184,0,184,0,184,0,184,0,184,0,184,0,184,0,184,0,184,0,184,0,184,0,184,0,184,0,184,0,184,0,184,0,184,0,184,0,184,0,184,0,184,0,184,0,184,0,184,0,184,0,184,0,184,0,184,0,184,0,184,0,184,0,184,0,184,0,184,0,184,0,184,0,184,0,184,0,184,0,184,0,184,0,184,0,184,0,184,0,184,0,184,0,184,0,184,0,184,0,184,0,184,0,184,0,184,0,184,0,184,0,184,0,184,0,184,0,184,0,184,0,184,0,184,0,184,0,184,0,184,0,184,0,184,0,184,0,184,0,184,0,184,0,184,0,184,0,184,0,184,0,184,0,184,0,184,0,184,0,184,0,184,0,184,0,184,0,184,0,184,0,184,0,184,0,184,0,184,0,184,0,184,0,184,0,184,0,184,0,184,0,184,0,184,0,184,0,184,0,184,0,184,0,184,0,184,0,184,0,184,0,184,0,184,0,184,0,184,0,184,0,184,0,184,0,184,0,184,0,184,0,184,0,184,0,184,0,184,0,184,0,184,0,184,0,184,0,184,0,184,0,184,0,184,0,184,0,184,0,184,0,184,0,184,0,184,0,184,0,184,0,184,0,184,0,184,0,184,0,184,0,184,0,184,0,184,0,184,0,184,0,184,0,184,0,184,0,184,0,184,0,184,0,184,0,184,0,184,0,184,0,184,0,184,0,184,0,184,0,184,0,184,0,184,0,184,0,184,0,184,0,184,0,184,0,184,0,184,0,184,0,184,0,184,0,184,0,184,0,184,0,184,0,184,0,184,0,184,0,184,0,184,0,184,0,184,0,184,0,184,0,184,0,184,0
,,185,0,185,0,185,0,185,0,185,0,185,0,185,0,185,0,185,0,185,0,185,0,185,0,185,0,185,0,185,0,185,0,185,0,185,0,185,0,185,0,185,0,185,0,185,0,185,0,185,0,185,0,185,0,185,0,185,0,185,0,185,0,185,0,185,0,185,0,185,0,185,0,185,0,185,0,185,0,185,0,185,0,185,0,185,0,185,0,185,0,185,0,185,0,185,0,185,0,185,0,185,0,185,0,185,0,185,0,185,0,185,0,185,0,185,0,185,0,185,0,185,0,185,0,185,0,185,0,185,0,185,0,185,0,185,0,185,0,185,0,185,0,185,0,185,0,185,0,185,0,185,0,185,0,185,0,185,0,185,0,185,0,185,0,185,0,185,0,185,0,185,0,185,0,185,0,185,0,185,0,185,0,185,0,185,0,185,0,185,0,185,0,185,0,185,0,185,0,185,0,185,0,185,0,185,0,185,0,185,0,185,0,185,0,185,0,185,0,185,0,185,0,185,0,185,0,185,0,185,0,185,0,185,0,185,0,185,0,185,0,185,0,185,0,185,0,185,0,185,0,185,0,185,0,185,0,185,0,185,0,185,0,185,0,185,0,185,0,185,0,185,0,185,0,185,0,185,0,185,0,185,0,185,0,185,0,185,0,185,0,185,0,185,0,185,0,185,0,185,0,185,0,185,0,185,0,185,0,185,0,185,0,185,0,185,0,185,0,185,0,185,3,185,0,185,0,185,0,185,0,185,0,185,0,185,0,185,0,185,0,185,0,185,0,185,0,185,0,185,0,185,0,185,0,185,0,185,0,185,0,185,0,185,0,185,0,185,0,185,0,185,0,185,0,185,0,185,0,185,0,185,0,185,0,185,0,185,0,185,0,185,0,185,0,185,0,185,0,185,0,185,6,185,0,185,0,185,1,185,0,185,0,185,0,185,0,185,0,185,0,185,0,185,0,185,0,185,0,185,0,185,0,185,0,185,0,185,0,185,0,185,0,185,0,185,0,185,0,185,0,185,0,185,0,185,0,185,0,185,0,185,0,185,0,185,0,185,0,185,0,185,0,185,0,185,0,185,0,185,0,185,0,185,0,185,0,185,0,185,0,185,0,185,0,185,0,185,0,185,0,185,0,185,0,185,0,185,0,185,0,185,0,185,0,185,0,185,0,185,0,185,0,185,0,185,0,185,0,185,0,185,0,185,0,185,0,185,0,185,0,185,0,185,0,185,0,185,0,185,0,185,0,185,0,185,0,185,0,185,0,185,0,185,0,185,0,185,0,185,0,185,0,185,0,185,0,185,0,185,0,185,0,185,0,185,0,185,0,185,0,185,0,185,0,185,0,185,0,185,0,185,0,185,0,185,0,185,0,185,0,185,0,185,0,185,0,185,0,185,0,185,0,185,0,185,0,185,0,185,0,185,0,185,0,185,0,185,0,185,0,185,0,185,0,185,0,185,0,185,0,185,0,185,0,185,0,185,0,185,0,185,0,185,0,185,0,185,0,185,0,185,0,185,0,185,0,185,0,185,0,185,0,185,0,185,0,185,0,185,0,185,0,185,0,185,0,185,0,185,0,185,0,185,0,185,0,185,0,185,0,185,0,185,0,185,0,185,0,185,0,185,0,185,0,185,0,185,0,185,0,185,0,185,0,185,0,185,0,185,0,185,0,185,0,185,0,185,0,185,0,185,0,185,0,185,0,185,0,185,0,185,0,185,0,185,0,185,0,185,0,185,0,185,0,185,0,185,0,185,0,185,0,185,0,185,0,185,0,185,0,185,0,185,0,185,0,185,0,185,0,185,0,185,0,185,0,185,0,185,0,185,0,185,0,185,0,185,0,185,0,185,0,185,0,185,0,185,0,185,0,185,0,185,0,185,0,185,0,185,0,185,0,185,0,185,0,185,0,185,0,185,0,185,0,185,0,185,0,185,0,185,0,185,0,185,0,185,0,185,0,185,0,185,0,185,0,185,0,185,0,185,0,185,0,185,0,185,0,185,0,185,0,185,0,185,0,185,0,185,0,185,0,185,0,185,0,185,0,185,0,185,0,185,0,185,0,185,0,185,0,185,0,185,0,185,0,185,0,185,0,185,0,185,0,185,0,185,0,185,0,185,0,185,0,185,0,185,0,185,0,185,0,185,0,185,0,185,0,185,0,185,0,185,0,185,0,185,0,185,0,185,0,185,0,185,0,185,0,185,0,185,0,185,0,185,0,185,0,185,0,185,0,185,0,185,0,185,0,185,0,185,0,185,0,185,0,185,0,185,0,185,0,185,0,185,0,185,0,185,0,185,0,185,0,185,0,185,0,185,0,185,0,185,0,185,0,185,0,185,0,185,0,185,0,185,0,185,0,185,0,185,0,185,0,185,0,185,0,185,0,185,0,185,0,185,0,185,0,185,0,185,0,185,0,185,0,185,0,185,0,185,0,185,0,185,0,185,0
,,186,0,186,0,186,0,186,0,186,0,186,0,186,0,186,0,186,0,186,0,186,0,186,0,186,0,186,0,186,0,186,0,186,0,186,0,186,0,186,0,186,0,186,0,186,0,186,0,186,0,186,0,186,0,186,0,186,0,186,0,186,0,186,0,186,0,186,0,186,0,186,0,186,0,186,0,186,0,186,0,186,0,186,0,186,0,186,0,186,0,186,0,186,0,186,0,186,0,186,0,186,0,186,0,186,0,186,0,186,0,186,0,186,0,186,0,186,0,186,0,186,0,186,0,186,0,186,0,186,0,186,0,186,0,186,0,186,0,186,0,186,0,186,0,186,0,186,0,186,0,186,0,186,0,186,0,186,0,186,0,186,0,186,0,186,0,186,0,186,0,186,0,186,0,186,0,186,0,186,0,186,0,186,0,186,0,186,0,186,0,186,0,186,0,186,0,186,0,186,0,186,0,186,0,186,0,186,0,186,0,186,0,186,0,186,0,186,0,186,0,186,0,186,0,186,0,186,0,186,0,186,0,186,0,186,0,186,0,186,0,186,0,186,0,186,0,186,0,186,0,186,0,186,0,186,0,186,0,186,0,186,0,186,0,186,0,186,0,186,0,186,0,186,0,186,0,186,0,186,0,186,0,186,0,186,0,186,0,186,0,186,0,186,0,186,0,186,0,186,0,186,0,186,0,186,0,186,0,186,0,186,0,186,0,186,0,186,0,186,0,186,5,186,0,186,0,186,0,186,0,186,0,186,0,186,0,186,0,186,0,186,0,186,0,186,0,186,0,186,0,186,0,186,0,186,0,186,0,186,0,186,0,186,0,186,0,186,0,186,0,186,0,186,0,186,0,186,0,186,0,186,0,186,0,186,0,186,0,186,0,186,0,186,0,186,0,186,0,186,0,186,10,186,0,186,0,186,0,186,0,186,0,186,0,186,0,186,0,186,0,186,0,186,0,186,0,186,0,186,0,186,0,186,0,186,0,186,0,186,0,186,0,186,0,186,0,186,0,186,0,186,0,186,0,186,0,186,0,186,0,186,0,186,0,186,0,186,0,186,0,186,0,186,0,186,0,186,0,186,0,186,0,186,0,186,0,186,0,186,0,186,0,186,0,186,0,186,0,186,0,186,0,186,0,186,0,186,0,186,0,186,0,186,0,186,0,186,0,186,0,186,0,186,0,186,0,186,0,186,0,186,0,186,0,186,0,186,0,186,0,186,0,186,0,186,0,186,0,186,0,186,0,186,0,186,0,186,0,186,0,186,0,186,0,186,0,186,0,186,0,186,0,186,0,186,0,186,0,186,0,186,0,186,0,186,0,186,0,186,0,186,0,186,0,186,0,186,0,186,0,186,0,186,0,186,0,186,0,186,0,186,0,186,0,186,0,186,0,186,0,186,0,186,0,186,0,186,0,186,0,186,0,186,0,186,0,186,0,186,0,186,0,186,0,186,0,186,0,186,0,186,0,186,0,186,0,186,0,186,0,186,0,186,0,186,0,186,0,186,0,186,0,186,0,186,0,186,0,186,0,186,0,186,0,186,0,186,0,186,0,186,0,186,0,186,0,186,0,186,0,186,0,186,0,186,0,186,0,186,0,186,0,186,0,186,0,186,0,186,0,186,0,186,0,186,0,186,0,186,0,186,0,186,0,186,0,186,0,186,0,186,0,186,0,186,0,186,0,186,0,186,0,186,0,186,0,186,0,186,0,186,0,186,0,186,0,186,0,186,0,186,0,186,0,186,0,186,0,186,0,186,0,186,0,186,0,186,0,186,0,186,0,186,0,186,0,186,0,186,0,186,0,186,0,186,0,186,0,186,0,186,0,186,0,186,0,186,0,186,0,186,0,186,0,186,0,186,0,186,0,186,0,186,0,186,0,186,0,186,0,186,0,186,0,186,0,186,0,186,0,186,0,186,0,186,0,186,0,186,0,186,0,186,0,186,0,186,0,186,0,186,0,186,0,186,0,186,0,186,0,186,0,186,0,186,0,186,0,186,0,186,0,186,0,186,0,186,0,186,0,186,0,186,0,186,0,186,0,186,0,186,0,186,0,186,0,186,0,186,0,186,0,186,0,186,0,186,0,186,0,186,0,186,0,186,0,186,0,186,0,186,0,186,0,186,0,186,0,186,0,186,0,186,0,186,0,186,0,186,0,186,0,186,0,186,0,186,0,186,0,186,0,186,0,186,0,186,0,186,0,186,0,186,0,186,0,186,0,186,0,186,0,186,0,186,0,186,0,186,0,186,0,186,0,186,0,186,0,186,0,186,0,186,0,186,0,186,0,186,0,186,0,186,0,186,0,186,0,186,0,186,0,186,0,186,0,186,0,186,0,186,0,186,0,186,0,186,0,186,0,186,0,186,0,186,0,186,0,186,0,186,0,186,0,186,0,186,0,186,0,186,0,186,0,186,0,186,0,186,0,186,0,186,0,186,0,186,0
,,187,0,187,0,187,0,187,0,187,0,187,0,187,0,187,0,187,0,187,0,187,0,187,0,187,0,187,0,187,0,187,0,187,0,187,0,187,0,187,0,187,0,187,0,187,0,187,0,187,0,187,0,187,0,187,0,187,0,187,0,187,0,187,0,187,0,187,0,187,0,187,0,187,0,187,0,187,0,187,0,187,0,187,0,187,0,187,0,187,0,187,0,187,0,187,0,187,0,187,0,187,0,187,0,187,0,187,0,187,0,187,0,187,0,187,0,187,0,187,0,187,0,187,0,187,0,187,0,187,0,187,0,187,0,187,0,187,0,187,0,187,0,187,0,187,0,187,0,187,0,187,0,187,0,187,0,187,0,187,0,187,0,187,0,187,0,187,0,187,0,187,0,187,0,187,0,187,0,187,0,187,0,187,0,187,0,187,0,187,0,187,0,187,0,187,0,187,0,187,0,187,0,187,0,187,0,187,0,187,0,187,0,187,0,187,0,187,0,187,0,187,0,187,0,187,0,187,0,187,0,187,0,187,0,187,0,187,0,187,0,187,0,187,0,187,0,187,0,187,0,187,0,187,0,187,0,187,0,187,0,187,0,187,0,187,0,187,0,187,0,187,0,187,0,187,0,187,0,187,0,187,0,187,0,187,0,187,0,187,0,187,0,187,0,187,0,187,0,187,0,187,0,187,0,187,0,187,0,187,0,187,0,187,0,187,0,187,0,187,0,187,1,187,0,187,0,187,0,187,0,187,0,187,0,187,0,187,0,187,0,187,0,187,0,187,0,187,0,187,0,187,0,187,0,187,0,187,0,187,0,187,0,187,0,187,0,187,0,187,0,187,0,187,0,187,0,187,0,187,0,187,0,187,0,187,0,187,0,187,0,187,0,187,0,187,0,187,0,187,0,187,5,187,0,187,0,187,8,187,0,187,0,187,0,187,0,187,0,187,0,187,0,187,0,187,0,187,0,187,0,187,0,187,0,187,0,187,0,187,0,187,0,187,0,187,0,187,0,187,0,187,0,187,0,187,0,187,0,187,0,187,0,187,0,187,0,187,0,187,0,187,0,187,0,187,0,187,0,187,0,187,0,187,0,187,0,187,0,187,0,187,0,187,0,187,0,187,0,187,0,187,0,187,0,187,0,187,0,187,0,187,0,187,0,187,0,187,0,187,0,187,0,187,0,187,0,187,0,187,0,187,0,187,0,187,0,187,0,187,0,187,0,187,0,187,0,187,0,187,0,187,0,187,0,187,0,187,0,187,0,187,0,187,0,187,0,187,0,187,0,187,0,187,0,187,0,187,0,187,0,187,0,187,0,187,0,187,0,187,0,187,0,187,0,187,0,187,0,187,0,187,0,187,0,187,0,187,0,187,0,187,0,187,0,187,0,187,0,187,0,187,0,187,0,187,0,187,0,187,0,187,0,187,0,187,0,187,0,187,0,187,0,187,0,187,0,187,0,187,0,187,0,187,0,187,0,187,0,187,0,187,0,187,0,187,0,187,0,187,0,187,0,187,0,187,0,187,0,187,0,187,0,187,0,187,0,187,0,187,0,187,0,187,0,187,0,187,0,187,0,187,0,187,0,187,0,187,0,187,0,187,0,187,0,187,0,187,0,187,0,187,0,187,0,187,0,187,0,187,0,187,0,187,0,187,0,187,0,187,0,187,0,187,0,187,0,187,0,187,0,187,0,187,0,187,0,187,0,187,0,187,0,187,0,187,0,187,0,187,0,187,0,187,0,187,0,187,0,187,0,187,0,187,0,187,0,187,0,187,0,187,0,187,0,187,0,187,0,187,0,187,0,187,0,187,0,187,0,187,0,187,0,187,0,187,0,187,0,187,0,187,0,187,0,187,0,187,0,187,0,187,0,187,0,187,0,187,0,187,0,187,0,187,0,187,0,187,0,187,0,187,0,187,0,187,0,187,0,187,0,187,0,187,0,187,0,187,0,187,0,187,0,187,0,187,0,187,0,187,0,187,0,187,0,187,0,187,0,187,0,187,0,187,0,187,0,187,0,187,0,187,0,187,0,187,0,187,0,187,0,187,0,187,0,187,0,187,0,187,0,187,0,187,0,187,0,187,0,187,0,187,0,187,0,187,0,187,0,187,0,187,0,187,0,187,0,187,0,187,0,187,0,187,0,187,0,187,0,187,0,187,0,187,0,187,0,187,0,187,0,187,0,187,0,187,0,187,0,187,0,187,0,187,0,187,0,187,0,187,0,187,0,187,0,187,0,187,0,187,0,187,0,187,0,187,0,187,0,187,0,187,0,187,0,187,0,187,0,187,0,187,0,187,0,187,0,187,0,187,0,187,0,187,0,187,0,187,0,187,0,187,0,187,0,187,0,187,0,187,0,187,0,187,0,187,0,187,0,187,0,187,0,187,0,187,0,187,0,187,0,187,0,187,0,187,0,187,0,187,0,187,0,187,0,187,0,187,0
,,188,0,188,0,188,0,188,0,188,0,188,0,188,0,188,0,188,0,188,0,188,0,188,0,188,0,188,0,188,0,188,0,188,0,188,0,188,0,188,0,188,0,188,0,188,0,188,0,188,0,188,0,188,0,188,0,188,0,188,0,188,0,188,0,188,0,188,0,188,0,188,0,188,0,188,0,188,0,188,0,188,0,188,0,188,0,188,0,188,0,188,0,188,0,188,0,188,0,188,0,188,0,188,0,188,0,188,0,188,0,188,0,188,0,188,0,188,0,188,0,188,0,188,0,188,0,188,0,188,0,188,0,188,0,188,0,188,0,188,0,188,0,188,0,188,0,188,0,188,0,188,0,188,0,188,0,188,0,188,0,188,0,188,0,188,0,188,0,188,0,188,0,188,0,188,0,188,0,188,0,188,0,188,0,188,0,188,0,188,0,188,0,188,0,188,0,188,0,188,0,188,0,188,0,188,0,188,0,188,0,188,0,188,0,188,0,188,0,188,0,188,0,188,0,188,0,188,0,188,0,188,0,188,0,188,0,188,0,188,0,188,0,188,0,188,0,188,0,188,0,188,0,188,0,188,0,188,0,188,0,188,0,188,0,188,0,188,0,188,0,188,0,188,0,188,0,188,0,188,0,188,0,188,0,188,0,188,0,188,0,188,0,188,0,188,0,188,0,188,0,188,0,188,0,188,0,188,0,188,0,188,0,188,0,188,0,188,0,188,0,188,2,188,0,188,0,188,0,188,0,188,0,188,0,188,0,188,0,188,0,188,0,188,0,188,0,188,0,188,0,188,0,188,0,188,0,188,0,188,0,188,0,188,0,188,0,188,0,188,0,188,0,188,0,188,0,188,0,188,0,188,0,188,0,188,0,188,0,188,0,188,0,188,0,188,0,188,0,188,0,188,4,188,0,188,0,188,1,188,0,188,0,188,0,188,0,188,0,188,0,188,0,188,0,188,0,188,0,188,0,188,0,188,0,188,0,188,0,188,0,188,0,188,0,188,0,188,0,188,0,188,0,188,0,188,0,188,0,188,0,188,0,188,0,188,0,188,0,188,0,188,0,188,0,188,0,188,0,188,0,188,0,188,0,188,0,188,0,188,0,188,0,188,0,188,0,188,0,188,0,188,0,188,0,188,0,188,0,188,0,188,0,188,0,188,0,188,0,188,0,188,0,188,0,188,0,188,0,188,0,188,0,188,0,188,0,188,0,188,0,188,0,188,0,188,0,188,0,188,0,188,0,188,0,188,0,188,0,188,0,188,0,188,0,188,0,188,0,188,0,188,0,188,0,188,0,188,0,188,0,188,0,188,0,188,0,188,0,188,0,188,0,188,0,188,0,188,0,188,0,188,0,188,0,188,0,188,0,188,0,188,0,188,0,188,0,188,0,188,0,188,0,188,0,188,0,188,0,188,0,188,0,188,0,188,0,188,0,188,0,188,0,188,0,188,0,188,0,188,0,188,0,188,0,188,0,188,0,188,0,188,0,188,0,188,0,188,0,188,0,188,0,188,0,188,0,188,0,188,0,188,0,188,0,188,0,188,0,188,0,188,0,188,0,188,0,188,0,188,0,188,0,188,0,188,0,188,0,188,0,188,0,188,0,188,0,188,0,188,0,188,0,188,0,188,0,188,0,188,0,188,0,188,0,188,0,188,0,188,0,188,0,188,0,188,0,188,0,188,0,188,0,188,0,188,0,188,0,188,0,188,0,188,0,188,0,188,0,188,0,188,0,188,0,188,0,188,0,188,0,188,0,188,0,188,0,188,0,188,0,188,0,188,0,188,0,188,0,188,0,188,0,188,0,188,0,188,0,188,0,188,0,188,0,188,0,188,0,188,0,188,0,188,0,188,0,188,0,188,0,188,0,188,0,188,0,188,0,188,0,188,0,188,0,188,0,188,0,188,0,188,0,188,0,188,0,188,0,188,0,188,0,188,0,188,0,188,0,188,0,188,0,188,0,188,0,188,0,188,0,188,0,188,0,188,0,188,0,188,0,188,0,188,0,188,0,188,0,188,0,188,0,188,0,188,0,188,0,188,0,188,0,188,0,188,0,188,0,188,0,188,0,188,0,188,0,188,0,188,0,188,0,188,0,188,0,188,0,188,0,188,0,188,0,188,0,188,0,188,0,188,0,188,0,188,0,188,0,188,0,188,0,188,0,188,0,188,0,188,0,188,0,188,0,188,0,188,0,188,0,188,0,188,0,188,0,188,0,188,0,188,0,188,0,188,0,188,0,188,0,188,0,188,0,188,0,188,0,188,0,188,0,188,0,188,0,188,0,188,0,188,0,188,0,188,0,188,0,188,0,188,0,188,0,188,0,188,0,188,0,188,0,188,0,188,0,188,0,188,0,188,0,188,0,188,0,188,0,188,0,188,0,188,0,188,0,188,0,188,0,188,0,188,0,188,0,188,0,188,0,188,0,188,0,188,0,188,0
,,189,0,189,0,189,0,189,0,189,0,189,0,189,0,189,0,189,0,189,0,189,0,189,0,189,0,189,0,189,0,189,0,189,0,189,0,189,0,189,0,189,0,189,0,189,0,189,0,189,0,189,0,189,0,189,0,189,0,189,0,189,0,189,0,189,0,189,0,189,0,189,0,189,0,189,0,189,0,189,0,189,0,189,0,189,0,189,0,189,0,189,0,189,0,189,0,189,0,189,0,189,0,189,0,189,0,189,0,189,0,189,0,189,0,189,0,189,0,189,0,189,0,189,0,189,0,189,0,189,0,189,0,189,0,189,0,189,0,189,0,189,0,189,0,189,0,189,0,189,0,189,0,189,0,189,0,189,0,189,0,189,0,189,0,189,0,189,0,189,0,189,0,189,0,189,0,189,0,189,0,189,0,189,0,189,0,189,0,189,0,189,0,189,0,189,0,189,0,189,0,189,0,189,0,189,0,189,0,189,0,189,0,189,0,189,0,189,0,189,0,189,0,189,0,189,0,189,0,189,0,189,0,189,0,189,0,189,0,189,0,189,0,189,0,189,0,189,0,189,0,189,0,189,0,189,0,189,0,189,0,189,0,189,0,189,0,189,0,189,0,189,0,189,0,189,0,189,0,189,0,189,0,189,0,189,0,189,0,189,0,189,0,189,0,189,0,189,0,189,0,189,0,189,0,189,0,189,0,189,0,189,0,189,0,189,0,189,0,189,0,189,0,189,0,189,0,189,0,189,0,189,0,189,0,189,0,189,0,189,0,189,0,189,0,189,0,189,0,189,0,189,0,189,0,189,0,189,0,189,0,189,0,189,0,189,0,189,0,189,0,189,0,189,0,189,0,189,0,189,0,189,0,189,0,189,0,189,0,189,0,189,0,189,0,189,0,189,0,189,0,189,0,189,0,189,0,189,0,189,0,189,0,189,0,189,0,189,0,189,0,189,0,189,0,189,0,189,0,189,0,189,0,189,0,189,0,189,0,189,0,189,0,189,0,189,0,189,0,189,0,189,0,189,0,189,0,189,0,189,0,189,0,189,0,189,0,189,0,189,0,189,0,189,0,189,0,189,0,189,0,189,0,189,0,189,0,189,0,189,0,189,0,189,0,189,0,189,0,189,0,189,0,189,0,189,0,189,0,189,0,189,0,189,0,189,0,189,0,189,0,189,0,189,0,189,0,189,0,189,0,189,0,189,0,189,0,189,0,189,0,189,0,189,0,189,0,189,0,189,0,189,0,189,0,189,0,189,0,189,0,189,0,189,0,189,0,189,0,189,0,189,0,189,0,189,0,189,0,189,0,189,0,189,0,189,0,189,0,189,0,189,0,189,0,189,0,189,0,189,0,189,0,189,0,189,0,189,0,189,0,189,0,189,0,189,0,189,0,189,0,189,0,189,0,189,0,189,0,189,0,189,0,189,0,189,0,189,0,189,0,189,0,189,0,189,0,189,0,189,0,189,0,189,0,189,0,189,0,189,0,189,0,189,0,189,0,189,0,189,0,189,0,189,0,189,0,189,0,189,0,189,0,189,0,189,0,189,0,189,0,189,0,189,0,189,0,189,0,189,0,189,0,189,0,189,0,189,0,189,0,189,0,189,0,189,0,189,0,189,0,189,0,189,0,189,0,189,0,189,0,189,0,189,0,189,0,189,0,189,0,189,0,189,0,189,0,189,0,189,0,189,0,189,0,189,0,189,0,189,0,189,0,189,0,189,0,189,0,189,0,189,0,189,0,189,0,189,0,189,0,189,0,189,0,189,0,189,0,189,0,189,0,189,0,189,0,189,0,189,0,189,0,189,0,189,0,189,0,189,0,189,0,189,0,189,0,189,0,189,0,189,0,189,0,189,0,189,0,189,0,189,0,189,0,189,0,189,0,189,0,189,0,189,0,189,0,189,0,189,0,189,0,189,0,189,0,189,0,189,0,189,0,189,0,189,0,189,0,189,0,189,0,189,0,189,0,189,0,189,0,189,0,189,0,189,0,189,0,189,0,189,0,189,0,189,0,189,0,189,0,189,0,189,0,189,0,189,0,189,0,189,0,189,0,189,0,189,0,189,0,189,0,189,0,189,0,189,0,189,0,189,0,189,0,189,0,189,0,189,0,189,0,189,0,189,0,189,0,189,0,189,0,189,0,189,0,189,0,189,0,189,0,189,0,189,0,189,0,189,0,189,0,189,0,189,0,189,0,189,0,189,0,189,0,189,0,189,0,189,0,189,0,189,0,189,0,189,0,189,0,189,0,189,0,189,0,189,0,189,0,189,0,189,0,189,0,189,0,189,0,189,0,189,0,189,0,189,0,189,0,189,0,189,0,189,0,189,0,189,0,189,0,189,0,189,0,189,0,189,0,189,0,189,0,189,0,189,0,189,0,189,0,189,0,189,0,189,0,189,0,189,0,189,0,189,0,189,0,189,0,189,0,189,0,189,0,189,0
,,190,0,190,0,190,0,190,0,190,0,190,0,190,0,190,0,190,0,190,0,190,0,190,0,190,0,190,0,190,0,190,0,190,0,190,0,190,0,190,0,190,0,190,0,190,0,190,0,190,0,190,0,190,0,190,0,190,0,190,0,190,0,190,0,190,0,190,0,190,0,190,0,190,0,190,0,190,0,190,0,190,0,190,0,190,0,190,0,190,0,190,0,190,0,190,0,190,0,190,0,190,0,190,0,190,0,190,0,190,0,190,0,190,0,190,0,190,0,190,0,190,0,190,0,190,0,190,0,190,0,190,0,190,0,190,0,190,0,190,0,190,0,190,0,190,0,190,0,190,0,190,0,190,0,190,0,190,0,190,0,190,0,190,0,190,0,190,0,190,0,190,0,190,0,190,0,190,0,190,0,190,0,190,0,190,0,190,0,190,0,190,0,190,0,190,0,190,0,190,0,190,0,190,0,190,0,190,0,190,0,190,0,190,0,190,0,190,0,190,0,190,0,190,0,190,0,190,0,190,0,190,0,190,0,190,0,190,0,190,0,190,0,190,0,190,0,190,0,190,0,190,0,190,0,190,0,190,0,190,0,190,0,190,0,190,0,190,0,190,0,190,0,190,0,190,0,190,0,190,0,190,0,190,0,190,0,190,0,190,0,190,0,190,0,190,0,190,0,190,0,190,0,190,0,190,0,190,0,190,0,190,0,190,0,190,0,190,0,190,0,190,5,190,0,190,0,190,0,190,0,190,0,190,0,190,0,190,0,190,0,190,0,190,0,190,0,190,0,190,0,190,0,190,0,190,0,190,0,190,0,190,0,190,0,190,0,190,0,190,0,190,0,190,0,190,0,190,0,190,0,190,0,190,0,190,0,190,0,190,0,190,0,190,0,190,0,190,0,190,0,190,6,190,0,190,0,190,1,190,0,190,0,190,0,190,0,190,0,190,0,190,0,190,0,190,0,190,0,190,0,190,0,190,0,190,0,190,0,190,0,190,0,190,0,190,0,190,0,190,0,190,0,190,0,190,0,190,0,190,0,190,0,190,0,190,0,190,0,190,0,190,0,190,0,190,0,190,0,190,0,190,0,190,0,190,0,190,0,190,0,190,0,190,0,190,0,190,0,190,0,190,0,190,0,190,0,190,0,190,0,190,0,190,0,190,0,190,0,190,0,190,0,190,0,190,0,190,0,190,0,190,0,190,0,190,0,190,0,190,0,190,0,190,0,190,0,190,0,190,0,190,0,190,0,190,0,190,0,190,0,190,0,190,0,190,0,190,0,190,0,190,0,190,0,190,0,190,0,190,0,190,0,190,0,190,0,190,0,190,0,190,0,190,0,190,0,190,0,190,0,190,0,190,0,190,0,190,0,190,0,190,0,190,0,190,0,190,0,190,0,190,0,190,0,190,0,190,0,190,0,190,0,190,0,190,0,190,0,190,0,190,0,190,0,190,0,190,0,190,0,190,0,190,0,190,0,190,0,190,0,190,0,190,0,190,0,190,0,190,0,190,0,190,0,190,0,190,0,190,0,190,0,190,0,190,0,190,0,190,0,190,0,190,0,190,0,190,0,190,0,190,0,190,0,190,0,190,0,190,0,190,0,190,0,190,0,190,0,190,0,190,0,190,0,190,0,190,0,190,0,190,0,190,0,190,0,190,0,190,0,190,0,190,0,190,0,190,0,190,0,190,0,190,0,190,0,190,0,190,0,190,0,190,0,190,0,190,0,190,0,190,0,190,0,190,0,190,0,190,0,190,0,190,0,190,0,190,0,190,0,190,0,190,0,190,0,190,0,190,0,190,0,190,0,190,0,190,0,190,0,190,0,190,0,190,0,190,0,190,0,190,0,190,0,190,0,190,0,190,0,190,0,190,0,190,0,190,0,190,0,190,0,190,0,190,0,190,0,190,0,190,0,190,0,190,0,190,0,190,0,190,0,190,0,190,0,190,0,190,0,190,0,190,0,190,0,190,0,190,0,190,0,190,0,190,0,190,0,190,0,190,0,190,0,190,0,190,0,190,0,190,0,190,0,190,0,190,0,190,0,190,0,190,0,190,0,190,0,190,0,190,0,190,0,190,0,190,0,190,0,190,0,190,0,190,0,190,0,190,0,190,0,190,0,190,0,190,0,190,0,190,0,190,0,190,0,190,0,190,0,190,0,190,0,190,0,190,0,190,0,190,0,190,0,190,0,190,0,190,0,190,0,190,0,190,0,190,0,190,0,190,0,190,0,190,0,190,0,190,0,190,0,190,0,190,0,190,0,190,0,190,0,190,0,190,0,190,0,190,0,190,0,190,0,190,0,190,0,190,0,190,0,190,0,190,0,190,0,190,0,190,0,190,0,190,0,190,0,190,0,190,0,190,0,190,0,190,0,190,0,190,0,190,0,190,0,190,0,190,0,190,0,190,0,190,0,190,0,190,0,190,0,190,0,190,0,190,0
,,191,0,191,0,191,0,191,0,191,0,191,0,191,0,191,0,191,0,191,0,191,0,191,0,191,0,191,0,191,0,191,0,191,0,191,0,191,0,191,0,191,0,191,0,191,0,191,0,191,0,191,0,191,0,191,0,191,0,191,0,191,0,191,0,191,0,191,0,191,0,191,0,191,0,191,0,191,0,191,0,191,0,191,0,191,0,191,0,191,0,191,0,191,0,191,0,191,0,191,0,191,0,191,0,191,0,191,0,191,0,191,0,191,0,191,0,191,0,191,0,191,0,191,0,191,0,191,0,191,0,191,0,191,0,191,0,191,0,191,0,191,0,191,0,191,0,191,0,191,0,191,0,191,0,191,0,191,0,191,0,191,0,191,0,191,0,191,0,191,0,191,0,191,0,191,0,191,0,191,0,191,0,191,0,191,0,191,0,191,0,191,0,191,0,191,0,191,0,191,0,191,0,191,0,191,0,191,0,191,0,191,0,191,0,191,0,191,0,191,0,191,0,191,0,191,0,191,0,191,0,191,0,191,0,191,0,191,0,191,0,191,0,191,0,191,0,191,0,191,0,191,0,191,0,191,0,191,0,191,0,191,0,191,0,191,0,191,0,191,0,191,0,191,0,191,0,191,0,191,0,191,0,191,0,191,0,191,0,191,0,191,0,191,0,191,0,191,0,191,0,191,0,191,0,191,0,191,0,191,0,191,0,191,0,191,0,191,0,191,0,191,6,191,0,191,0,191,0,191,0,191,0,191,0,191,0,191,0,191,0,191,0,191,0,191,0,191,0,191,0,191,0,191,0,191,0,191,0,191,0,191,0,191,0,191,0,191,0,191,0,191,0,191,0,191,0,191,0,191,0,191,0,191,0,191,0,191,0,191,0,191,0,191,0,191,0,191,0,191,0,191,4,191,0,191,0,191,0,191,0,191,0,191,0,191,0,191,0,191,0,191,0,191,0,191,0,191,0,191,0,191,0,191,0,191,0,191,0,191,0,191,0,191,0,191,0,191,0,191,0,191,0,191,0,191,0,191,0,191,0,191,0,191,0,191,0,191,0,191,0,191,0,191,0,191,0,191,0,191,0,191,0,191,0,191,0,191,0,191,0,191,0,191,0,191,0,191,0,191,0,191,0,191,0,191,0,191,0,191,0,191,0,191,0,191,0,191,0,191,0,191,0,191,0,191,0,191,0,191,0,191,0,191,0,191,0,191,0,191,0,191,0,191,0,191,0,191,0,191,0,191,0,191,0,191,0,191,0,191,0,191,0,191,0,191,0,191,0,191,0,191,0,191,0,191,0,191,0,191,0,191,0,191,0,191,0,191,0,191,0,191,0,191,0,191,0,191,0,191,0,191,0,191,0,191,0,191,0,191,0,191,0,191,0,191,0,191,0,191,0,191,0,191,0,191,0,191,0,191,0,191,0,191,0,191,0,191,0,191,0,191,0,191,0,191,0,191,0,191,0,191,0,191,0,191,0,191,0,191,0,191,0,191,0,191,0,191,0,191,0,191,0,191,0,191,0,191,0,191,0,191,0,191,0,191,0,191,0,191,0,191,0,191,0,191,0,191,0,191,0,191,0,191,0,191,0,191,0,191,0,191,0,191,0,191,0,191,0,191,0,191,0,191,0,191,0,191,0,191,0,191,0,191,0,191,0,191,0,191,0,191,0,191,0,191,0,191,0,191,0,191,0,191,0,191,0,191,0,191,0,191,0,191,0,191,0,191,0,191,0,191,0,191,0,191,0,191,0,191,0,191,0,191,0,191,0,191,0,191,0,191,0,191,0,191,0,191,0,191,0,191,0,191,0,191,0,191,0,191,0,191,0,191,0,191,0,191,0,191,0,191,0,191,0,191,0,191,0,191,0,191,0,191,0,191,0,191,0,191,0,191,0,191,0,191,0,191,0,191,0,191,0,191,0,191,0,191,0,191,0,191,0,191,0,191,0,191,0,191,0,191,0,191,0,191,0,191,0,191,0,191,0,191,0,191,0,191,0,191,0,191,0,191,0,191,0,191,0,191,0,191,0,191,0,191,0,191,0,191,0,191,0,191,0,191,0,191,0,191,0,191,0,191,0,191,0,191,0,191,0,191,0,191,0,191,0,191,0,191,0,191,0,191,0,191,0,191,0,191,0,191,0,191,0,191,0,191,0,191,0,191,0,191,0,191,0,191,0,191,0,191,0,191,0,191,0,191,0,191,0,191,0,191,0,191,0,191,0,191,0,191,0,191,0,191,0,191,0,191,0,191,0,191,0,191,0,191,0,191,0,191,0,191,0,191,0,191,0,191,0,191,0,191,0,191,0,191,0,191,0,191,0,191,0,191,0,191,0,191,0,191,0,191,0,191,0,191,0,191,0,191,0,191,0,191,0,191,0,191,0,191,0,191,0,191,0,191,0,191,0,191,0,191,0,191,0,191,0,191,0,191,0,191,0,191,0,191,0
,,192,0,192,0,192,0,192,0,192,0,192,0,192,0,192,0,192,0,192,0,192,0,192,0,192,0,192,0,192,0,192,0,192,0,192,0,192,0,192,0,192,0,192,0,192,0,192,0,192,0,192,0,192,0,192,0,192,0,192,0,192,0,192,0,192,0,192,0,192,0,192,0,192,0,192,0,192,0,192,0,192,0,192,0,192,0,192,0,192,0,192,0,192,0,192,0,192,0,192,0,192,0,192,0,192,0,192,0,192,0,192,0,192,0,192,0,192,0,192,0,192,0,192,0,192,0,192,0,192,0,192,0,192,0,192,0,192,0,192,0,192,0,192,0,192,0,192,0,192,0,192,0,192,0,192,0,192,0,192,0,192,0,192,0,192,0,192,0,192,0,192,0,192,0,192,0,192,0,192,0,192,0,192,0,192,0,192,0,192,0,192,0,192,0,192,0,192,0,192,0,192,0,192,0,192,0,192,0,192,0,192,0,192,0,192,0,192,0,192,0,192,0,192,0,192,0,192,0,192,0,192,0,192,0,192,0,192,0,192,0,192,0,192,0,192,0,192,0,192,0,192,0,192,0,192,0,192,0,192,0,192,0,192,0,192,0,192,0,192,0,192,0,192,0,192,0,192,0,192,0,192,0,192,0,192,0,192,0,192,0,192,0,192,0,192,0,192,0,192,0,192,0,192,0,192,0,192,0,192,0,192,0,192,0,192,0,192,0,192,0,192,6,192,0,192,0,192,0,192,0,192,0,192,0,192,0,192,0,192,0,192,0,192,0,192,0,192,0,192,0,192,0,192,0,192,0,192,0,192,0,192,0,192,0,192,0,192,0,192,0,192,0,192,0,192,0,192,0,192,0,192,0,192,0,192,0,192,0,192,0,192,0,192,0,192,0,192,0,192,0,192,15,192,0,192,0,192,0,192,0,192,0,192,0,192,0,192,0,192,0,192,0,192,0,192,0,192,0,192,0,192,0,192,0,192,0,192,0,192,0,192,0,192,0,192,0,192,0,192,0,192,0,192,0,192,0,192,0,192,0,192,0,192,0,192,0,192,0,192,0,192,0,192,0,192,0,192,0,192,0,192,0,192,0,192,0,192,0,192,0,192,0,192,0,192,0,192,0,192,0,192,0,192,0,192,0,192,0,192,0,192,0,192,0,192,0,192,0,192,0,192,0,192,0,192,0,192,0,192,0,192,0,192,0,192,0,192,0,192,0,192,0,192,0,192,0,192,0,192,0,192,0,192,0,192,0,192,0,192,0,192,0,192,0,192,0,192,0,192,0,192,0,192,0,192,0,192,0,192,0,192,0,192,0,192,0,192,0,192,0,192,0,192,0,192,0,192,0,192,0,192,0,192,0,192,0,192,0,192,0,192,0,192,0,192,0,192,0,192,0,192,0,192,0,192,0,192,0,192,0,192,0,192,0,192,0,192,0,192,0,192,0,192,0,192,0,192,0,192,0,192,0,192,0,192,0,192,0,192,0,192,0,192,0,192,0,192,0,192,0,192,0,192,0,192,0,192,0,192,0,192,0,192,0,192,0,192,0,192,0,192,0,192,0,192,0,192,0,192,0,192,0,192,0,192,0,192,0,192,0,192,0,192,0,192,0,192,0,192,0,192,0,192,0,192,0,192,0,192,0,192,0,192,0,192,0,192,0,192,0,192,0,192,0,192,0,192,0,192,0,192,0,192,0,192,0,192,0,192,0,192,0,192,0,192,0,192,0,192,0,192,0,192,0,192,0,192,0,192,0,192,0,192,0,192,0,192,0,192,0,192,0,192,0,192,0,192,0,192,0,192,0,192,0,192,0,192,0,192,0,192,0,192,0,192,0,192,0,192,0,192,0,192,0,192,0,192,0,192,0,192,0,192,0,192,0,192,0,192,0,192,0,192,0,192,0,192,0,192,0,192,0,192,0,192,0,192,0,192,0,192,0,192,0,192,0,192,0,192,0,192,0,192,0,192,0,192,0,192,0,192,0,192,0,192,0,192,0,192,0,192,0,192,0,192,0,192,0,192,0,192,0,192,0,192,0,192,0,192,0,192,0,192,0,192,0,192,0,192,0,192,0,192,0,192,0,192,0,192,0,192,0,192,0,192,0,192,0,192,0,192,0,192,0,192,0,192,0,192,0,192,0,192,0,192,0,192,0,192,0,192,0,192,0,192,0,192,0,192,0,192,0,192,0,192,0,192,0,192,0,192,0,192,0,192,0,192,0,192,0,192,0,192,0,192,0,192,0,192,0,192,0,192,0,192,0,192,0,192,0,192,0,192,0,192,0,192,0,192,0,192,0,192,0,192,0,192,0,192,0,192,0,192,0,192,0,192,0,192,0,192,0,192,0,192,0,192,0,192,0,192,0,192,0,192,0,192,0,192,0,192,0,192,0,192,0,192,0,192,0,192,0,192,0,192,0,192,0,192,0,192,0,192,0,192,0,192,0
,,193,0,193,0,193,0,193,0,193,0,193,0,193,0,193,0,193,0,193,0,193,0,193,0,193,0,193,0,193,0,193,0,193,0,193,0,193,0,193,0,193,0,193,0,193,0,193,0,193,0,193,0,193,0,193,0,193,0,193,0,193,0,193,0,193,0,193,0,193,0,193,0,193,0,193,0,193,0,193,0,193,0,193,0,193,0,193,0,193,0,193,0,193,0,193,0,193,0,193,0,193,0,193,0,193,0,193,0,193,0,193,0,193,0,193,0,193,0,193,0,193,0,193,0,193,0,193,0,193,0,193,0,193,0,193,0,193,0,193,0,193,0,193,0,193,0,193,0,193,0,193,0,193,0,193,0,193,0,193,0,193,0,193,0,193,0,193,0,193,0,193,0,193,0,193,0,193,0,193,0,193,0,193,0,193,0,193,0,193,0,193,0,193,0,193,0,193,0,193,0,193,0,193,0,193,0,193,0,193,0,193,0,193,0,193,0,193,0,193,0,193,0,193,0,193,0,193,0,193,0,193,0,193,0,193,0,193,0,193,0,193,0,193,0,193,0,193,0,193,0,193,0,193,0,193,0,193,0,193,0,193,0,193,0,193,0,193,0,193,0,193,0,193,0,193,0,193,0,193,0,193,0,193,0,193,0,193,0,193,0,193,0,193,0,193,0,193,0,193,0,193,0,193,0,193,0,193,0,193,0,193,0,193,0,193,0,193,0,193,0,193,3,193,0,193,0,193,0,193,1,193,0,193,0,193,0,193,0,193,0,193,0,193,0,193,0,193,0,193,0,193,0,193,0,193,0,193,0,193,0,193,0,193,0,193,0,193,0,193,0,193,0,193,0,193,0,193,0,193,0,193,0,193,0,193,0,193,0,193,0,193,0,193,0,193,0,193,0,193,0,193,4,193,0,193,0,193,0,193,0,193,0,193,0,193,0,193,0,193,0,193,0,193,0,193,0,193,0,193,0,193,0,193,0,193,0,193,0,193,0,193,0,193,0,193,0,193,0,193,0,193,0,193,0,193,0,193,0,193,0,193,0,193,0,193,0,193,0,193,0,193,0,193,0,193,0,193,0,193,0,193,0,193,0,193,0,193,0,193,0,193,0,193,0,193,0,193,0,193,0,193,0,193,0,193,0,193,0,193,0,193,0,193,0,193,0,193,0,193,0,193,0,193,0,193,0,193,0,193,0,193,0,193,0,193,0,193,0,193,0,193,0,193,0,193,0,193,0,193,0,193,0,193,0,193,0,193,0,193,0,193,0,193,0,193,0,193,0,193,0,193,0,193,0,193,0,193,0,193,0,193,0,193,0,193,0,193,0,193,0,193,0,193,0,193,0,193,0,193,0,193,0,193,0,193,0,193,0,193,0,193,0,193,0,193,0,193,0,193,0,193,0,193,0,193,0,193,0,193,0,193,0,193,0,193,0,193,0,193,0,193,0,193,0,193,0,193,0,193,0,193,0,193,0,193,0,193,0,193,0,193,0,193,0,193,0,193,0,193,0,193,0,193,0,193,0,193,0,193,0,193,0,193,0,193,0,193,0,193,0,193,0,193,0,193,0,193,0,193,0,193,0,193,0,193,0,193,0,193,0,193,0,193,0,193,0,193,0,193,0,193,0,193,0,193,0,193,0,193,0,193,0,193,0,193,0,193,0,193,0,193,0,193,0,193,0,193,0,193,0,193,0,193,0,193,0,193,0,193,0,193,0,193,0,193,0,193,0,193,0,193,0,193,0,193,0,193,0,193,0,193,0,193,0,193,0,193,0,193,0,193,0,193,0,193,0,193,0,193,0,193,0,193,0,193,0,193,0,193,0,193,0,193,0,193,0,193,0,193,0,193,0,193,0,193,0,193,0,193,0,193,0,193,0,193,0,193,0,193,0,193,0,193,0,193,0,193,0,193,0,193,0,193,0,193,0,193,0,193,0,193,0,193,0,193,0,193,0,193,0,193,0,193,0,193,0,193,0,193,0,193,0,193,0,193,0,193,0,193,0,193,0,193,0,193,0,193,0,193,0,193,0,193,0,193,0,193,0,193,0,193,0,193,0,193,0,193,0,193,0,193,0,193,0,193,0,193,0,193,0,193,0,193,0,193,0,193,0,193,0,193,0,193,0,193,0,193,0,193,0,193,0,193,0,193,0,193,0,193,0,193,0,193,0,193,0,193,0,193,0,193,0,193,0,193,0,193,0,193,0,193,0,193,0,193,0,193,0,193,0,193,0,193,0,193,0,193,0,193,0,193,0,193,0,193,0,193,0,193,0,193,0,193,0,193,0,193,0,193,0,193,0,193,0,193,0,193,0,193,0,193,0,193,0,193,0,193,0,193,0,193,0,193,0,193,0,193,0,193,0,193,0,193,0,193,0,193,0,193,0,193,0,193,0,193,0,193,0,193,0,193,0,193,0,193,0,193,0,193,0,193,0,193,0,193,0,193,0
,,194,0,194,0,194,0,194,0,194,0,194,0,194,0,194,0,194,0,194,0,194,0,194,0,194,0,194,0,194,0,194,0,194,0,194,0,194,0,194,0,194,0,194,0,194,0,194,0,194,0,194,0,194,0,194,0,194,0,194,0,194,0,194,0,194,0,194,0,194,0,194,0,194,0,194,0,194,0,194,0,194,0,194,0,194,0,194,0,194,0,194,0,194,0,194,0,194,0,194,0,194,0,194,0,194,0,194,0,194,0,194,0,194,0,194,0,194,0,194,0,194,0,194,0,194,0,194,0,194,0,194,0,194,0,194,0,194,0,194,0,194,0,194,0,194,0,194,0,194,0,194,0,194,0,194,0,194,0,194,0,194,0,194,0,194,0,194,0,194,0,194,0,194,0,194,0,194,0,194,0,194,0,194,0,194,0,194,0,194,0,194,0,194,0,194,0,194,0,194,0,194,0,194,0,194,0,194,0,194,0,194,0,194,0,194,0,194,0,194,0,194,0,194,0,194,0,194,0,194,0,194,0,194,0,194,0,194,0,194,0,194,0,194,0,194,0,194,0,194,0,194,0,194,0,194,0,194,0,194,0,194,0,194,0,194,0,194,0,194,0,194,0,194,0,194,0,194,0,194,0,194,0,194,0,194,0,194,0,194,0,194,0,194,0,194,0,194,0,194,0,194,0,194,0,194,0,194,0,194,0,194,0,194,0,194,0,194,0,194,0,194,2,194,0,194,0,194,0,194,1,194,0,194,0,194,0,194,0,194,0,194,0,194,0,194,0,194,0,194,0,194,0,194,0,194,0,194,0,194,0,194,0,194,0,194,0,194,0,194,0,194,0,194,0,194,0,194,0,194,0,194,0,194,0,194,0,194,0,194,0,194,0,194,0,194,0,194,0,194,0,194,2,194,0,194,0,194,0,194,0,194,0,194,0,194,0,194,0,194,0,194,0,194,0,194,0,194,0,194,0,194,0,194,0,194,0,194,0,194,0,194,0,194,0,194,0,194,0,194,0,194,0,194,0,194,0,194,0,194,0,194,0,194,0,194,0,194,0,194,0,194,0,194,0,194,0,194,0,194,0,194,0,194,0,194,0,194,0,194,0,194,0,194,0,194,0,194,0,194,0,194,0,194,0,194,0,194,0,194,0,194,0,194,0,194,0,194,0,194,0,194,0,194,0,194,0,194,0,194,0,194,0,194,0,194,0,194,0,194,0,194,0,194,0,194,0,194,0,194,0,194,0,194,0,194,0,194,0,194,0,194,0,194,0,194,0,194,0,194,0,194,0,194,0,194,0,194,0,194,0,194,0,194,0,194,0,194,0,194,0,194,0,194,0,194,0,194,0,194,0,194,0,194,0,194,0,194,0,194,0,194,0,194,0,194,0,194,0,194,0,194,0,194,0,194,0,194,0,194,0,194,0,194,0,194,0,194,0,194,0,194,0,194,0,194,0,194,0,194,0,194,0,194,0,194,0,194,0,194,0,194,0,194,0,194,0,194,0,194,0,194,0,194,0,194,0,194,0,194,0,194,0,194,0,194,0,194,0,194,0,194,0,194,0,194,0,194,0,194,0,194,0,194,0,194,0,194,0,194,0,194,0,194,0,194,0,194,0,194,0,194,0,194,0,194,0,194,0,194,0,194,0,194,0,194,0,194,0,194,0,194,0,194,0,194,0,194,0,194,0,194,0,194,0,194,0,194,0,194,0,194,0,194,0,194,0,194,0,194,0,194,0,194,0,194,0,194,0,194,0,194,0,194,0,194,0,194,0,194,0,194,0,194,0,194,0,194,0,194,0,194,0,194,0,194,0,194,0,194,0,194,0,194,0,194,0,194,0,194,0,194,0,194,0,194,0,194,0,194,0,194,0,194,0,194,0,194,0,194,0,194,0,194,0,194,0,194,0,194,0,194,0,194,0,194,0,194,0,194,0,194,0,194,0,194,0,194,0,194,0,194,0,194,0,194,0,194,0,194,0,194,0,194,0,194,0,194,0,194,0,194,0,194,0,194,0,194,0,194,0,194,0,194,0,194,0,194,0,194,0,194,0,194,0,194,0,194,0,194,0,194,0,194,0,194,0,194,0,194,0,194,0,194,0,194,0,194,0,194,0,194,0,194,0,194,0,194,0,194,0,194,0,194,0,194,0,194,0,194,0,194,0,194,0,194,0,194,0,194,0,194,0,194,0,194,0,194,0,194,0,194,0,194,0,194,0,194,0,194,0,194,0,194,0,194,0,194,0,194,0,194,0,194,0,194,0,194,0,194,0,194,0,194,0,194,0,194,0,194,0,194,0,194,0,194,0,194,0,194,0,194,0,194,0,194,0,194,0,194,0,194,0,194,0,194,0,194,0,194,0,194,0,194,0,194,0,194,0,194,0,194,0,194,0,194,0,194,0,194,0,194,0,194,0,194,0,194,0,194,0,194,0,194,0,194,0,194,0
,,195,0,195,0,195,0,195,0,195,0,195,0,195,0,195,0,195,0,195,0,195,0,195,0,195,0,195,0,195,0,195,0,195,0,195,0,195,0,195,0,195,0,195,0,195,0,195,0,195,0,195,0,195,0,195,0,195,0,195,0,195,0,195,0,195,0,195,0,195,0,195,0,195,0,195,0,195,0,195,0,195,0,195,0,195,0,195,0,195,0,195,0,195,0,195,0,195,0,195,0,195,0,195,0,195,0,195,0,195,0,195,0,195,0,195,0,195,0,195,0,195,0,195,0,195,0,195,0,195,0,195,0,195,0,195,0,195,0,195,0,195,0,195,0,195,0,195,0,195,0,195,0,195,0,195,0,195,0,195,0,195,0,195,0,195,0,195,0,195,0,195,0,195,0,195,0,195,0,195,0,195,0,195,0,195,0,195,0,195,0,195,0,195,0,195,0,195,0,195,0,195,0,195,0,195,0,195,0,195,0,195,0,195,0,195,0,195,0,195,0,195,0,195,0,195,0,195,0,195,0,195,0,195,0,195,0,195,0,195,0,195,0,195,0,195,0,195,0,195,0,195,0,195,0,195,0,195,0,195,0,195,0,195,0,195,0,195,0,195,0,195,0,195,0,195,0,195,0,195,0,195,0,195,0,195,0,195,0,195,0,195,0,195,0,195,0,195,0,195,0,195,0,195,0,195,0,195,0,195,0,195,0,195,0,195,0,195,0,195,0,195,4,195,0,195,0,195,0,195,0,195,0,195,0,195,0,195,0,195,0,195,0,195,0,195,0,195,0,195,0,195,0,195,0,195,0,195,0,195,0,195,0,195,0,195,0,195,0,195,0,195,0,195,0,195,0,195,0,195,0,195,0,195,0,195,0,195,0,195,0,195,0,195,0,195,0,195,0,195,0,195,4,195,0,195,0,195,0,195,0,195,0,195,0,195,0,195,0,195,0,195,0,195,0,195,0,195,0,195,0,195,0,195,0,195,0,195,0,195,0,195,0,195,0,195,0,195,0,195,0,195,0,195,0,195,0,195,0,195,0,195,0,195,0,195,0,195,0,195,0,195,0,195,0,195,0,195,0,195,0,195,0,195,0,195,0,195,0,195,0,195,0,195,0,195,0,195,0,195,0,195,0,195,0,195,0,195,0,195,0,195,0,195,0,195,0,195,0,195,0,195,0,195,0,195,0,195,0,195,0,195,0,195,0,195,0,195,0,195,0,195,0,195,0,195,0,195,0,195,0,195,0,195,0,195,0,195,0,195,0,195,0,195,0,195,0,195,0,195,0,195,0,195,0,195,0,195,0,195,0,195,0,195,0,195,0,195,0,195,0,195,0,195,0,195,0,195,0,195,0,195,0,195,0,195,0,195,0,195,0,195,0,195,0,195,0,195,0,195,0,195,0,195,0,195,0,195,0,195,0,195,0,195,0,195,0,195,0,195,0,195,0,195,0,195,0,195,0,195,0,195,0,195,0,195,0,195,0,195,0,195,0,195,0,195,0,195,0,195,0,195,0,195,0,195,0,195,0,195,0,195,0,195,0,195,0,195,0,195,0,195,0,195,0,195,0,195,0,195,0,195,0,195,0,195,0,195,0,195,0,195,0,195,0,195,0,195,0,195,0,195,0,195,0,195,0,195,0,195,0,195,0,195,0,195,0,195,0,195,0,195,0,195,0,195,0,195,0,195,0,195,0,195,0,195,0,195,0,195,0,195,0,195,0,195,0,195,0,195,0,195,0,195,0,195,0,195,0,195,0,195,0,195,0,195,0,195,0,195,0,195,0,195,0,195,0,195,0,195,0,195,0,195,0,195,0,195,0,195,0,195,0,195,0,195,0,195,0,195,0,195,0,195,0,195,0,195,0,195,0,195,0,195,0,195,0,195,0,195,0,195,0,195,0,195,0,195,0,195,0,195,0,195,0,195,0,195,0,195,0,195,0,195,0,195,0,195,0,195,0,195,0,195,0,195,0,195,0,195,0,195,0,195,0,195,0,195,0,195,0,195,0,195,0,195,0,195,0,195,0,195,0,195,0,195,0,195,0,195,0,195,0,195,0,195,0,195,0,195,0,195,0,195,0,195,0,195,0,195,0,195,0,195,0,195,0,195,0,195,0,195,0,195,0,195,0,195,0,195,0,195,0,195,0,195,0,195,0,195,0,195,0,195,0,195,0,195,0,195,0,195,0,195,0,195,0,195,0,195,0,195,0,195,0,195,0,195,0,195,0,195,0,195,0,195,0,195,0,195,0,195,0,195,0,195,0,195,0,195,0,195,0,195,0,195,0,195,0,195,0,195,0,195,0,195,0,195,0,195,0,195,0,195,0,195,0,195,0,195,0,195,0,195,0,195,0,195,0,195,0,195,0,195,0,195,0,195,0,195,0,195,0,195,0,195,0,195,0,195,0,195,0,195,0,195,0,195,0,195,0,195,0,195,0,195,0,195,0
,,196,0,196,0,196,0,196,0,196,0,196,0,196,0,196,0,196,0,196,0,196,0,196,0,196,0,196,0,196,0,196,0,196,0,196,0,196,0,196,0,196,0,196,0,196,0,196,0,196,0,196,0,196,0,196,0,196,0,196,0,196,0,196,0,196,0,196,0,196,0,196,0,196,0,196,0,196,0,196,0,196,0,196,0,196,0,196,0,196,0,196,0,196,0,196,0,196,0,196,0,196,0,196,0,196,0,196,0,196,0,196,0,196,0,196,0,196,0,196,0,196,0,196,0,196,0,196,0,196,0,196,0,196,0,196,0,196,0,196,0,196,0,196,0,196,0,196,0,196,0,196,0,196,0,196,0,196,0,196,0,196,0,196,0,196,0,196,0,196,0,196,0,196,0,196,0,196,0,196,0,196,0,196,0,196,0,196,0,196,0,196,0,196,0,196,0,196,0,196,0,196,0,196,0,196,0,196,0,196,0,196,0,196,0,196,0,196,0,196,0,196,0,196,0,196,0,196,0,196,0,196,0,196,0,196,0,196,0,196,0,196,0,196,0,196,0,196,0,196,0,196,0,196,0,196,0,196,0,196,0,196,0,196,0,196,0,196,0,196,0,196,0,196,0,196,0,196,0,196,0,196,0,196,0,196,0,196,0,196,0,196,0,196,0,196,0,196,0,196,0,196,0,196,0,196,0,196,0,196,0,196,0,196,0,196,0,196,0,196,0,196,15,196,0,196,0,196,0,196,0,196,0,196,0,196,0,196,0,196,0,196,0,196,0,196,0,196,0,196,0,196,0,196,0,196,0,196,0,196,0,196,0,196,0,196,0,196,0,196,0,196,0,196,0,196,0,196,0,196,0,196,0,196,0,196,0,196,0,196,0,196,0,196,0,196,0,196,0,196,0,196,6,196,0,196,0,196,0,196,0,196,0,196,0,196,0,196,0,196,0,196,0,196,0,196,0,196,0,196,0,196,0,196,0,196,0,196,0,196,0,196,0,196,0,196,0,196,0,196,0,196,0,196,0,196,0,196,0,196,0,196,0,196,0,196,0,196,0,196,0,196,0,196,0,196,0,196,0,196,0,196,0,196,0,196,0,196,0,196,0,196,0,196,0,196,0,196,0,196,0,196,0,196,0,196,0,196,0,196,0,196,0,196,0,196,0,196,0,196,0,196,0,196,0,196,0,196,0,196,0,196,0,196,0,196,0,196,0,196,0,196,0,196,0,196,0,196,0,196,0,196,0,196,0,196,0,196,0,196,0,196,0,196,0,196,0,196,0,196,0,196,0,196,0,196,0,196,0,196,0,196,0,196,0,196,0,196,0,196,0,196,0,196,0,196,0,196,0,196,0,196,0,196,0,196,0,196,0,196,0,196,0,196,0,196,0,196,0,196,0,196,0,196,0,196,0,196,0,196,0,196,0,196,0,196,0,196,0,196,0,196,0,196,0,196,0,196,0,196,0,196,0,196,0,196,0,196,0,196,0,196,0,196,0,196,0,196,0,196,0,196,0,196,0,196,0,196,0,196,0,196,0,196,0,196,0,196,0,196,0,196,0,196,0,196,0,196,0,196,0,196,0,196,0,196,0,196,0,196,0,196,0,196,0,196,0,196,0,196,0,196,0,196,0,196,0,196,0,196,0,196,0,196,0,196,0,196,0,196,0,196,0,196,0,196,0,196,0,196,0,196,0,196,0,196,0,196,0,196,0,196,0,196,0,196,0,196,0,196,0,196,0,196,0,196,0,196,0,196,0,196,0,196,0,196,0,196,0,196,0,196,0,196,0,196,0,196,0,196,0,196,0,196,0,196,0,196,0,196,0,196,0,196,0,196,0,196,0,196,0,196,0,196,0,196,0,196,0,196,0,196,0,196,0,196,0,196,0,196,0,196,0,196,0,196,0,196,0,196,0,196,0,196,0,196,0,196,0,196,0,196,0,196,0,196,0,196,0,196,0,196,0,196,0,196,0,196,0,196,0,196,0,196,0,196,0,196,0,196,0,196,0,196,0,196,0,196,0,196,0,196,0,196,0,196,0,196,0,196,0,196,0,196,0,196,0,196,0,196,0,196,0,196,0,196,0,196,0,196,0,196,0,196,0,196,0,196,0,196,0,196,0,196,0,196,0,196,0,196,0,196,0,196,0,196,0,196,0,196,0,196,0,196,0,196,0,196,0,196,0,196,0,196,0,196,0,196,0,196,0,196,0,196,0,196,0,196,0,196,0,196,0,196,0,196,0,196,0,196,0,196,0,196,0,196,0,196,0,196,0,196,0,196,0,196,0,196,0,196,0,196,0,196,0,196,0,196,0,196,0,196,0,196,0,196,0,196,0,196,0,196,0,196,0,196,0,196,0,196,0,196,0,196,0,196,0,196,0,196,0,196,0,196,0,196,0,196,0,196,0,196,0,196,0,196,0,196,0,196,0,196,0,196,0,196,0,196,0
,,197,0,197,0,197,0,197,0,197,0,197,0,197,0,197,0,197,0,197,0,197,0,197,0,197,0,197,0,197,0,197,0,197,0,197,0,197,0,197,0,197,0,197,0,197,0,197,0,197,0,197,0,197,0,197,0,197,0,197,0,197,0,197,0,197,0,197,0,197,0,197,0,197,0,197,0,197,0,197,0,197,0,197,0,197,0,197,0,197,0,197,0,197,0,197,0,197,0,197,0,197,0,197,0,197,0,197,0,197,0,197,0,197,0,197,0,197,0,197,0,197,0,197,0,197,0,197,0,197,0,197,0,197,0,197,0,197,0,197,0,197,0,197,0,197,0,197,0,197,0,197,0,197,0,197,0,197,0,197,0,197,0,197,0,197,0,197,0,197,0,197,0,197,0,197,0,197,0,197,0,197,0,197,0,197,0,197,0,197,0,197,0,197,0,197,0,197,0,197,0,197,0,197,0,197,0,197,0,197,0,197,0,197,0,197,0,197,0,197,0,197,0,197,0,197,0,197,0,197,0,197,0,197,0,197,0,197,0,197,0,197,0,197,0,197,0,197,0,197,0,197,0,197,0,197,0,197,0,197,0,197,0,197,0,197,0,197,0,197,0,197,0,197,0,197,0,197,0,197,0,197,0,197,0,197,0,197,0,197,0,197,0,197,0,197,0,197,0,197,0,197,0,197,0,197,0,197,0,197,0,197,0,197,0,197,0,197,0,197,0,197,1,197,0,197,0,197,0,197,0,197,0,197,0,197,0,197,0,197,0,197,0,197,0,197,0,197,0,197,0,197,0,197,0,197,0,197,0,197,0,197,0,197,0,197,0,197,0,197,0,197,0,197,0,197,0,197,0,197,0,197,0,197,0,197,0,197,0,197,0,197,0,197,0,197,0,197,0,197,0,197,0,197,0,197,0,197,0,197,0,197,0,197,0,197,0,197,0,197,0,197,0,197,0,197,0,197,0,197,0,197,0,197,0,197,0,197,0,197,0,197,0,197,0,197,0,197,0,197,0,197,0,197,0,197,0,197,0,197,0,197,0,197,0,197,0,197,0,197,0,197,0,197,0,197,0,197,0,197,0,197,0,197,0,197,0,197,0,197,0,197,0,197,0,197,0,197,0,197,0,197,0,197,0,197,0,197,0,197,0,197,0,197,0,197,0,197,0,197,0,197,0,197,0,197,0,197,0,197,0,197,0,197,0,197,0,197,0,197,0,197,0,197,0,197,0,197,0,197,0,197,0,197,0,197,0,197,0,197,0,197,0,197,0,197,0,197,0,197,0,197,0,197,0,197,0,197,0,197,0,197,0,197,0,197,0,197,0,197,0,197,0,197,0,197,0,197,0,197,0,197,0,197,0,197,0,197,0,197,0,197,0,197,0,197,0,197,0,197,0,197,0,197,0,197,0,197,0,197,0,197,0,197,0,197,0,197,0,197,0,197,0,197,0,197,0,197,0,197,0,197,0,197,0,197,0,197,0,197,0,197,0,197,0,197,0,197,0,197,0,197,0,197,0,197,0,197,0,197,0,197,0,197,0,197,0,197,0,197,0,197,0,197,0,197,0,197,0,197,0,197,0,197,0,197,0,197,0,197,0,197,0,197,0,197,0,197,0,197,0,197,0,197,0,197,0,197,0,197,0,197,0,197,0,197,0,197,0,197,0,197,0,197,0,197,0,197,0,197,0,197,0,197,0,197,0,197,0,197,0,197,0,197,0,197,0,197,0,197,0,197,0,197,0,197,0,197,0,197,0,197,0,197,0,197,0,197,0,197,0,197,0,197,0,197,0,197,0,197,0,197,0,197,0,197,0,197,0,197,0,197,0,197,0,197,0,197,0,197,0,197,0,197,0,197,0,197,0,197,0,197,0,197,0,197,0,197,0,197,0,197,0,197,0,197,0,197,0,197,0,197,0,197,0,197,0,197,0,197,0,197,0,197,0,197,0,197,0,197,0,197,0,197,0,197,0,197,0,197,0,197,0,197,0,197,0,197,0,197,0,197,0,197,0,197,0,197,0,197,0,197,0,197,0,197,0,197,0,197,0,197,0,197,0,197,0,197,0,197,0,197,0,197,0,197,0,197,0,197,0,197,0,197,0,197,0,197,0,197,0,197,0,197,0,197,0,197,0,197,0,197,0,197,0,197,0,197,0,197,0,197,0,197,0,197,0,197,0,197,0,197,0,197,0,197,0,197,0,197,0,197,0,197,0,197,0,197,0,197,0,197,0,197,0,197,0,197,0,197,0,197,0,197,0,197,0,197,0,197,0,197,0,197,0,197,0,197,0,197,0,197,0,197,0,197,0,197,0,197,0,197,0,197,0,197,0,197,0,197,0,197,0,197,0,197,0,197,0,197,0,197,0,197,0,197,0,197,0,197,0,197,0,197,0,197,0,197,0,197,0,197,0,197,0,197,0,197,0,197,0,197,0,197,0,197,0,197,0
,,198,0,198,0,198,0,198,0,198,0,198,0,198,0,198,0,198,0,198,0,198,0,198,0,198,0,198,0,198,0,198,0,198,0,198,0,198,0,198,0,198,0,198,0,198,0,198,0,198,0,198,0,198,0,198,0,198,0,198,0,198,0,198,0,198,0,198,0,198,0,198,0,198,0,198,0,198,0,198,0,198,0,198,0,198,0,198,0,198,0,198,0,198,0,198,0,198,0,198,0,198,0,198,0,198,0,198,0,198,0,198,0,198,0,198,0,198,0,198,0,198,0,198,0,198,0,198,0,198,0,198,0,198,0,198,0,198,0,198,0,198,0,198,0,198,0,198,0,198,0,198,0,198,0,198,0,198,0,198,0,198,0,198,0,198,0,198,0,198,0,198,0,198,0,198,0,198,0,198,0,198,0,198,0,198,0,198,0,198,0,198,0,198,0,198,0,198,0,198,0,198,0,198,0,198,0,198,0,198,0,198,0,198,0,198,0,198,0,198,0,198,0,198,0,198,0,198,0,198,0,198,0,198,0,198,0,198,0,198,0,198,0,198,0,198,0,198,0,198,0,198,0,198,0,198,0,198,0,198,0,198,0,198,0,198,0,198,0,198,0,198,0,198,0,198,0,198,0,198,0,198,0,198,0,198,0,198,0,198,0,198,0,198,0,198,0,198,0,198,0,198,0,198,0,198,0,198,0,198,0,198,0,198,0,198,0,198,0,198,0,198,1,198,0,198,0,198,0,198,0,198,0,198,0,198,0,198,0,198,0,198,0,198,0,198,0,198,0,198,0,198,0,198,0,198,0,198,0,198,0,198,0,198,0,198,0,198,0,198,0,198,0,198,0,198,0,198,0,198,0,198,0,198,0,198,0,198,0,198,0,198,0,198,0,198,0,198,0,198,0,198,1,198,0,198,0,198,0,198,0,198,0,198,0,198,0,198,0,198,0,198,0,198,0,198,0,198,0,198,0,198,0,198,0,198,0,198,0,198,0,198,0,198,0,198,0,198,0,198,0,198,0,198,0,198,0,198,0,198,0,198,0,198,0,198,0,198,0,198,0,198,0,198,0,198,0,198,0,198,0,198,0,198,0,198,0,198,0,198,0,198,0,198,0,198,0,198,0,198,0,198,0,198,0,198,0,198,0,198,0,198,0,198,0,198,0,198,0,198,0,198,0,198,0,198,0,198,0,198,0,198,0,198,0,198,0,198,0,198,0,198,0,198,0,198,0,198,0,198,0,198,0,198,0,198,0,198,0,198,0,198,0,198,0,198,0,198,0,198,0,198,0,198,0,198,0,198,0,198,0,198,0,198,0,198,0,198,0,198,0,198,0,198,0,198,0,198,0,198,0,198,0,198,0,198,0,198,0,198,0,198,0,198,0,198,0,198,0,198,0,198,0,198,0,198,0,198,0,198,0,198,0,198,0,198,0,198,0,198,0,198,0,198,0,198,0,198,0,198,0,198,0,198,0,198,0,198,0,198,0,198,0,198,0,198,0,198,0,198,0,198,0,198,0,198,0,198,0,198,0,198,0,198,0,198,0,198,0,198,0,198,0,198,0,198,0,198,0,198,0,198,0,198,0,198,0,198,0,198,0,198,0,198,0,198,0,198,0,198,0,198,0,198,0,198,0,198,0,198,0,198,0,198,0,198,0,198,0,198,0,198,0,198,0,198,0,198,0,198,0,198,0,198,0,198,0,198,0,198,0,198,0,198,0,198,0,198,0,198,0,198,0,198,0,198,0,198,0,198,0,198,0,198,0,198,0,198,0,198,0,198,0,198,0,198,0,198,0,198,0,198,0,198,0,198,0,198,0,198,0,198,0,198,0,198,0,198,0,198,0,198,0,198,0,198,0,198,0,198,0,198,0,198,0,198,0,198,0,198,0,198,0,198,0,198,0,198,0,198,0,198,0,198,0,198,0,198,0,198,0,198,0,198,0,198,0,198,0,198,0,198,0,198,0,198,0,198,0,198,0,198,0,198,0,198,0,198,0,198,0,198,0,198,0,198,0,198,0,198,0,198,0,198,0,198,0,198,0,198,0,198,0,198,0,198,0,198,0,198,0,198,0,198,0,198,0,198,0,198,0,198,0,198,0,198,0,198,0,198,0,198,0,198,0,198,0,198,0,198,0,198,0,198,0,198,0,198,0,198,0,198,0,198,0,198,0,198,0,198,0,198,0,198,0,198,0,198,0,198,0,198,0,198,0,198,0,198,0,198,0,198,0,198,0,198,0,198,0,198,0,198,0,198,0,198,0,198,0,198,0,198,0,198,0,198,0,198,0,198,0,198,0,198,0,198,0,198,0,198,0,198,0,198,0,198,0,198,0,198,0,198,0,198,0,198,0,198,0,198,0,198,0,198,0,198,0,198,0,198,0,198,0,198,0,198,0,198,0,198,0,198,0,198,0,198,0,198,0,198,0,198,0,198,0,198,0,198,0
,,199,0,199,0,199,0,199,0,199,0,199,0,199,0,199,0,199,0,199,0,199,0,199,0,199,0,199,0,199,0,199,0,199,0,199,0,199,0,199,0,199,0,199,0,199,0,199,0,199,0,199,0,199,0,199,0,199,0,199,0,199,0,199,0,199,0,199,0,199,0,199,0,199,0,199,0,199,0,199,0,199,0,199,0,199,0,199,0,199,0,199,0,199,0,199,0,199,0,199,0,199,0,199,0,199,0,199,0,199,0,199,0,199,0,199,0,199,0,199,0,199,0,199,0,199,0,199,0,199,0,199,0,199,0,199,0,199,0,199,0,199,0,199,0,199,0,199,0,199,0,199,0,199,0,199,0,199,0,199,0,199,0,199,0,199,0,199,0,199,0,199,0,199,0,199,0,199,0,199,0,199,0,199,0,199,0,199,0,199,0,199,0,199,0,199,0,199,0,199,0,199,0,199,0,199,0,199,0,199,0,199,0,199,0,199,0,199,0,199,0,199,0,199,0,199,0,199,0,199,0,199,0,199,0,199,0,199,0,199,0,199,0,199,0,199,0,199,0,199,0,199,0,199,0,199,0,199,0,199,0,199,0,199,0,199,0,199,0,199,0,199,0,199,0,199,0,199,0,199,0,199,0,199,0,199,0,199,0,199,0,199,0,199,0,199,0,199,0,199,0,199,0,199,0,199,0,199,0,199,0,199,0,199,0,199,0,199,0,199,0,199,2,199,0,199,0,199,0,199,0,199,0,199,0,199,0,199,0,199,0,199,0,199,0,199,0,199,0,199,0,199,0,199,0,199,0,199,0,199,0,199,0,199,0,199,0,199,0,199,0,199,0,199,0,199,0,199,0,199,0,199,0,199,0,199,0,199,0,199,0,199,0,199,0,199,0,199,0,199,0,199,5,199,0,199,0,199,5,199,0,199,0,199,0,199,0,199,0,199,0,199,0,199,0,199,0,199,0,199,0,199,0,199,0,199,0,199,0,199,0,199,0,199,0,199,0,199,0,199,0,199,0,199,0,199,0,199,0,199,0,199,0,199,0,199,0,199,0,199,0,199,0,199,0,199,0,199,0,199,0,199,0,199,0,199,0,199,0,199,0,199,0,199,0,199,0,199,0,199,0,199,0,199,0,199,0,199,0,199,0,199,0,199,0,199,0,199,0,199,0,199,0,199,0,199,0,199,0,199,0,199,0,199,0,199,0,199,0,199,0,199,0,199,0,199,0,199,0,199,0,199,0,199,0,199,0,199,0,199,0,199,0,199,0,199,0,199,0,199,0,199,0,199,0,199,0,199,0,199,0,199,0,199,0,199,0,199,0,199,0,199,0,199,0,199,0,199,0,199,0,199,0,199,0,199,0,199,0,199,0,199,0,199,0,199,0,199,0,199,0,199,0,199,0,199,0,199,0,199,0,199,0,199,0,199,0,199,0,199,0,199,0,199,0,199,0,199,0,199,0,199,0,199,0,199,0,199,0,199,0,199,0,199,0,199,0,199,0,199,0,199,0,199,0,199,0,199,0,199,0,199,0,199,0,199,0,199,0,199,0,199,0,199,0,199,0,199,0,199,0,199,0,199,0,199,0,199,0,199,0,199,0,199,0,199,0,199,0,199,0,199,0,199,0,199,0,199,0,199,0,199,0,199,0,199,0,199,0,199,0,199,0,199,0,199,0,199,0,199,0,199,0,199,0,199,0,199,0,199,0,199,0,199,0,199,0,199,0,199,0,199,0,199,0,199,0,199,0,199,0,199,0,199,0,199,0,199,0,199,0,199,0,199,0,199,0,199,0,199,0,199,0,199,0,199,0,199,0,199,0,199,0,199,0,199,0,199,0,199,0,199,0,199,0,199,0,199,0,199,0,199,0,199,0,199,0,199,0,199,0,199,0,199,0,199,0,199,0,199,0,199,0,199,0,199,0,199,0,199,0,199,0,199,0,199,0,199,0,199,0,199,0,199,0,199,0,199,0,199,0,199,0,199,0,199,0,199,0,199,0,199,0,199,0,199,0,199,0,199,0,199,0,199,0,199,0,199,0,199,0,199,0,199,0,199,0,199,0,199,0,199,0,199,0,199,0,199,0,199,0,199,0,199,0,199,0,199,0,199,0,199,0,199,0,199,0,199,0,199,0,199,0,199,0,199,0,199,0,199,0,199,0,199,0,199,0,199,0,199,0,199,0,199,0,199,0,199,0,199,0,199,0,199,0,199,0,199,0,199,0,199,0,199,0,199,0,199,0,199,0,199,0,199,0,199,0,199,0,199,0,199,0,199,0,199,0,199,0,199,0,199,0,199,0,199,0,199,0,199,0,199,0,199,0,199,0,199,0,199,0,199,0,199,0,199,0,199,0,199,0,199,0,199,0,199,0,199,0,199,0,199,0,199,0,199,0,199,0,199,0,199,0,199,0,199,0,199,0,199,0,199,0,199,0,199,0,199,0
,,200,0,200,0,200,0,200,0,200,0,200,0,200,0,200,0,200,0,200,0,200,0,200,0,200,0,200,0,200,0,200,0,200,0,200,0,200,0,200,0,200,0,200,0,200,0,200,0,200,0,200,0,200,0,200,0,200,0,200,0,200,0,200,0,200,0,200,0,200,0,200,0,200,0,200,0,200,0,200,0,200,0,200,0,200,0,200,0,200,0,200,0,200,0,200,0,200,0,200,0,200,0,200,0,200,0,200,0,200,0,200,0,200,0,200,0,200,0,200,0,200,0,200,0,200,0,200,0,200,0,200,0,200,0,200,0,200,0,200,0,200,0,200,0,200,0,200,0,200,0,200,0,200,0,200,0,200,0,200,0,200,0,200,0,200,0,200,0,200,0,200,0,200,0,200,0,200,0,200,0,200,0,200,0,200,0,200,0,200,0,200,0,200,0,200,0,200,0,200,0,200,0,200,0,200,0,200,0,200,0,200,0,200,0,200,0,200,0,200,0,200,0,200,0,200,0,200,0,200,0,200,0,200,0,200,0,200,0,200,0,200,0,200,0,200,0,200,0,200,0,200,0,200,0,200,0,200,0,200,0,200,0,200,0,200,0,200,0,200,0,200,0,200,0,200,0,200,0,200,0,200,0,200,0,200,0,200,0,200,0,200,0,200,0,200,0,200,0,200,0,200,0,200,0,200,0,200,0,200,0,200,0,200,0,200,0,200,0,200,0,200,5,200,0,200,0,200,0,200,0,200,0,200,0,200,0,200,0,200,0,200,0,200,0,200,0,200,0,200,0,200,0,200,0,200,0,200,0,200,0,200,0,200,0,200,0,200,0,200,0,200,0,200,0,200,0,200,0,200,0,200,0,200,0,200,0,200,0,200,0,200,0,200,0,200,0,200,0,200,0,200,2,200,0,200,0,200,1,200,0,200,0,200,0,200,0,200,0,200,0,200,0,200,0,200,0,200,0,200,0,200,0,200,0,200,0,200,0,200,0,200,0,200,0,200,0,200,0,200,0,200,0,200,0,200,0,200,0,200,0,200,0,200,0,200,0,200,0,200,0,200,0,200,0,200,0,200,0,200,0,200,0,200,0,200,0,200,0,200,0,200,0,200,0,200,0,200,0,200,0,200,0,200,0,200,0,200,0,200,0,200,0,200,0,200,0,200,0,200,0,200,0,200,0,200,0,200,0,200,0,200,0,200,0,200,0,200,0,200,0,200,0,200,0,200,0,200,0,200,0,200,0,200,0,200,0,200,0,200,0,200,0,200,0,200,0,200,0,200,0,200,0,200,0,200,0,200,0,200,0,200,0,200,0,200,0,200,0,200,0,200,0,200,0,200,0,200,0,200,0,200,0,200,0,200,0,200,0,200,0,200,0,200,0,200,0,200,0,200,0,200,0,200,0,200,0,200,0,200,0,200,0,200,0,200,0,200,0,200,0,200,0,200,0,200,0,200,0,200,0,200,0,200,0,200,0,200,0,200,0,200,0,200,0,200,0,200,0,200,0,200,0,200,0,200,0,200,0,200,0,200,0,200,0,200,0,200,0,200,0,200,0,200,0,200,0,200,0,200,0,200,0,200,0,200,0,200,0,200,0,200,0,200,0,200,0,200,0,200,0,200,0,200,0,200,0,200,0,200,0,200,0,200,0,200,0,200,0,200,0,200,0,200,0,200,0,200,0,200,0,200,0,200,0,200,0,200,0,200,0,200,0,200,0,200,0,200,0,200,0,200,0,200,0,200,0,200,0,200,0,200,0,200,0,200,0,200,0,200,0,200,0,200,0,200,0,200,0,200,0,200,0,200,0,200,0,200,0,200,0,200,0,200,0,200,0,200,0,200,0,200,0,200,0,200,0,200,0,200,0,200,0,200,0,200,0,200,0,200,0,200,0,200,0,200,0,200,0,200,0,200,0,200,0,200,0,200,0,200,0,200,0,200,0,200,0,200,0,200,0,200,0,200,0,200,0,200,0,200,0,200,0,200,0,200,0,200,0,200,0,200,0,200,0,200,0,200,0,200,0,200,0,200,0,200,0,200,0,200,0,200,0,200,0,200,0,200,0,200,0,200,0,200,0,200,0,200,0,200,0,200,0,200,0,200,0,200,0,200,0,200,0,200,0,200,0,200,0,200,0,200,0,200,0,200,0,200,0,200,0,200,0,200,0,200,0,200,0,200,0,200,0,200,0,200,0,200,0,200,0,200,0,200,0,200,0,200,0,200,0,200,0,200,0,200,0,200,0,200,0,200,0,200,0,200,0,200,0,200,0,200,0,200,0,200,0,200,0,200,0,200,0,200,0,200,0,200,0,200,0,200,0,200,0,200,0,200,0,200,0,200,0,200,0,200,0,200,0,200,0,200,0,200,0,200,0,200,0,200,0,200,0,200,0,200,0,200,0,200,0,200,0,200,0,200,0,200,0,200,0,200,0,200,0,200,0,200,0
,,201,0,201,0,201,0,201,0,201,0,201,0,201,0,201,0,201,0,201,0,201,0,201,0,201,0,201,0,201,0,201,0,201,0,201,0,201,0,201,0,201,0,201,0,201,0,201,0,201,0,201,0,201,0,201,0,201,0,201,0,201,0,201,0,201,0,201,0,201,0,201,0,201,0,201,0,201,0,201,0,201,0,201,0,201,0,201,0,201,0,201,0,201,0,201,0,201,0,201,0,201,0,201,0,201,0,201,0,201,0,201,0,201,0,201,0,201,0,201,0,201,0,201,0,201,0,201,0,201,0,201,0,201,0,201,0,201,0,201,0,201,0,201,0,201,0,201,0,201,0,201,0,201,0,201,0,201,0,201,0,201,0,201,0,201,0,201,0,201,0,201,0,201,0,201,0,201,0,201,0,201,0,201,0,201,0,201,0,201,0,201,0,201,0,201,0,201,0,201,0,201,0,201,0,201,0,201,0,201,0,201,0,201,0,201,0,201,0,201,0,201,0,201,0,201,0,201,0,201,0,201,0,201,0,201,0,201,0,201,0,201,0,201,0,201,0,201,0,201,0,201,0,201,0,201,0,201,0,201,0,201,0,201,0,201,0,201,0,201,0,201,0,201,0,201,0,201,0,201,0,201,0,201,0,201,0,201,0,201,0,201,0,201,0,201,0,201,0,201,0,201,0,201,0,201,0,201,0,201,0,201,0,201,0,201,0,201,0,201,0,201,8,201,0,201,0,201,0,201,0,201,0,201,0,201,0,201,0,201,0,201,0,201,0,201,0,201,0,201,0,201,0,201,0,201,0,201,0,201,0,201,0,201,0,201,0,201,0,201,0,201,0,201,0,201,0,201,0,201,0,201,0,201,0,201,0,201,0,201,0,201,0,201,0,201,0,201,0,201,0,201,4,201,0,201,0,201,1,201,0,201,0,201,0,201,0,201,0,201,0,201,0,201,0,201,0,201,0,201,0,201,0,201,0,201,0,201,0,201,0,201,0,201,0,201,0,201,0,201,0,201,0,201,0,201,0,201,0,201,0,201,0,201,0,201,0,201,0,201,0,201,0,201,0,201,0,201,0,201,0,201,0,201,0,201,0,201,0,201,0,201,0,201,0,201,0,201,0,201,0,201,0,201,0,201,0,201,0,201,0,201,0,201,0,201,0,201,0,201,0,201,0,201,0,201,0,201,0,201,0,201,0,201,0,201,0,201,0,201,0,201,0,201,0,201,0,201,0,201,0,201,0,201,0,201,0,201,0,201,0,201,0,201,0,201,0,201,0,201,0,201,0,201,0,201,0,201,0,201,0,201,0,201,0,201,0,201,0,201,0,201,0,201,0,201,0,201,0,201,0,201,0,201,0,201,0,201,0,201,0,201,0,201,0,201,0,201,0,201,0,201,0,201,0,201,0,201,0,201,0,201,0,201,0,201,0,201,0,201,0,201,0,201,0,201,0,201,0,201,0,201,0,201,0,201,0,201,0,201,0,201,0,201,0,201,0,201,0,201,0,201,0,201,0,201,0,201,0,201,0,201,0,201,0,201,0,201,0,201,0,201,0,201,0,201,0,201,0,201,0,201,0,201,0,201,0,201,0,201,0,201,0,201,0,201,0,201,0,201,0,201,0,201,0,201,0,201,0,201,0,201,0,201,0,201,0,201,0,201,0,201,0,201,0,201,0,201,0,201,0,201,0,201,0,201,0,201,0,201,0,201,0,201,0,201,0,201,0,201,0,201,0,201,0,201,0,201,0,201,0,201,0,201,0,201,0,201,0,201,0,201,0,201,0,201,0,201,0,201,0,201,0,201,0,201,0,201,0,201,0,201,0,201,0,201,0,201,0,201,0,201,0,201,0,201,0,201,0,201,0,201,0,201,0,201,0,201,0,201,0,201,0,201,0,201,0,201,0,201,0,201,0,201,0,201,0,201,0,201,0,201,0,201,0,201,0,201,0,201,0,201,0,201,0,201,0,201,0,201,0,201,0,201,0,201,0,201,0,201,0,201,0,201,0,201,0,201,0,201,0,201,0,201,0,201,0,201,0,201,0,201,0,201,0,201,0,201,0,201,0,201,0,201,0,201,0,201,0,201,0,201,0,201,0,201,0,201,0,201,0,201,0,201,0,201,0,201,0,201,0,201,0,201,0,201,0,201,0,201,0,201,0,201,0,201,0,201,0,201,0,201,0,201,0,201,0,201,0,201,0,201,0,201,0,201,0,201,0,201,0,201,0,201,0,201,0,201,0,201,0,201,0,201,0,201,0,201,0,201,0,201,0,201,0,201,0,201,0,201,0,201,0,201,0,201,0,201,0,201,0,201,0,201,0,201,0,201,0,201,0,201,0,201,0,201,0,201,0,201,0,201,0,201,0,201,0,201,0,201,0,201,0,201,0,201,0,201,0,201,0,201,0,201,0,201,0,201,0,201,0,201,0,201,0,201,0,201,0
,,202,0,202,0,202,0,202,0,202,0,202,0,202,0,202,0,202,0,202,0,202,0,202,0,202,0,202,0,202,0,202,0,202,0,202,0,202,0,202,0,202,0,202,0,202,0,202,0,202,0,202,0,202,0,202,0,202,0,202,0,202,0,202,0,202,0,202,0,202,0,202,0,202,0,202,0,202,0,202,0,202,0,202,0,202,0,202,0,202,0,202,0,202,0,202,0,202,0,202,0,202,0,202,0,202,0,202,0,202,0,202,0,202,0,202,0,202,0,202,0,202,0,202,0,202,0,202,0,202,0,202,0,202,0,202,0,202,0,202,0,202,0,202,0,202,0,202,0,202,0,202,0,202,0,202,0,202,0,202,0,202,0,202,0,202,0,202,0,202,0,202,0,202,0,202,0,202,0,202,0,202,0,202,0,202,0,202,0,202,0,202,0,202,0,202,0,202,0,202,0,202,0,202,0,202,0,202,0,202,0,202,0,202,0,202,0,202,0,202,0,202,0,202,0,202,0,202,0,202,0,202,0,202,0,202,0,202,0,202,0,202,0,202,0,202,0,202,0,202,0,202,0,202,0,202,0,202,0,202,0,202,0,202,0,202,0,202,0,202,0,202,0,202,0,202,0,202,0,202,0,202,0,202,0,202,0,202,0,202,0,202,0,202,0,202,0,202,0,202,0,202,0,202,0,202,0,202,0,202,0,202,0,202,0,202,0,202,0,202,0,202,3,202,0,202,0,202,0,202,0,202,0,202,0,202,0,202,0,202,0,202,0,202,0,202,0,202,0,202,0,202,0,202,0,202,0,202,0,202,0,202,0,202,0,202,0,202,0,202,0,202,0,202,0,202,0,202,0,202,0,202,0,202,0,202,0,202,0,202,0,202,0,202,0,202,0,202,0,202,0,202,11,202,0,202,0,202,7,202,0,202,0,202,0,202,0,202,0,202,0,202,0,202,0,202,0,202,0,202,0,202,0,202,0,202,0,202,0,202,0,202,0,202,0,202,0,202,0,202,0,202,0,202,0,202,0,202,0,202,0,202,0,202,0,202,0,202,0,202,0,202,0,202,0,202,0,202,0,202,0,202,0,202,0,202,0,202,0,202,0,202,0,202,0,202,0,202,0,202,0,202,0,202,0,202,0,202,0,202,0,202,0,202,0,202,0,202,0,202,0,202,0,202,0,202,0,202,0,202,0,202,0,202,0,202,0,202,0,202,0,202,0,202,0,202,0,202,0,202,0,202,0,202,0,202,0,202,0,202,0,202,0,202,0,202,0,202,0,202,0,202,0,202,0,202,0,202,0,202,0,202,0,202,0,202,0,202,0,202,0,202,0,202,0,202,0,202,0,202,0,202,0,202,0,202,0,202,0,202,0,202,0,202,0,202,0,202,0,202,0,202,0,202,0,202,0,202,0,202,0,202,0,202,0,202,0,202,0,202,0,202,0,202,0,202,0,202,0,202,0,202,0,202,0,202,0,202,0,202,0,202,0,202,0,202,0,202,0,202,0,202,0,202,0,202,0,202,0,202,0,202,0,202,0,202,0,202,0,202,0,202,0,202,0,202,0,202,0,202,0,202,0,202,0,202,0,202,0,202,0,202,0,202,0,202,0,202,0,202,0,202,0,202,0,202,0,202,0,202,0,202,0,202,0,202,0,202,0,202,0,202,0,202,0,202,0,202,0,202,0,202,0,202,0,202,0,202,0,202,0,202,0,202,0,202,0,202,0,202,0,202,0,202,0,202,0,202,0,202,0,202,0,202,0,202,0,202,0,202,0,202,0,202,0,202,0,202,0,202,0,202,0,202,0,202,0,202,0,202,0,202,0,202,0,202,0,202,0,202,0,202,0,202,0,202,0,202,0,202,0,202,0,202,0,202,0,202,0,202,0,202,0,202,0,202,0,202,0,202,0,202,0,202,0,202,0,202,0,202,0,202,0,202,0,202,0,202,0,202,0,202,0,202,0,202,0,202,0,202,0,202,0,202,0,202,0,202,0,202,0,202,0,202,0,202,0,202,0,202,0,202,0,202,0,202,0,202,0,202,0,202,0,202,0,202,0,202,0,202,0,202,0,202,0,202,0,202,0,202,0,202,0,202,0,202,0,202,0,202,0,202,0,202,0,202,0,202,0,202,0,202,0,202,0,202,0,202,0,202,0,202,0,202,0,202,0,202,0,202,0,202,0,202,0,202,0,202,0,202,0,202,0,202,0,202,0,202,0,202,0,202,0,202,0,202,0,202,0,202,0,202,0,202,0,202,0,202,0,202,0,202,0,202,0,202,0,202,0,202,0,202,0,202,0,202,0,202,0,202,0,202,0,202,0,202,0,202,0,202,0,202,0,202,0,202,0,202,0,202,0,202,0,202,0,202,0,202,0,202,0,202,0,202,0,202,0,202,0,202,0,202,0,202,0,202,0,202,0,202,0,202,0,202,0,202,0,202,0
,,203,0,203,0,203,0,203,0,203,0,203,0,203,0,203,0,203,0,203,0,203,0,203,0,203,0,203,0,203,0,203,0,203,0,203,0,203,0,203,0,203,0,203,0,203,0,203,0,203,0,203,0,203,0,203,0,203,0,203,0,203,0,203,0,203,0,203,0,203,0,203,0,203,0,203,0,203,0,203,0,203,0,203,0,203,0,203,0,203,0,203,0,203,0,203,0,203,0,203,0,203,0,203,0,203,0,203,0,203,0,203,0,203,0,203,0,203,0,203,0,203,0,203,0,203,0,203,0,203,0,203,0,203,0,203,0,203,0,203,0,203,0,203,0,203,0,203,0,203,0,203,0,203,0,203,0,203,0,203,0,203,0,203,0,203,0,203,0,203,0,203,0,203,0,203,0,203,0,203,0,203,0,203,0,203,0,203,0,203,0,203,0,203,0,203,0,203,0,203,0,203,0,203,0,203,0,203,0,203,0,203,0,203,0,203,0,203,0,203,0,203,0,203,0,203,0,203,0,203,0,203,0,203,0,203,0,203,0,203,0,203,0,203,0,203,0,203,0,203,0,203,0,203,0,203,0,203,0,203,0,203,0,203,0,203,0,203,0,203,0,203,0,203,0,203,0,203,0,203,0,203,0,203,0,203,0,203,0,203,0,203,0,203,0,203,0,203,0,203,0,203,0,203,0,203,0,203,0,203,0,203,0,203,0,203,0,203,0,203,0,203,5,203,0,203,0,203,0,203,0,203,0,203,0,203,0,203,0,203,0,203,0,203,0,203,0,203,0,203,0,203,0,203,0,203,0,203,0,203,0,203,0,203,0,203,0,203,0,203,0,203,0,203,0,203,0,203,0,203,0,203,0,203,0,203,0,203,0,203,0,203,0,203,0,203,0,203,0,203,0,203,6,203,0,203,0,203,0,203,0,203,0,203,0,203,0,203,0,203,0,203,0,203,0,203,0,203,0,203,0,203,0,203,0,203,0,203,0,203,0,203,0,203,0,203,0,203,0,203,0,203,0,203,0,203,0,203,0,203,0,203,0,203,0,203,0,203,0,203,0,203,0,203,0,203,0,203,0,203,0,203,0,203,0,203,0,203,0,203,0,203,0,203,0,203,0,203,0,203,0,203,0,203,0,203,0,203,0,203,0,203,0,203,0,203,0,203,0,203,0,203,0,203,0,203,0,203,0,203,0,203,0,203,0,203,0,203,0,203,0,203,0,203,0,203,0,203,0,203,0,203,0,203,0,203,0,203,0,203,0,203,0,203,0,203,0,203,0,203,0,203,0,203,0,203,0,203,0,203,0,203,0,203,0,203,0,203,0,203,0,203,0,203,0,203,0,203,0,203,0,203,0,203,0,203,0,203,0,203,0,203,0,203,0,203,0,203,0,203,0,203,0,203,0,203,0,203,0,203,0,203,0,203,0,203,0,203,0,203,0,203,0,203,0,203,0,203,0,203,0,203,0,203,0,203,0,203,0,203,0,203,0,203,0,203,0,203,0,203,0,203,0,203,0,203,0,203,0,203,0,203,0,203,0,203,0,203,0,203,0,203,0,203,0,203,0,203,0,203,0,203,0,203,0,203,0,203,0,203,0,203,0,203,0,203,0,203,0,203,0,203,0,203,0,203,0,203,0,203,0,203,0,203,0,203,0,203,0,203,0,203,0,203,0,203,0,203,0,203,0,203,0,203,0,203,0,203,0,203,0,203,0,203,0,203,0,203,0,203,0,203,0,203,0,203,0,203,0,203,0,203,0,203,0,203,0,203,0,203,0,203,0,203,0,203,0,203,0,203,0,203,0,203,0,203,0,203,0,203,0,203,0,203,0,203,0,203,0,203,0,203,0,203,0,203,0,203,0,203,0,203,0,203,0,203,0,203,0,203,0,203,0,203,0,203,0,203,0,203,0,203,0,203,0,203,0,203,0,203,0,203,0,203,0,203,0,203,0,203,0,203,0,203,0,203,0,203,0,203,0,203,0,203,0,203,0,203,0,203,0,203,0,203,0,203,0,203,0,203,0,203,0,203,0,203,0,203,0,203,0,203,0,203,0,203,0,203,0,203,0,203,0,203,0,203,0,203,0,203,0,203,0,203,0,203,0,203,0,203,0,203,0,203,0,203,0,203,0,203,0,203,0,203,0,203,0,203,0,203,0,203,0,203,0,203,0,203,0,203,0,203,0,203,0,203,0,203,0,203,0,203,0,203,0,203,0,203,0,203,0,203,0,203,0,203,0,203,0,203,0,203,0,203,0,203,0,203,0,203,0,203,0,203,0,203,0,203,0,203,0,203,0,203,0,203,0,203,0,203,0,203,0,203,0,203,0,203,0,203,0,203,0,203,0,203,0,203,0,203,0,203,0,203,0,203,0,203,0,203,0,203,0,203,0,203,0,203,0,203,0,203,0,203,0,203,0,203,0,203,0,203,0,203,0,203,0,203,0
,,204,0,204,0,204,0,204,0,204,0,204,0,204,0,204,0,204,0,204,0,204,0,204,0,204,0,204,0,204,0,204,0,204,0,204,0,204,0,204,0,204,0,204,0,204,0,204,0,204,0,204,0,204,0,204,0,204,0,204,0,204,0,204,0,204,0,204,0,204,0,204,0,204,0,204,0,204,0,204,0,204,0,204,0,204,0,204,0,204,0,204,0,204,0,204,0,204,0,204,0,204,0,204,0,204,0,204,0,204,0,204,0,204,0,204,0,204,0,204,0,204,0,204,0,204,0,204,0,204,0,204,0,204,0,204,0,204,0,204,0,204,0,204,0,204,0,204,0,204,0,204,0,204,0,204,0,204,0,204,0,204,0,204,0,204,0,204,0,204,0,204,0,204,0,204,0,204,0,204,0,204,0,204,0,204,0,204,0,204,0,204,0,204,0,204,0,204,0,204,0,204,0,204,0,204,0,204,0,204,0,204,0,204,0,204,0,204,0,204,0,204,0,204,0,204,0,204,0,204,0,204,0,204,0,204,0,204,0,204,0,204,0,204,0,204,0,204,0,204,0,204,0,204,0,204,0,204,0,204,0,204,0,204,0,204,0,204,0,204,0,204,0,204,0,204,0,204,0,204,0,204,0,204,0,204,0,204,0,204,0,204,0,204,0,204,0,204,0,204,0,204,0,204,0,204,0,204,0,204,0,204,0,204,0,204,0,204,0,204,0,204,14,204,0,204,0,204,0,204,0,204,0,204,0,204,0,204,0,204,0,204,0,204,0,204,0,204,0,204,0,204,0,204,0,204,0,204,0,204,0,204,0,204,0,204,0,204,0,204,0,204,0,204,0,204,0,204,0,204,0,204,0,204,0,204,0,204,0,204,0,204,0,204,0,204,0,204,0,204,0,204,4,204,0,204,0,204,0,204,0,204,0,204,0,204,0,204,0,204,0,204,0,204,0,204,0,204,0,204,0,204,0,204,0,204,0,204,0,204,0,204,0,204,0,204,0,204,0,204,0,204,0,204,0,204,0,204,0,204,0,204,0,204,0,204,0,204,0,204,0,204,0,204,0,204,0,204,0,204,0,204,0,204,0,204,0,204,0,204,0,204,0,204,0,204,0,204,0,204,0,204,0,204,0,204,0,204,0,204,0,204,0,204,0,204,0,204,0,204,0,204,0,204,0,204,0,204,0,204,0,204,0,204,0,204,0,204,0,204,0,204,0,204,0,204,0,204,0,204,0,204,0,204,0,204,0,204,0,204,0,204,0,204,0,204,0,204,0,204,0,204,0,204,0,204,0,204,0,204,0,204,0,204,0,204,0,204,0,204,0,204,0,204,0,204,0,204,0,204,0,204,0,204,0,204,0,204,0,204,0,204,0,204,0,204,0,204,0,204,0,204,0,204,0,204,0,204,0,204,0,204,0,204,0,204,0,204,0,204,0,204,0,204,0,204,0,204,0,204,0,204,0,204,0,204,0,204,0,204,0,204,0,204,0,204,0,204,0,204,0,204,0,204,0,204,0,204,0,204,0,204,0,204,0,204,0,204,0,204,0,204,0,204,0,204,0,204,0,204,0,204,0,204,0,204,0,204,0,204,0,204,0,204,0,204,0,204,0,204,0,204,0,204,0,204,0,204,0,204,0,204,0,204,0,204,0,204,0,204,0,204,0,204,0,204,0,204,0,204,0,204,0,204,0,204,0,204,0,204,0,204,0,204,0,204,0,204,0,204,0,204,0,204,0,204,0,204,0,204,0,204,0,204,0,204,0,204,0,204,0,204,0,204,0,204,0,204,0,204,0,204,0,204,0,204,0,204,0,204,0,204,0,204,0,204,0,204,0,204,0,204,0,204,0,204,0,204,0,204,0,204,0,204,0,204,0,204,0,204,0,204,0,204,0,204,0,204,0,204,0,204,0,204,0,204,0,204,0,204,0,204,0,204,0,204,0,204,0,204,0,204,0,204,0,204,0,204,0,204,0,204,0,204,0,204,0,204,0,204,0,204,0,204,0,204,0,204,0,204,0,204,0,204,0,204,0,204,0,204,0,204,0,204,0,204,0,204,0,204,0,204,0,204,0,204,0,204,0,204,0,204,0,204,0,204,0,204,0,204,0,204,0,204,0,204,0,204,0,204,0,204,0,204,0,204,0,204,0,204,0,204,0,204,0,204,0,204,0,204,0,204,0,204,0,204,0,204,0,204,0,204,0,204,0,204,0,204,0,204,0,204,0,204,0,204,0,204,0,204,0,204,0,204,0,204,0,204,0,204,0,204,0,204,0,204,0,204,0,204,0,204,0,204,0,204,0,204,0,204,0,204,0,204,0,204,0,204,0,204,0,204,0,204,0,204,0,204,0,204,0,204,0,204,0,204,0,204,0,204,0,204,0,204,0,204,0,204,0,204,0,204,0,204,0,204,0,204,0,204,0,204,0,204,0,204,0,204,0
,,205,0,205,0,205,0,205,0,205,0,205,0,205,0,205,0,205,0,205,0,205,0,205,0,205,0,205,0,205,0,205,0,205,0,205,0,205,0,205,0,205,0,205,0,205,0,205,0,205,0,205,0,205,0,205,0,205,0,205,0,205,0,205,0,205,0,205,0,205,0,205,0,205,0,205,0,205,0,205,0,205,0,205,0,205,0,205,0,205,0,205,0,205,0,205,0,205,0,205,0,205,0,205,0,205,0,205,0,205,0,205,0,205,0,205,0,205,0,205,0,205,0,205,0,205,0,205,0,205,0,205,0,205,0,205,0,205,0,205,0,205,0,205,0,205,0,205,0,205,0,205,0,205,0,205,0,205,0,205,0,205,0,205,0,205,0,205,0,205,0,205,0,205,0,205,0,205,0,205,0,205,0,205,0,205,0,205,0,205,0,205,0,205,0,205,0,205,0,205,0,205,0,205,0,205,0,205,0,205,0,205,0,205,0,205,0,205,0,205,0,205,0,205,0,205,0,205,0,205,0,205,0,205,0,205,0,205,0,205,0,205,0,205,0,205,0,205,0,205,0,205,0,205,0,205,0,205,0,205,0,205,0,205,0,205,0,205,0,205,0,205,0,205,0,205,0,205,0,205,0,205,0,205,0,205,0,205,0,205,0,205,0,205,0,205,0,205,0,205,0,205,0,205,0,205,0,205,0,205,0,205,0,205,0,205,0,205,0,205,0,205,17,205,0,205,0,205,0,205,0,205,0,205,0,205,0,205,0,205,0,205,0,205,0,205,0,205,0,205,0,205,0,205,0,205,0,205,0,205,0,205,0,205,0,205,0,205,0,205,0,205,0,205,0,205,0,205,0,205,0,205,0,205,0,205,0,205,0,205,0,205,0,205,0,205,0,205,0,205,0,205,5,205,0,205,0,205,0,205,0,205,0,205,0,205,0,205,0,205,0,205,0,205,0,205,0,205,0,205,0,205,0,205,0,205,0,205,0,205,0,205,0,205,0,205,0,205,0,205,0,205,0,205,0,205,0,205,0,205,0,205,0,205,0,205,0,205,0,205,0,205,0,205,0,205,0,205,0,205,0,205,0,205,0,205,0,205,0,205,0,205,0,205,0,205,0,205,0,205,0,205,0,205,0,205,0,205,0,205,0,205,0,205,0,205,0,205,0,205,0,205,0,205,0,205,0,205,0,205,0,205,0,205,0,205,0,205,0,205,0,205,0,205,0,205,0,205,0,205,0,205,0,205,0,205,0,205,0,205,0,205,0,205,0,205,0,205,0,205,0,205,0,205,0,205,0,205,0,205,0,205,0,205,0,205,0,205,0,205,0,205,0,205,0,205,0,205,0,205,0,205,0,205,0,205,0,205,0,205,0,205,0,205,0,205,0,205,0,205,0,205,0,205,0,205,0,205,0,205,0,205,0,205,0,205,0,205,0,205,0,205,0,205,0,205,0,205,0,205,0,205,0,205,0,205,0,205,0,205,0,205,0,205,0,205,0,205,0,205,0,205,0,205,0,205,0,205,0,205,0,205,0,205,0,205,0,205,0,205,0,205,0,205,0,205,0,205,0,205,0,205,0,205,0,205,0,205,0,205,0,205,0,205,0,205,0,205,0,205,0,205,0,205,0,205,0,205,0,205,0,205,0,205,0,205,0,205,0,205,0,205,0,205,0,205,0,205,0,205,0,205,0,205,0,205,0,205,0,205,0,205,0,205,0,205,0,205,0,205,0,205,0,205,0,205,0,205,0,205,0,205,0,205,0,205,0,205,0,205,0,205,0,205,0,205,0,205,0,205,0,205,0,205,0,205,0,205,0,205,0,205,0,205,0,205,0,205,0,205,0,205,0,205,0,205,0,205,0,205,0,205,0,205,0,205,0,205,0,205,0,205,0,205,0,205,0,205,0,205,0,205,0,205,0,205,0,205,0,205,0,205,0,205,0,205,0,205,0,205,0,205,0,205,0,205,0,205,0,205,0,205,0,205,0,205,0,205,0,205,0,205,0,205,0,205,0,205,0,205,0,205,0,205,0,205,0,205,0,205,0,205,0,205,0,205,0,205,0,205,0,205,0,205,0,205,0,205,0,205,0,205,0,205,0,205,0,205,0,205,0,205,0,205,0,205,0,205,0,205,0,205,0,205,0,205,0,205,0,205,0,205,0,205,0,205,0,205,0,205,0,205,0,205,0,205,0,205,0,205,0,205,0,205,0,205,0,205,0,205,0,205,0,205,0,205,0,205,0,205,0,205,0,205,0,205,0,205,0,205,0,205,0,205,0,205,0,205,0,205,0,205,0,205,0,205,0,205,0,205,0,205,0,205,0,205,0,205,0,205,0,205,0,205,0,205,0,205,0,205,0,205,0,205,0,205,0,205,0,205,0,205,0,205,0,205,0,205,0,205,0,205,0,205,0,205,0,205,0,205,0,205,0,205,0,205,0,205,0
,,206,0,206,0,206,0,206,0,206,0,206,0,206,0,206,0,206,0,206,0,206,0,206,0,206,0,206,0,206,0,206,0,206,0,206,0,206,0,206,0,206,0,206,0,206,0,206,0,206,0,206,0,206,0,206,0,206,0,206,0,206,0,206,0,206,0,206,0,206,0,206,0,206,0,206,0,206,0,206,0,206,0,206,0,206,0,206,0,206,0,206,0,206,0,206,0,206,0,206,0,206,0,206,0,206,0,206,0,206,0,206,0,206,0,206,0,206,0,206,0,206,0,206,0,206,0,206,0,206,0,206,0,206,0,206,0,206,0,206,0,206,0,206,0,206,0,206,0,206,0,206,0,206,0,206,0,206,0,206,0,206,0,206,0,206,0,206,0,206,0,206,0,206,0,206,0,206,0,206,0,206,0,206,0,206,0,206,0,206,0,206,0,206,0,206,0,206,0,206,0,206,0,206,0,206,0,206,0,206,0,206,0,206,0,206,0,206,0,206,0,206,0,206,0,206,0,206,0,206,0,206,0,206,0,206,0,206,0,206,0,206,0,206,0,206,0,206,0,206,0,206,0,206,0,206,0,206,0,206,0,206,0,206,0,206,0,206,0,206,0,206,0,206,0,206,0,206,0,206,0,206,0,206,0,206,0,206,0,206,0,206,0,206,0,206,0,206,0,206,0,206,0,206,0,206,0,206,0,206,0,206,0,206,0,206,0,206,0,206,0,206,19,206,0,206,0,206,0,206,0,206,0,206,0,206,0,206,0,206,0,206,0,206,0,206,0,206,0,206,0,206,0,206,0,206,0,206,0,206,0,206,0,206,0,206,0,206,0,206,0,206,0,206,0,206,0,206,0,206,0,206,0,206,0,206,0,206,0,206,0,206,0,206,0,206,0,206,0,206,0,206,5,206,0,206,0,206,0,206,0,206,0,206,0,206,0,206,0,206,0,206,0,206,0,206,0,206,0,206,0,206,0,206,0,206,0,206,0,206,0,206,0,206,0,206,0,206,0,206,0,206,0,206,0,206,0,206,0,206,0,206,0,206,0,206,0,206,0,206,0,206,0,206,0,206,0,206,0,206,0,206,0,206,0,206,0,206,0,206,0,206,0,206,0,206,0,206,0,206,0,206,0,206,0,206,0,206,0,206,0,206,0,206,0,206,0,206,0,206,0,206,0,206,0,206,0,206,0,206,0,206,0,206,0,206,0,206,0,206,0,206,0,206,0,206,0,206,0,206,0,206,0,206,0,206,0,206,0,206,0,206,0,206,0,206,0,206,0,206,0,206,0,206,0,206,0,206,0,206,0,206,0,206,0,206,0,206,0,206,0,206,0,206,0,206,0,206,0,206,0,206,0,206,0,206,0,206,0,206,0,206,0,206,0,206,0,206,0,206,0,206,0,206,0,206,0,206,0,206,0,206,0,206,0,206,0,206,0,206,0,206,0,206,0,206,0,206,0,206,0,206,0,206,0,206,0,206,0,206,0,206,0,206,0,206,0,206,0,206,0,206,0,206,0,206,0,206,0,206,0,206,0,206,0,206,0,206,0,206,0,206,0,206,0,206,0,206,0,206,0,206,0,206,0,206,0,206,0,206,0,206,0,206,0,206,0,206,0,206,0,206,0,206,0,206,0,206,0,206,0,206,0,206,0,206,0,206,0,206,0,206,0,206,0,206,0,206,0,206,0,206,0,206,0,206,0,206,0,206,0,206,0,206,0,206,0,206,0,206,0,206,0,206,0,206,0,206,0,206,0,206,0,206,0,206,0,206,0,206,0,206,0,206,0,206,0,206,0,206,0,206,0,206,0,206,0,206,0,206,0,206,0,206,0,206,0,206,0,206,0,206,0,206,0,206,0,206,0,206,0,206,0,206,0,206,0,206,0,206,0,206,0,206,0,206,0,206,0,206,0,206,0,206,0,206,0,206,0,206,0,206,0,206,0,206,0,206,0,206,0,206,0,206,0,206,0,206,0,206,0,206,0,206,0,206,0,206,0,206,0,206,0,206,0,206,0,206,0,206,0,206,0,206,0,206,0,206,0,206,0,206,0,206,0,206,0,206,0,206,0,206,0,206,0,206,0,206,0,206,0,206,0,206,0,206,0,206,0,206,0,206,0,206,0,206,0,206,0,206,0,206,0,206,0,206,0,206,0,206,0,206,0,206,0,206,0,206,0,206,0,206,0,206,0,206,0,206,0,206,0,206,0,206,0,206,0,206,0,206,0,206,0,206,0,206,0,206,0,206,0,206,0,206,0,206,0,206,0,206,0,206,0,206,0,206,0,206,0,206,0,206,0,206,0,206,0,206,0,206,0,206,0,206,0,206,0,206,0,206,0,206,0,206,0,206,0,206,0,206,0,206,0,206,0,206,0,206,0,206,0,206,0,206,0,206,0,206,0,206,0,206,0,206,0,206,0,206,0,206,0,206,0,206,0,206,0,206,0
,,207,0,207,0,207,0,207,0,207,0,207,0,207,0,207,0,207,0,207,0,207,0,207,0,207,0,207,0,207,0,207,0,207,0,207,0,207,0,207,0,207,0,207,0,207,0,207,0,207,0,207,0,207,0,207,0,207,0,207,0,207,0,207,0,207,0,207,0,207,0,207,0,207,0,207,0,207,0,207,0,207,0,207,0,207,0,207,0,207,0,207,0,207,0,207,0,207,0,207,0,207,0,207,0,207,0,207,0,207,0,207,0,207,0,207,0,207,0,207,0,207,0,207,0,207,0,207,0,207,0,207,0,207,0,207,0,207,0,207,0,207,0,207,0,207,0,207,0,207,0,207,0,207,0,207,0,207,0,207,0,207,0,207,0,207,0,207,0,207,0,207,0,207,0,207,0,207,0,207,0,207,0,207,0,207,0,207,0,207,0,207,0,207,0,207,0,207,0,207,0,207,0,207,0,207,0,207,0,207,0,207,0,207,0,207,0,207,0,207,0,207,0,207,0,207,0,207,0,207,0,207,0,207,0,207,0,207,0,207,0,207,0,207,0,207,0,207,0,207,0,207,0,207,0,207,0,207,0,207,0,207,0,207,0,207,0,207,0,207,0,207,0,207,0,207,0,207,0,207,0,207,0,207,0,207,0,207,0,207,0,207,0,207,0,207,0,207,0,207,0,207,0,207,0,207,0,207,0,207,0,207,0,207,0,207,0,207,0,207,0,207,18,207,0,207,0,207,0,207,0,207,0,207,0,207,0,207,0,207,0,207,0,207,0,207,0,207,0,207,0,207,0,207,0,207,0,207,0,207,0,207,0,207,0,207,0,207,0,207,0,207,0,207,0,207,0,207,0,207,0,207,0,207,0,207,0,207,0,207,0,207,0,207,0,207,0,207,0,207,0,207,10,207,0,207,0,207,0,207,0,207,0,207,0,207,0,207,0,207,0,207,0,207,0,207,0,207,0,207,0,207,0,207,0,207,0,207,0,207,0,207,0,207,0,207,0,207,0,207,0,207,0,207,0,207,0,207,0,207,0,207,0,207,0,207,0,207,0,207,0,207,0,207,0,207,0,207,0,207,0,207,0,207,0,207,0,207,0,207,0,207,0,207,0,207,0,207,0,207,0,207,0,207,0,207,0,207,0,207,0,207,0,207,0,207,0,207,0,207,0,207,0,207,0,207,0,207,0,207,0,207,0,207,0,207,0,207,0,207,0,207,0,207,0,207,0,207,0,207,0,207,0,207,0,207,0,207,0,207,0,207,0,207,0,207,0,207,0,207,0,207,0,207,0,207,0,207,0,207,0,207,0,207,0,207,0,207,0,207,0,207,0,207,0,207,0,207,0,207,0,207,0,207,0,207,0,207,0,207,0,207,0,207,0,207,0,207,0,207,0,207,0,207,0,207,0,207,0,207,0,207,0,207,0,207,0,207,0,207,0,207,0,207,0,207,0,207,0,207,0,207,0,207,0,207,0,207,0,207,0,207,0,207,0,207,0,207,0,207,0,207,0,207,0,207,0,207,0,207,0,207,0,207,0,207,0,207,0,207,0,207,0,207,0,207,0,207,0,207,0,207,0,207,0,207,0,207,0,207,0,207,0,207,0,207,0,207,0,207,0,207,0,207,0,207,0,207,0,207,0,207,0,207,0,207,0,207,0,207,0,207,0,207,0,207,0,207,0,207,0,207,0,207,0,207,0,207,0,207,0,207,0,207,0,207,0,207,0,207,0,207,0,207,0,207,0,207,0,207,0,207,0,207,0,207,0,207,0,207,0,207,0,207,0,207,0,207,0,207,0,207,0,207,0,207,0,207,0,207,0,207,0,207,0,207,0,207,0,207,0,207,0,207,0,207,0,207,0,207,0,207,0,207,0,207,0,207,0,207,0,207,0,207,0,207,0,207,0,207,0,207,0,207,0,207,0,207,0,207,0,207,0,207,0,207,0,207,0,207,0,207,0,207,0,207,0,207,0,207,0,207,0,207,0,207,0,207,0,207,0,207,0,207,0,207,0,207,0,207,0,207,0,207,0,207,0,207,0,207,0,207,0,207,0,207,0,207,0,207,0,207,0,207,0,207,0,207,0,207,0,207,0,207,0,207,0,207,0,207,0,207,0,207,0,207,0,207,0,207,0,207,0,207,0,207,0,207,0,207,0,207,0,207,0,207,0,207,0,207,0,207,0,207,0,207,0,207,0,207,0,207,0,207,0,207,0,207,0,207,0,207,0,207,0,207,0,207,0,207,0,207,0,207,0,207,0,207,0,207,0,207,0,207,0,207,0,207,0,207,0,207,0,207,0,207,0,207,0,207,0,207,0,207,0,207,0,207,0,207,0,207,0,207,0,207,0,207,0,207,0,207,0,207,0,207,0,207,0,207,0,207,0,207,0,207,0,207,0,207,0,207,0,207,0,207,0,207,0,207,0,207,0,207,0,207,0,207,0
,,208,0,208,0,208,0,208,0,208,0,208,0,208,0,208,0,208,0,208,0,208,0,208,0,208,0,208,0,208,0,208,0,208,0,208,0,208,0,208,0,208,0,208,0,208,0,208,0,208,0,208,0,208,0,208,0,208,0,208,0,208,0,208,0,208,0,208,0,208,0,208,0,208,0,208,0,208,0,208,0,208,0,208,0,208,0,208,0,208,0,208,0,208,0,208,0,208,0,208,0,208,0,208,0,208,0,208,0,208,0,208,0,208,0,208,0,208,0,208,0,208,0,208,0,208,0,208,0,208,0,208,0,208,0,208,0,208,0,208,0,208,0,208,0,208,0,208,0,208,0,208,0,208,0,208,0,208,0,208,0,208,0,208,0,208,0,208,0,208,0,208,0,208,0,208,0,208,0,208,0,208,0,208,0,208,0,208,0,208,0,208,0,208,0,208,0,208,0,208,0,208,0,208,0,208,0,208,0,208,0,208,0,208,0,208,0,208,0,208,0,208,0,208,0,208,0,208,0,208,0,208,0,208,0,208,0,208,0,208,0,208,0,208,0,208,0,208,0,208,0,208,0,208,0,208,0,208,0,208,0,208,0,208,0,208,0,208,0,208,0,208,0,208,0,208,0,208,0,208,0,208,0,208,0,208,0,208,0,208,0,208,0,208,0,208,0,208,0,208,0,208,0,208,0,208,0,208,0,208,0,208,0,208,0,208,0,208,0,208,0,208,27,208,0,208,0,208,0,208,0,208,0,208,0,208,0,208,0,208,0,208,0,208,0,208,0,208,0,208,0,208,0,208,0,208,0,208,0,208,0,208,0,208,0,208,0,208,0,208,0,208,0,208,0,208,0,208,0,208,0,208,0,208,0,208,0,208,0,208,0,208,0,208,0,208,0,208,0,208,0,208,7,208,0,208,0,208,0,208,0,208,0,208,0,208,0,208,0,208,0,208,0,208,0,208,0,208,0,208,0,208,0,208,0,208,0,208,0,208,0,208,0,208,0,208,0,208,0,208,0,208,0,208,0,208,0,208,0,208,0,208,0,208,0,208,0,208,0,208,0,208,0,208,0,208,0,208,0,208,0,208,0,208,0,208,0,208,0,208,0,208,0,208,0,208,0,208,0,208,0,208,0,208,0,208,0,208,0,208,0,208,0,208,0,208,0,208,0,208,0,208,0,208,0,208,0,208,0,208,0,208,0,208,0,208,0,208,0,208,0,208,0,208,0,208,0,208,0,208,0,208,0,208,0,208,0,208,0,208,0,208,0,208,0,208,0,208,0,208,0,208,0,208,0,208,0,208,0,208,0,208,0,208,0,208,0,208,0,208,0,208,0,208,0,208,0,208,0,208,0,208,0,208,0,208,0,208,0,208,0,208,0,208,0,208,0,208,0,208,0,208,0,208,0,208,0,208,0,208,0,208,0,208,0,208,0,208,0,208,0,208,0,208,0,208,0,208,0,208,0,208,0,208,0,208,0,208,0,208,0,208,0,208,0,208,0,208,0,208,0,208,0,208,0,208,0,208,0,208,0,208,0,208,0,208,0,208,0,208,0,208,0,208,0,208,0,208,0,208,0,208,0,208,0,208,0,208,0,208,0,208,0,208,0,208,0,208,0,208,0,208,0,208,0,208,0,208,0,208,0,208,0,208,0,208,0,208,0,208,0,208,0,208,0,208,0,208,0,208,0,208,0,208,0,208,0,208,0,208,0,208,0,208,0,208,0,208,0,208,0,208,0,208,0,208,0,208,0,208,0,208,0,208,0,208,0,208,0,208,0,208,0,208,0,208,0,208,0,208,0,208,0,208,0,208,0,208,0,208,0,208,0,208,0,208,0,208,0,208,0,208,0,208,0,208,0,208,0,208,0,208,0,208,0,208,0,208,0,208,0,208,0,208,0,208,0,208,0,208,0,208,0,208,0,208,0,208,0,208,0,208,0,208,0,208,0,208,0,208,0,208,0,208,0,208,0,208,0,208,0,208,0,208,0,208,0,208,0,208,0,208,0,208,0,208,0,208,0,208,0,208,0,208,0,208,0,208,0,208,0,208,0,208,0,208,0,208,0,208,0,208,0,208,0,208,0,208,0,208,0,208,0,208,0,208,0,208,0,208,0,208,0,208,0,208,0,208,0,208,0,208,0,208,0,208,0,208,0,208,0,208,0,208,0,208,0,208,0,208,0,208,0,208,0,208,0,208,0,208,0,208,0,208,0,208,0,208,0,208,0,208,0,208,0,208,0,208,0,208,0,208,0,208,0,208,0,208,0,208,0,208,0,208,0,208,0,208,0,208,0,208,0,208,0,208,0,208,0,208,0,208,0,208,0,208,0,208,0,208,0,208,0,208,0,208,0,208,0,208,0,208,0,208,0,208,0,208,0,208,0,208,0,208,0,208,0,208,0,208,0,208,0,208,0,208,0,208,0,208,0,208,0,208,0,208,0,208,0
,,209,0,209,0,209,0,209,0,209,0,209,0,209,0,209,0,209,0,209,0,209,0,209,0,209,0,209,0,209,0,209,0,209,0,209,0,209,0,209,0,209,0,209,0,209,0,209,0,209,0,209,0,209,0,209,0,209,0,209,0,209,0,209,0,209,0,209,0,209,0,209,0,209,0,209,0,209,0,209,0,209,0,209,0,209,0,209,0,209,0,209,0,209,0,209,0,209,0,209,0,209,0,209,0,209,0,209,0,209,0,209,0,209,0,209,0,209,0,209,0,209,0,209,0,209,0,209,0,209,0,209,0,209,0,209,0,209,0,209,0,209,0,209,0,209,0,209,0,209,0,209,0,209,0,209,0,209,0,209,0,209,0,209,0,209,0,209,0,209,0,209,0,209,0,209,0,209,0,209,0,209,0,209,0,209,0,209,0,209,0,209,0,209,0,209,0,209,0,209,0,209,0,209,0,209,0,209,0,209,0,209,0,209,0,209,0,209,0,209,0,209,0,209,0,209,0,209,0,209,0,209,0,209,0,209,0,209,0,209,0,209,0,209,0,209,0,209,0,209,0,209,0,209,0,209,0,209,0,209,0,209,0,209,0,209,0,209,0,209,0,209,0,209,0,209,0,209,0,209,0,209,0,209,0,209,0,209,0,209,0,209,0,209,0,209,0,209,0,209,0,209,0,209,0,209,0,209,0,209,0,209,0,209,0,209,0,209,0,209,0,209,21,209,0,209,0,209,0,209,0,209,0,209,0,209,0,209,0,209,0,209,0,209,0,209,0,209,0,209,0,209,0,209,0,209,0,209,0,209,0,209,0,209,0,209,0,209,0,209,0,209,0,209,0,209,0,209,0,209,0,209,0,209,0,209,0,209,0,209,0,209,0,209,0,209,0,209,0,209,0,209,11,209,0,209,0,209,0,209,0,209,0,209,0,209,0,209,0,209,0,209,0,209,0,209,0,209,0,209,0,209,0,209,0,209,0,209,0,209,0,209,0,209,0,209,0,209,0,209,0,209,0,209,0,209,0,209,0,209,0,209,0,209,0,209,0,209,0,209,0,209,0,209,0,209,0,209,0,209,0,209,0,209,0,209,0,209,0,209,0,209,0,209,0,209,0,209,0,209,0,209,0,209,0,209,0,209,0,209,0,209,0,209,0,209,0,209,0,209,0,209,0,209,0,209,0,209,0,209,0,209,0,209,0,209,0,209,0,209,0,209,0,209,0,209,0,209,0,209,0,209,0,209,0,209,0,209,0,209,0,209,0,209,0,209,0,209,0,209,0,209,0,209,0,209,0,209,0,209,0,209,0,209,0,209,0,209,0,209,0,209,0,209,0,209,0,209,0,209,0,209,0,209,0,209,0,209,0,209,0,209,0,209,0,209,0,209,0,209,0,209,0,209,0,209,0,209,0,209,0,209,0,209,0,209,0,209,0,209,0,209,0,209,0,209,0,209,0,209,0,209,0,209,0,209,0,209,0,209,0,209,0,209,0,209,0,209,0,209,0,209,0,209,0,209,0,209,0,209,0,209,0,209,0,209,0,209,0,209,0,209,0,209,0,209,0,209,0,209,0,209,0,209,0,209,0,209,0,209,0,209,0,209,0,209,0,209,0,209,0,209,0,209,0,209,0,209,0,209,0,209,0,209,0,209,0,209,0,209,0,209,0,209,0,209,0,209,0,209,0,209,0,209,0,209,0,209,0,209,0,209,0,209,0,209,0,209,0,209,0,209,0,209,0,209,0,209,0,209,0,209,0,209,0,209,0,209,0,209,0,209,0,209,0,209,0,209,0,209,0,209,0,209,0,209,0,209,0,209,0,209,0,209,0,209,0,209,0,209,0,209,0,209,0,209,0,209,0,209,0,209,0,209,0,209,0,209,0,209,0,209,0,209,0,209,0,209,0,209,0,209,0,209,0,209,0,209,0,209,0,209,0,209,0,209,0,209,0,209,0,209,0,209,0,209,0,209,0,209,0,209,0,209,0,209,0,209,0,209,0,209,0,209,0,209,0,209,0,209,0,209,0,209,0,209,0,209,0,209,0,209,0,209,0,209,0,209,0,209,0,209,0,209,0,209,0,209,0,209,0,209,0,209,0,209,0,209,0,209,0,209,0,209,0,209,0,209,0,209,0,209,0,209,0,209,0,209,0,209,0,209,0,209,0,209,0,209,0,209,0,209,0,209,0,209,0,209,0,209,0,209,0,209,0,209,0,209,0,209,0,209,0,209,0,209,0,209,0,209,0,209,0,209,0,209,0,209,0,209,0,209,0,209,0,209,0,209,0,209,0,209,0,209,0,209,0,209,0,209,0,209,0,209,0,209,0,209,0,209,0,209,0,209,0,209,0,209,0,209,0,209,0,209,0,209,0,209,0,209,0,209,0,209,0,209,0,209,0,209,0,209,0,209,0,209,0,209,0,209,0,209,0,209,0,209,0,209,0
,,210,0,210,0,210,0,210,0,210,0,210,0,210,0,210,0,210,0,210,0,210,0,210,0,210,0,210,0,210,0,210,0,210,0,210,0,210,0,210,0,210,0,210,0,210,0,210,0,210,0,210,0,210,0,210,0,210,0,210,0,210,0,210,0,210,0,210,0,210,0,210,0,210,0,210,0,210,0,210,0,210,0,210,0,210,0,210,0,210,0,210,0,210,0,210,0,210,0,210,0,210,0,210,0,210,0,210,0,210,0,210,0,210,0,210,0,210,0,210,0,210,0,210,0,210,0,210,0,210,0,210,0,210,0,210,0,210,0,210,0,210,0,210,0,210,0,210,0,210,0,210,0,210,0,210,0,210,0,210,0,210,0,210,0,210,0,210,0,210,0,210,0,210,0,210,0,210,0,210,0,210,0,210,0,210,0,210,0,210,0,210,0,210,0,210,0,210,0,210,0,210,0,210,0,210,0,210,0,210,0,210,0,210,0,210,0,210,0,210,0,210,0,210,0,210,0,210,0,210,0,210,0,210,0,210,0,210,0,210,0,210,0,210,0,210,0,210,0,210,0,210,0,210,0,210,0,210,0,210,0,210,0,210,0,210,0,210,0,210,0,210,0,210,0,210,0,210,0,210,0,210,0,210,0,210,0,210,0,210,0,210,0,210,0,210,0,210,0,210,0,210,0,210,0,210,0,210,0,210,0,210,0,210,0,210,0,210,0,210,0,210,16,210,0,210,0,210,0,210,0,210,0,210,0,210,0,210,0,210,0,210,0,210,0,210,0,210,0,210,0,210,0,210,0,210,0,210,0,210,0,210,0,210,0,210,0,210,0,210,0,210,0,210,0,210,0,210,0,210,0,210,0,210,0,210,0,210,0,210,0,210,0,210,0,210,0,210,0,210,0,210,8,210,0,210,0,210,0,210,1,210,0,210,0,210,0,210,0,210,0,210,0,210,0,210,0,210,0,210,0,210,0,210,0,210,0,210,0,210,0,210,0,210,0,210,0,210,0,210,0,210,0,210,0,210,0,210,0,210,0,210,0,210,0,210,0,210,0,210,0,210,0,210,0,210,0,210,0,210,0,210,0,210,0,210,0,210,0,210,0,210,0,210,0,210,0,210,0,210,0,210,0,210,0,210,0,210,0,210,0,210,0,210,0,210,0,210,0,210,0,210,0,210,0,210,0,210,0,210,0,210,0,210,0,210,0,210,0,210,0,210,0,210,0,210,0,210,0,210,0,210,0,210,0,210,0,210,0,210,0,210,0,210,0,210,0,210,0,210,0,210,0,210,0,210,0,210,0,210,0,210,0,210,0,210,0,210,0,210,0,210,0,210,0,210,0,210,0,210,0,210,0,210,0,210,0,210,0,210,0,210,0,210,0,210,0,210,0,210,0,210,0,210,0,210,0,210,0,210,0,210,0,210,0,210,0,210,0,210,0,210,0,210,0,210,0,210,0,210,0,210,0,210,0,210,0,210,0,210,0,210,0,210,0,210,0,210,0,210,0,210,0,210,0,210,0,210,0,210,0,210,0,210,0,210,0,210,0,210,0,210,0,210,0,210,0,210,0,210,0,210,0,210,0,210,0,210,0,210,0,210,0,210,0,210,0,210,0,210,0,210,0,210,0,210,0,210,0,210,0,210,0,210,0,210,0,210,0,210,0,210,0,210,0,210,0,210,0,210,0,210,0,210,0,210,0,210,0,210,0,210,0,210,0,210,0,210,0,210,0,210,0,210,0,210,0,210,0,210,0,210,0,210,0,210,0,210,0,210,0,210,0,210,0,210,0,210,0,210,0,210,0,210,0,210,0,210,0,210,0,210,0,210,0,210,0,210,0,210,0,210,0,210,0,210,0,210,0,210,0,210,0,210,0,210,0,210,0,210,0,210,0,210,0,210,0,210,0,210,0,210,0,210,0,210,0,210,0,210,0,210,0,210,0,210,0,210,0,210,0,210,0,210,0,210,0,210,0,210,0,210,0,210,0,210,0,210,0,210,0,210,0,210,0,210,0,210,0,210,0,210,0,210,0,210,0,210,0,210,0,210,0,210,0,210,0,210,0,210,0,210,0,210,0,210,0,210,0,210,0,210,0,210,0,210,0,210,0,210,0,210,0,210,0,210,0,210,0,210,0,210,0,210,0,210,0,210,0,210,0,210,0,210,0,210,0,210,0,210,0,210,0,210,0,210,0,210,0,210,0,210,0,210,0,210,0,210,0,210,0,210,0,210,0,210,0,210,0,210,0,210,0,210,0,210,0,210,0,210,0,210,0,210,0,210,0,210,0,210,0,210,0,210,0,210,0,210,0,210,0,210,0,210,0,210,0,210,0,210,0,210,0,210,0,210,0,210,0,210,0,210,0,210,0,210,0,210,0,210,0,210,0,210,0,210,0,210,0,210,0,210,0,210,0,210,0,210,0,210,0,210,0,210,0,210,0,210,0
,,211,0,211,0,211,0,211,0,211,0,211,0,211,0,211,0,211,0,211,0,211,0,211,0,211,0,211,0,211,0,211,0,211,0,211,0,211,0,211,0,211,0,211,0,211,0,211,0,211,0,211,0,211,0,211,0,211,0,211,0,211,0,211,0,211,0,211,0,211,0,211,0,211,0,211,0,211,0,211,0,211,0,211,0,211,0,211,0,211,0,211,0,211,0,211,0,211,0,211,0,211,0,211,0,211,0,211,0,211,0,211,0,211,0,211,0,211,0,211,0,211,0,211,0,211,0,211,0,211,0,211,0,211,0,211,0,211,0,211,0,211,0,211,0,211,0,211,0,211,0,211,0,211,0,211,0,211,0,211,0,211,0,211,0,211,0,211,0,211,0,211,0,211,0,211,0,211,0,211,0,211,0,211,0,211,0,211,0,211,0,211,0,211,0,211,0,211,0,211,0,211,0,211,0,211,0,211,0,211,0,211,0,211,0,211,0,211,0,211,0,211,0,211,0,211,0,211,0,211,0,211,0,211,0,211,0,211,0,211,0,211,0,211,0,211,0,211,0,211,0,211,0,211,0,211,0,211,0,211,0,211,0,211,0,211,0,211,0,211,0,211,0,211,0,211,0,211,0,211,0,211,0,211,0,211,0,211,0,211,0,211,0,211,0,211,0,211,0,211,0,211,0,211,0,211,0,211,0,211,0,211,0,211,0,211,0,211,0,211,0,211,22,211,0,211,0,211,0,211,0,211,0,211,0,211,0,211,0,211,0,211,0,211,0,211,0,211,0,211,0,211,0,211,0,211,0,211,0,211,0,211,0,211,0,211,0,211,0,211,0,211,0,211,0,211,0,211,0,211,0,211,0,211,0,211,0,211,0,211,0,211,0,211,0,211,0,211,0,211,0,211,6,211,0,211,0,211,0,211,0,211,0,211,0,211,0,211,0,211,0,211,0,211,0,211,0,211,0,211,0,211,0,211,0,211,0,211,0,211,0,211,0,211,0,211,0,211,0,211,0,211,0,211,0,211,0,211,0,211,0,211,0,211,0,211,0,211,0,211,0,211,0,211,0,211,0,211,0,211,0,211,0,211,0,211,0,211,0,211,0,211,0,211,0,211,0,211,0,211,0,211,0,211,0,211,0,211,0,211,0,211,0,211,0,211,0,211,0,211,0,211,0,211,0,211,0,211,0,211,0,211,0,211,0,211,0,211,0,211,0,211,0,211,0,211,0,211,0,211,0,211,0,211,0,211,0,211,0,211,0,211,0,211,0,211,0,211,0,211,0,211,0,211,0,211,0,211,0,211,0,211,0,211,0,211,0,211,0,211,0,211,0,211,0,211,0,211,0,211,0,211,0,211,0,211,0,211,0,211,0,211,0,211,0,211,0,211,0,211,0,211,0,211,0,211,0,211,0,211,0,211,0,211,0,211,0,211,0,211,0,211,0,211,0,211,0,211,0,211,0,211,0,211,0,211,0,211,0,211,0,211,0,211,0,211,0,211,0,211,0,211,0,211,0,211,0,211,0,211,0,211,0,211,0,211,0,211,0,211,0,211,0,211,0,211,0,211,0,211,0,211,0,211,0,211,0,211,0,211,0,211,0,211,0,211,0,211,0,211,0,211,0,211,0,211,0,211,0,211,0,211,0,211,0,211,0,211,0,211,0,211,0,211,0,211,0,211,0,211,0,211,0,211,0,211,0,211,0,211,0,211,0,211,0,211,0,211,0,211,0,211,0,211,0,211,0,211,0,211,0,211,0,211,0,211,0,211,0,211,0,211,0,211,0,211,0,211,0,211,0,211,0,211,0,211,0,211,0,211,0,211,0,211,0,211,0,211,0,211,0,211,0,211,0,211,0,211,0,211,0,211,0,211,0,211,0,211,0,211,0,211,0,211,0,211,0,211,0,211,0,211,0,211,0,211,0,211,0,211,0,211,0,211,0,211,0,211,0,211,0,211,0,211,0,211,0,211,0,211,0,211,0,211,0,211,0,211,0,211,0,211,0,211,0,211,0,211,0,211,0,211,0,211,0,211,0,211,0,211,0,211,0,211,0,211,0,211,0,211,0,211,0,211,0,211,0,211,0,211,0,211,0,211,0,211,0,211,0,211,0,211,0,211,0,211,0,211,0,211,0,211,0,211,0,211,0,211,0,211,0,211,0,211,0,211,0,211,0,211,0,211,0,211,0,211,0,211,0,211,0,211,0,211,0,211,0,211,0,211,0,211,0,211,0,211,0,211,0,211,0,211,0,211,0,211,0,211,0,211,0,211,0,211,0,211,0,211,0,211,0,211,0,211,0,211,0,211,0,211,0,211,0,211,0,211,0,211,0,211,0,211,0,211,0,211,0,211,0,211,0,211,0,211,0,211,0,211,0,211,0,211,0,211,0,211,0,211,0,211,0,211,0,211,0,211,0,211,0,211,0,211,0,211,0,211,0,211,0
,,212,0,212,0,212,0,212,0,212,0,212,0,212,0,212,0,212,0,212,0,212,0,212,0,212,0,212,0,212,0,212,0,212,0,212,0,212,0,212,0,212,0,212,0,212,0,212,0,212,0,212,0,212,0,212,0,212,0,212,0,212,0,212,0,212,0,212,0,212,0,212,0,212,0,212,0,212,0,212,0,212,0,212,0,212,0,212,0,212,0,212,0,212,0,212,0,212,0,212,0,212,0,212,0,212,0,212,0,212,0,212,0,212,0,212,0,212,0,212,0,212,0,212,0,212,0,212,0,212,0,212,0,212,0,212,0,212,0,212,0,212,0,212,0,212,0,212,0,212,0,212,0,212,0,212,0,212,0,212,0,212,0,212,0,212,0,212,0,212,0,212,0,212,0,212,0,212,0,212,0,212,0,212,0,212,0,212,0,212,0,212,0,212,0,212,0,212,0,212,0,212,0,212,0,212,0,212,0,212,0,212,0,212,0,212,0,212,0,212,0,212,0,212,0,212,0,212,0,212,0,212,0,212,0,212,0,212,0,212,0,212,0,212,0,212,0,212,0,212,0,212,0,212,0,212,0,212,0,212,0,212,0,212,0,212,0,212,0,212,0,212,0,212,0,212,0,212,0,212,0,212,0,212,0,212,0,212,0,212,0,212,0,212,0,212,0,212,0,212,0,212,0,212,0,212,0,212,0,212,0,212,0,212,0,212,0,212,0,212,0,212,23,212,0,212,0,212,0,212,0,212,0,212,0,212,0,212,0,212,0,212,0,212,0,212,0,212,0,212,0,212,0,212,0,212,0,212,0,212,0,212,0,212,0,212,0,212,0,212,0,212,0,212,0,212,0,212,0,212,0,212,0,212,0,212,0,212,0,212,0,212,0,212,0,212,0,212,0,212,0,212,10,212,0,212,0,212,0,212,0,212,0,212,0,212,0,212,0,212,0,212,0,212,0,212,0,212,0,212,0,212,0,212,0,212,0,212,0,212,0,212,0,212,0,212,0,212,0,212,0,212,0,212,0,212,0,212,0,212,0,212,0,212,0,212,0,212,0,212,0,212,0,212,0,212,0,212,0,212,0,212,0,212,0,212,0,212,0,212,0,212,0,212,0,212,0,212,0,212,0,212,0,212,0,212,0,212,0,212,0,212,0,212,0,212,0,212,0,212,0,212,0,212,0,212,0,212,0,212,0,212,0,212,0,212,0,212,0,212,0,212,0,212,0,212,0,212,0,212,0,212,0,212,0,212,0,212,0,212,0,212,0,212,0,212,0,212,0,212,0,212,0,212,0,212,0,212,0,212,0,212,0,212,0,212,0,212,0,212,0,212,0,212,0,212,0,212,0,212,0,212,0,212,0,212,0,212,0,212,0,212,0,212,0,212,0,212,0,212,0,212,0,212,0,212,0,212,0,212,0,212,0,212,0,212,0,212,0,212,0,212,0,212,0,212,0,212,0,212,0,212,0,212,0,212,0,212,0,212,0,212,0,212,0,212,0,212,0,212,0,212,0,212,0,212,0,212,0,212,0,212,0,212,0,212,0,212,0,212,0,212,0,212,0,212,0,212,0,212,0,212,0,212,0,212,0,212,0,212,0,212,0,212,0,212,0,212,0,212,0,212,0,212,0,212,0,212,0,212,0,212,0,212,0,212,0,212,0,212,0,212,0,212,0,212,0,212,0,212,0,212,0,212,0,212,0,212,0,212,0,212,0,212,0,212,0,212,0,212,0,212,0,212,0,212,0,212,0,212,0,212,0,212,0,212,0,212,0,212,0,212,0,212,0,212,0,212,0,212,0,212,0,212,0,212,0,212,0,212,0,212,0,212,0,212,0,212,0,212,0,212,0,212,0,212,0,212,0,212,0,212,0,212,0,212,0,212,0,212,0,212,0,212,0,212,0,212,0,212,0,212,0,212,0,212,0,212,0,212,0,212,0,212,0,212,0,212,0,212,0,212,0,212,0,212,0,212,0,212,0,212,0,212,0,212,0,212,0,212,0,212,0,212,0,212,0,212,0,212,0,212,0,212,0,212,0,212,0,212,0,212,0,212,0,212,0,212,0,212,0,212,0,212,0,212,0,212,0,212,0,212,0,212,0,212,0,212,0,212,0,212,0,212,0,212,0,212,0,212,0,212,0,212,0,212,0,212,0,212,0,212,0,212,0,212,0,212,0,212,0,212,0,212,0,212,0,212,0,212,0,212,0,212,0,212,0,212,0,212,0,212,0,212,0,212,0,212,0,212,0,212,0,212,0,212,0,212,0,212,0,212,0,212,0,212,0,212,0,212,0,212,0,212,0,212,0,212,0,212,0,212,0,212,0,212,0,212,0,212,0,212,0,212,0,212,0,212,0,212,0,212,0,212,0,212,0,212,0,212,0,212,0,212,0,212,0,212,0,212,0,212,0,212,0,212,0,212,0,212,0,212,0,212,0,212,0,212,0
,,213,0,213,0,213,0,213,0,213,0,213,0,213,0,213,0,213,0,213,0,213,0,213,0,213,0,213,0,213,0,213,0,213,0,213,0,213,0,213,0,213,0,213,0,213,0,213,0,213,0,213,0,213,0,213,0,213,0,213,0,213,0,213,0,213,0,213,0,213,0,213,0,213,0,213,0,213,0,213,0,213,0,213,0,213,0,213,0,213,0,213,0,213,0,213,0,213,0,213,0,213,0,213,0,213,0,213,0,213,0,213,0,213,0,213,0,213,0,213,0,213,0,213,0,213,0,213,0,213,0,213,0,213,0,213,0,213,0,213,0,213,0,213,0,213,0,213,0,213,0,213,0,213,0,213,0,213,0,213,0,213,0,213,0,213,0,213,0,213,0,213,0,213,0,213,0,213,0,213,0,213,0,213,0,213,0,213,0,213,0,213,0,213,0,213,0,213,0,213,0,213,0,213,0,213,0,213,0,213,0,213,0,213,0,213,0,213,0,213,0,213,0,213,0,213,0,213,0,213,0,213,0,213,0,213,0,213,0,213,0,213,0,213,0,213,0,213,0,213,0,213,0,213,0,213,0,213,0,213,0,213,0,213,0,213,0,213,0,213,0,213,0,213,0,213,0,213,0,213,0,213,0,213,0,213,0,213,0,213,0,213,0,213,0,213,0,213,0,213,0,213,0,213,0,213,0,213,0,213,0,213,0,213,0,213,0,213,0,213,0,213,16,213,0,213,0,213,0,213,0,213,0,213,0,213,0,213,0,213,0,213,0,213,0,213,0,213,0,213,0,213,0,213,0,213,0,213,0,213,0,213,0,213,0,213,0,213,0,213,0,213,0,213,0,213,0,213,0,213,0,213,0,213,0,213,0,213,0,213,0,213,0,213,0,213,0,213,0,213,0,213,10,213,0,213,0,213,0,213,0,213,0,213,0,213,0,213,0,213,0,213,0,213,0,213,0,213,0,213,0,213,0,213,0,213,0,213,0,213,0,213,0,213,0,213,0,213,0,213,0,213,0,213,0,213,0,213,0,213,0,213,0,213,0,213,0,213,0,213,0,213,0,213,0,213,0,213,0,213,0,213,0,213,0,213,0,213,0,213,0,213,0,213,0,213,0,213,0,213,0,213,0,213,0,213,0,213,0,213,0,213,0,213,0,213,0,213,0,213,0,213,0,213,0,213,0,213,0,213,0,213,0,213,0,213,0,213,0,213,0,213,0,213,0,213,0,213,0,213,0,213,0,213,0,213,0,213,0,213,0,213,0,213,0,213,0,213,0,213,0,213,0,213,0,213,0,213,0,213,0,213,0,213,0,213,0,213,0,213,0,213,0,213,0,213,0,213,0,213,0,213,0,213,0,213,0,213,0,213,0,213,0,213,0,213,0,213,0,213,0,213,0,213,0,213,0,213,0,213,0,213,0,213,0,213,0,213,0,213,0,213,0,213,0,213,0,213,0,213,0,213,0,213,0,213,0,213,0,213,0,213,0,213,0,213,0,213,0,213,0,213,0,213,0,213,0,213,0,213,0,213,0,213,0,213,0,213,0,213,0,213,0,213,0,213,0,213,0,213,0,213,0,213,0,213,0,213,0,213,0,213,0,213,0,213,0,213,0,213,0,213,0,213,0,213,0,213,0,213,0,213,0,213,0,213,0,213,0,213,0,213,0,213,0,213,0,213,0,213,0,213,0,213,0,213,0,213,0,213,0,213,0,213,0,213,0,213,0,213,0,213,0,213,0,213,0,213,0,213,0,213,0,213,0,213,0,213,0,213,0,213,0,213,0,213,0,213,0,213,0,213,0,213,0,213,0,213,0,213,0,213,0,213,0,213,0,213,0,213,0,213,0,213,0,213,0,213,0,213,0,213,0,213,0,213,0,213,0,213,0,213,0,213,0,213,0,213,0,213,0,213,0,213,0,213,0,213,0,213,0,213,0,213,0,213,0,213,0,213,0,213,0,213,0,213,0,213,0,213,0,213,0,213,0,213,0,213,0,213,0,213,0,213,0,213,0,213,0,213,0,213,0,213,0,213,0,213,0,213,0,213,0,213,0,213,0,213,0,213,0,213,0,213,0,213,0,213,0,213,0,213,0,213,0,213,0,213,0,213,0,213,0,213,0,213,0,213,0,213,0,213,0,213,0,213,0,213,0,213,0,213,0,213,0,213,0,213,0,213,0,213,0,213,0,213,0,213,0,213,0,213,0,213,0,213,0,213,0,213,0,213,0,213,0,213,0,213,0,213,0,213,0,213,0,213,0,213,0,213,0,213,0,213,0,213,0,213,0,213,0,213,0,213,0,213,0,213,0,213,0,213,0,213,0,213,0,213,0,213,0,213,0,213,0,213,0,213,0,213,0,213,0,213,0,213,0,213,0,213,0,213,0,213,0,213,0,213,0,213,0,213,0,213,0,213,0,213,0,213,0,213,0,213,0,213,0,213,0
,,214,0,214,0,214,0,214,0,214,0,214,0,214,0,214,0,214,0,214,0,214,0,214,0,214,0,214,0,214,0,214,0,214,0,214,0,214,0,214,0,214,0,214,0,214,0,214,0,214,0,214,0,214,0,214,0,214,0,214,0,214,0,214,0,214,0,214,0,214,0,214,0,214,0,214,0,214,0,214,0,214,0,214,0,214,0,214,0,214,0,214,0,214,0,214,0,214,0,214,0,214,0,214,0,214,0,214,0,214,0,214,0,214,0,214,0,214,0,214,0,214,0,214,0,214,0,214,0,214,0,214,0,214,0,214,0,214,0,214,0,214,0,214,0,214,0,214,0,214,0,214,0,214,0,214,0,214,0,214,0,214,0,214,0,214,0,214,0,214,0,214,0,214,0,214,0,214,0,214,0,214,0,214,0,214,0,214,0,214,0,214,0,214,0,214,0,214,0,214,0,214,0,214,0,214,0,214,0,214,0,214,0,214,0,214,0,214,0,214,0,214,0,214,0,214,0,214,0,214,0,214,0,214,0,214,0,214,0,214,0,214,0,214,0,214,0,214,0,214,0,214,0,214,0,214,0,214,0,214,0,214,0,214,0,214,0,214,0,214,0,214,0,214,0,214,0,214,0,214,0,214,0,214,0,214,0,214,0,214,0,214,0,214,0,214,0,214,0,214,0,214,0,214,0,214,0,214,0,214,0,214,0,214,0,214,0,214,0,214,0,214,15,214,0,214,0,214,0,214,0,214,0,214,0,214,0,214,0,214,0,214,0,214,0,214,0,214,0,214,0,214,0,214,0,214,0,214,0,214,0,214,0,214,0,214,0,214,0,214,0,214,0,214,0,214,0,214,0,214,0,214,0,214,0,214,0,214,0,214,0,214,0,214,0,214,0,214,0,214,0,214,8,214,0,214,0,214,0,214,0,214,0,214,0,214,0,214,0,214,0,214,0,214,0,214,0,214,0,214,0,214,0,214,0,214,0,214,0,214,0,214,0,214,0,214,0,214,0,214,0,214,0,214,0,214,0,214,0,214,0,214,0,214,0,214,0,214,0,214,0,214,0,214,0,214,0,214,0,214,0,214,0,214,0,214,0,214,0,214,0,214,0,214,0,214,0,214,0,214,0,214,0,214,0,214,0,214,0,214,0,214,0,214,0,214,0,214,0,214,0,214,0,214,0,214,0,214,0,214,0,214,0,214,0,214,0,214,0,214,0,214,0,214,0,214,0,214,0,214,0,214,0,214,0,214,0,214,0,214,0,214,0,214,0,214,0,214,0,214,0,214,0,214,0,214,0,214,0,214,0,214,0,214,0,214,0,214,0,214,0,214,0,214,0,214,0,214,0,214,0,214,0,214,0,214,0,214,0,214,0,214,0,214,0,214,0,214,0,214,0,214,0,214,0,214,0,214,0,214,0,214,0,214,0,214,0,214,0,214,0,214,0,214,0,214,0,214,0,214,0,214,0,214,0,214,0,214,0,214,0,214,0,214,0,214,0,214,0,214,0,214,0,214,0,214,0,214,0,214,0,214,0,214,0,214,0,214,0,214,0,214,0,214,0,214,0,214,0,214,0,214,0,214,0,214,0,214,0,214,0,214,0,214,0,214,0,214,0,214,0,214,0,214,0,214,0,214,0,214,0,214,0,214,0,214,0,214,0,214,0,214,0,214,0,214,0,214,0,214,0,214,0,214,0,214,0,214,0,214,0,214,0,214,0,214,0,214,0,214,0,214,0,214,0,214,0,214,0,214,0,214,0,214,0,214,0,214,0,214,0,214,0,214,0,214,0,214,0,214,0,214,0,214,0,214,0,214,0,214,0,214,0,214,0,214,0,214,0,214,0,214,0,214,0,214,0,214,0,214,0,214,0,214,0,214,0,214,0,214,0,214,0,214,0,214,0,214,0,214,0,214,0,214,0,214,0,214,0,214,0,214,0,214,0,214,0,214,0,214,0,214,0,214,0,214,0,214,0,214,0,214,0,214,0,214,0,214,0,214,0,214,0,214,0,214,0,214,0,214,0,214,0,214,0,214,0,214,0,214,0,214,0,214,0,214,0,214,0,214,0,214,0,214,0,214,0,214,0,214,0,214,0,214,0,214,0,214,0,214,0,214,0,214,0,214,0,214,0,214,0,214,0,214,0,214,0,214,0,214,0,214,0,214,0,214,0,214,0,214,0,214,0,214,0,214,0,214,0,214,0,214,0,214,0,214,0,214,0,214,0,214,0,214,0,214,0,214,0,214,0,214,0,214,0,214,0,214,0,214,0,214,0,214,0,214,0,214,0,214,0,214,0,214,0,214,0,214,0,214,0,214,0,214,0,214,0,214,0,214,0,214,0,214,0,214,0,214,0,214,0,214,0,214,0,214,0,214,0,214,0,214,0,214,0,214,0,214,0,214,0,214,0,214,0,214,0,214,0,214,0,214,0,214,0,214,0,214,0
,,215,0,215,0,215,0,215,0,215,0,215,0,215,0,215,0,215,0,215,0,215,0,215,0,215,0,215,0,215,0,215,0,215,0,215,0,215,0,215,0,215,0,215,0,215,0,215,0,215,0,215,0,215,0,215,0,215,0,215,0,215,0,215,0,215,0,215,0,215,0,215,0,215,0,215,0,215,0,215,0,215,0,215,0,215,0,215,0,215,0,215,0,215,0,215,0,215,0,215,0,215,0,215,0,215,0,215,0,215,0,215,0,215,0,215,0,215,0,215,0,215,0,215,0,215,0,215,0,215,0,215,0,215,0,215,0,215,0,215,0,215,0,215,0,215,0,215,0,215,0,215,0,215,0,215,0,215,0,215,0,215,0,215,0,215,0,215,0,215,0,215,0,215,0,215,0,215,0,215,0,215,0,215,0,215,0,215,0,215,0,215,0,215,0,215,0,215,0,215,0,215,0,215,0,215,0,215,0,215,0,215,0,215,0,215,0,215,0,215,0,215,0,215,0,215,0,215,0,215,0,215,0,215,0,215,0,215,0,215,0,215,0,215,0,215,0,215,0,215,0,215,0,215,0,215,0,215,0,215,0,215,0,215,0,215,0,215,0,215,0,215,0,215,0,215,0,215,0,215,0,215,0,215,0,215,0,215,0,215,0,215,0,215,0,215,0,215,0,215,0,215,0,215,0,215,0,215,0,215,0,215,0,215,0,215,0,215,0,215,0,215,11,215,0,215,0,215,0,215,0,215,0,215,0,215,0,215,0,215,0,215,0,215,0,215,0,215,0,215,0,215,0,215,0,215,0,215,0,215,0,215,0,215,0,215,0,215,0,215,0,215,0,215,0,215,0,215,0,215,0,215,0,215,0,215,0,215,0,215,0,215,0,215,0,215,0,215,0,215,0,215,14,215,0,215,0,215,0,215,0,215,0,215,0,215,0,215,0,215,0,215,0,215,0,215,0,215,0,215,0,215,0,215,0,215,0,215,0,215,0,215,0,215,0,215,0,215,0,215,0,215,0,215,0,215,0,215,0,215,0,215,0,215,0,215,0,215,0,215,0,215,0,215,0,215,0,215,0,215,0,215,0,215,0,215,0,215,0,215,0,215,0,215,0,215,0,215,0,215,0,215,0,215,0,215,0,215,0,215,0,215,0,215,0,215,0,215,0,215,0,215,0,215,0,215,0,215,0,215,0,215,0,215,0,215,0,215,0,215,0,215,0,215,0,215,0,215,0,215,0,215,0,215,0,215,0,215,0,215,0,215,0,215,0,215,0,215,0,215,0,215,0,215,0,215,0,215,0,215,0,215,0,215,0,215,0,215,0,215,0,215,0,215,0,215,0,215,0,215,0,215,0,215,0,215,0,215,0,215,0,215,0,215,0,215,0,215,0,215,0,215,0,215,0,215,0,215,0,215,0,215,0,215,0,215,0,215,0,215,0,215,0,215,0,215,0,215,0,215,0,215,0,215,0,215,0,215,0,215,0,215,0,215,0,215,0,215,0,215,0,215,0,215,0,215,0,215,0,215,0,215,0,215,0,215,0,215,0,215,0,215,0,215,0,215,0,215,0,215,0,215,0,215,0,215,0,215,0,215,0,215,0,215,0,215,0,215,0,215,0,215,0,215,0,215,0,215,0,215,0,215,0,215,0,215,0,215,0,215,0,215,0,215,0,215,0,215,0,215,0,215,0,215,0,215,0,215,0,215,0,215,0,215,0,215,0,215,0,215,0,215,0,215,0,215,0,215,0,215,0,215,0,215,0,215,0,215,0,215,0,215,0,215,0,215,0,215,0,215,0,215,0,215,0,215,0,215,0,215,0,215,0,215,0,215,0,215,0,215,0,215,0,215,0,215,0,215,0,215,0,215,0,215,0,215,0,215,0,215,0,215,0,215,0,215,0,215,0,215,0,215,0,215,0,215,0,215,0,215,0,215,0,215,0,215,0,215,0,215,0,215,0,215,0,215,0,215,0,215,0,215,0,215,0,215,0,215,0,215,0,215,0,215,0,215,0,215,0,215,0,215,0,215,0,215,0,215,0,215,0,215,0,215,0,215,0,215,0,215,0,215,0,215,0,215,0,215,0,215,0,215,0,215,0,215,0,215,0,215,0,215,0,215,0,215,0,215,0,215,0,215,0,215,0,215,0,215,0,215,0,215,0,215,0,215,0,215,0,215,0,215,0,215,0,215,0,215,0,215,0,215,0,215,0,215,0,215,0,215,0,215,0,215,0,215,0,215,0,215,0,215,0,215,0,215,0,215,0,215,0,215,0,215,0,215,0,215,0,215,0,215,0,215,0,215,0,215,0,215,0,215,0,215,0,215,0,215,0,215,0,215,0,215,0,215,0,215,0,215,0,215,0,215,0,215,0,215,0,215,0,215,0,215,0,215,0,215,0,215,0,215,0,215,0,215,0,215,0,215,0,215,0,215,0,215,0,215,0
,,216,0,216,0,216,0,216,0,216,0,216,0,216,0,216,0,216,0,216,0,216,0,216,0,216,0,216,0,216,0,216,0,216,0,216,0,216,0,216,0,216,0,216,0,216,0,216,0,216,0,216,0,216,0,216,0,216,0,216,0,216,0,216,0,216,0,216,0,216,0,216,0,216,0,216,0,216,0,216,0,216,0,216,0,216,0,216,0,216,0,216,0,216,0,216,0,216,0,216,0,216,0,216,0,216,0,216,0,216,0,216,0,216,0,216,0,216,0,216,0,216,0,216,0,216,0,216,0,216,0,216,0,216,0,216,0,216,0,216,0,216,0,216,0,216,0,216,0,216,0,216,0,216,0,216,0,216,0,216,0,216,0,216,0,216,0,216,0,216,0,216,0,216,0,216,0,216,0,216,0,216,0,216,0,216,0,216,0,216,0,216,0,216,0,216,0,216,0,216,0,216,0,216,0,216,0,216,0,216,0,216,0,216,0,216,0,216,0,216,0,216,0,216,0,216,0,216,0,216,0,216,0,216,0,216,0,216,0,216,0,216,0,216,0,216,0,216,0,216,0,216,0,216,0,216,0,216,0,216,0,216,0,216,0,216,0,216,0,216,0,216,0,216,0,216,0,216,0,216,0,216,0,216,0,216,0,216,0,216,0,216,0,216,0,216,0,216,0,216,0,216,0,216,0,216,0,216,0,216,0,216,0,216,0,216,0,216,0,216,0,216,16,216,0,216,0,216,0,216,0,216,0,216,0,216,0,216,0,216,0,216,0,216,0,216,0,216,0,216,0,216,0,216,0,216,0,216,0,216,0,216,0,216,0,216,0,216,0,216,0,216,0,216,0,216,0,216,0,216,0,216,0,216,0,216,0,216,0,216,0,216,0,216,0,216,0,216,0,216,0,216,12,216,0,216,0,216,0,216,0,216,0,216,0,216,0,216,0,216,0,216,0,216,0,216,0,216,0,216,0,216,0,216,0,216,0,216,0,216,0,216,0,216,0,216,0,216,0,216,0,216,0,216,0,216,0,216,0,216,0,216,0,216,0,216,0,216,0,216,0,216,0,216,0,216,0,216,0,216,0,216,0,216,0,216,0,216,0,216,0,216,0,216,0,216,0,216,0,216,0,216,0,216,0,216,0,216,0,216,0,216,0,216,0,216,0,216,0,216,0,216,0,216,0,216,0,216,0,216,0,216,0,216,0,216,0,216,0,216,0,216,0,216,0,216,0,216,0,216,0,216,0,216,0,216,0,216,0,216,0,216,0,216,0,216,0,216,0,216,0,216,0,216,0,216,0,216,0,216,0,216,0,216,0,216,0,216,0,216,0,216,0,216,0,216,0,216,0,216,0,216,0,216,0,216,0,216,0,216,0,216,0,216,0,216,0,216,0,216,0,216,0,216,0,216,0,216,0,216,0,216,0,216,0,216,0,216,0,216,0,216,0,216,0,216,0,216,0,216,0,216,0,216,0,216,0,216,0,216,0,216,0,216,0,216,0,216,0,216,0,216,0,216,0,216,0,216,0,216,0,216,0,216,0,216,0,216,0,216,0,216,0,216,0,216,0,216,0,216,0,216,0,216,0,216,0,216,0,216,0,216,0,216,0,216,0,216,0,216,0,216,0,216,0,216,0,216,0,216,0,216,0,216,0,216,0,216,0,216,0,216,0,216,0,216,0,216,0,216,0,216,0,216,0,216,0,216,0,216,0,216,0,216,0,216,0,216,0,216,0,216,0,216,0,216,0,216,0,216,0,216,0,216,0,216,0,216,0,216,0,216,0,216,0,216,0,216,0,216,0,216,0,216,0,216,0,216,0,216,0,216,0,216,0,216,0,216,0,216,0,216,0,216,0,216,0,216,0,216,0,216,0,216,0,216,0,216,0,216,0,216,0,216,0,216,0,216,0,216,0,216,0,216,0,216,0,216,0,216,0,216,0,216,0,216,0,216,0,216,0,216,0,216,0,216,0,216,0,216,0,216,0,216,0,216,0,216,0,216,0,216,0,216,0,216,0,216,0,216,0,216,0,216,0,216,0,216,0,216,0,216,0,216,0,216,0,216,0,216,0,216,0,216,0,216,0,216,0,216,0,216,0,216,0,216,0,216,0,216,0,216,0,216,0,216,0,216,0,216,0,216,0,216,0,216,0,216,0,216,0,216,0,216,0,216,0,216,0,216,0,216,0,216,0,216,0,216,0,216,0,216,0,216,0,216,0,216,0,216,0,216,0,216,0,216,0,216,0,216,0,216,0,216,0,216,0,216,0,216,0,216,0,216,0,216,0,216,0,216,0,216,0,216,0,216,0,216,0,216,0,216,0,216,0,216,0,216,0,216,0,216,0,216,0,216,0,216,0,216,0,216,0,216,0,216,0,216,0,216,0,216,0,216,0,216,0,216,0,216,0,216,0,216,0,216,0,216,0,216,0,216,0,216,0,216,0,216,0
,,217,0,217,0,217,0,217,0,217,0,217,0,217,0,217,0,217,0,217,0,217,0,217,0,217,0,217,0,217,0,217,0,217,0,217,0,217,0,217,0,217,0,217,0,217,0,217,0,217,0,217,0,217,0,217,0,217,0,217,0,217,0,217,0,217,0,217,0,217,0,217,0,217,0,217,0,217,0,217,0,217,0,217,0,217,0,217,0,217,0,217,0,217,0,217,0,217,0,217,0,217,0,217,0,217,0,217,0,217,0,217,0,217,0,217,0,217,0,217,0,217,0,217,0,217,0,217,0,217,0,217,0,217,0,217,0,217,0,217,0,217,0,217,0,217,0,217,0,217,0,217,0,217,0,217,0,217,0,217,0,217,0,217,0,217,0,217,0,217,0,217,0,217,0,217,0,217,0,217,0,217,0,217,0,217,0,217,0,217,0,217,0,217,0,217,0,217,0,217,0,217,0,217,0,217,0,217,0,217,0,217,0,217,0,217,0,217,0,217,0,217,0,217,0,217,0,217,0,217,0,217,0,217,0,217,0,217,0,217,0,217,0,217,0,217,0,217,0,217,0,217,0,217,0,217,0,217,0,217,0,217,0,217,0,217,0,217,0,217,0,217,0,217,0,217,0,217,0,217,0,217,0,217,0,217,0,217,0,217,0,217,0,217,0,217,0,217,0,217,0,217,0,217,0,217,0,217,0,217,0,217,0,217,0,217,0,217,0,217,0,217,22,217,0,217,0,217,0,217,0,217,0,217,0,217,0,217,0,217,0,217,0,217,0,217,0,217,0,217,0,217,0,217,0,217,0,217,0,217,0,217,0,217,0,217,0,217,0,217,0,217,0,217,0,217,0,217,0,217,0,217,0,217,0,217,0,217,0,217,0,217,0,217,0,217,0,217,0,217,0,217,4,217,0,217,0,217,0,217,1,217,0,217,0,217,0,217,0,217,0,217,0,217,0,217,0,217,0,217,0,217,0,217,0,217,0,217,0,217,0,217,0,217,0,217,0,217,0,217,0,217,0,217,0,217,0,217,0,217,0,217,0,217,0,217,0,217,0,217,0,217,0,217,0,217,0,217,0,217,0,217,0,217,0,217,0,217,0,217,0,217,0,217,0,217,0,217,0,217,0,217,0,217,0,217,0,217,0,217,0,217,0,217,0,217,0,217,0,217,0,217,0,217,0,217,0,217,0,217,0,217,0,217,0,217,0,217,0,217,0,217,0,217,0,217,0,217,0,217,0,217,0,217,0,217,0,217,0,217,0,217,0,217,0,217,0,217,0,217,0,217,0,217,0,217,0,217,0,217,0,217,0,217,0,217,0,217,0,217,0,217,0,217,0,217,0,217,0,217,0,217,0,217,0,217,0,217,0,217,0,217,0,217,0,217,0,217,0,217,0,217,0,217,0,217,0,217,0,217,0,217,0,217,0,217,0,217,0,217,0,217,0,217,0,217,0,217,0,217,0,217,0,217,0,217,0,217,0,217,0,217,0,217,0,217,0,217,0,217,0,217,0,217,0,217,0,217,0,217,0,217,0,217,0,217,0,217,0,217,0,217,0,217,0,217,0,217,0,217,0,217,0,217,0,217,0,217,0,217,0,217,0,217,0,217,0,217,0,217,0,217,0,217,0,217,0,217,0,217,0,217,0,217,0,217,0,217,0,217,0,217,0,217,0,217,0,217,0,217,0,217,0,217,0,217,0,217,0,217,0,217,0,217,0,217,0,217,0,217,0,217,0,217,0,217,0,217,0,217,0,217,0,217,0,217,0,217,0,217,0,217,0,217,0,217,0,217,0,217,0,217,0,217,0,217,0,217,0,217,0,217,0,217,0,217,0,217,0,217,0,217,0,217,0,217,0,217,0,217,0,217,0,217,0,217,0,217,0,217,0,217,0,217,0,217,0,217,0,217,0,217,0,217,0,217,0,217,0,217,0,217,0,217,0,217,0,217,0,217,0,217,0,217,0,217,0,217,0,217,0,217,0,217,0,217,0,217,0,217,0,217,0,217,0,217,0,217,0,217,0,217,0,217,0,217,0,217,0,217,0,217,0,217,0,217,0,217,0,217,0,217,0,217,0,217,0,217,0,217,0,217,0,217,0,217,0,217,0,217,0,217,0,217,0,217,0,217,0,217,0,217,0,217,0,217,0,217,0,217,0,217,0,217,0,217,0,217,0,217,0,217,0,217,0,217,0,217,0,217,0,217,0,217,0,217,0,217,0,217,0,217,0,217,0,217,0,217,0,217,0,217,0,217,0,217,0,217,0,217,0,217,0,217,0,217,0,217,0,217,0,217,0,217,0,217,0,217,0,217,0,217,0,217,0,217,0,217,0,217,0,217,0,217,0,217,0,217,0,217,0,217,0,217,0,217,0,217,0,217,0,217,0,217,0,217,0,217,0,217,0,217,0,217,0,217,0,217,0,217,0,217,0,217,0,217,0,217,0
,,218,0,218,0,218,0,218,0,218,0,218,0,218,0,218,0,218,0,218,0,218,0,218,0,218,0,218,0,218,0,218,0,218,0,218,0,218,0,218,0,218,0,218,0,218,0,218,0,218,0,218,0,218,0,218,0,218,0,218,0,218,0,218,0,218,0,218,0,218,0,218,0,218,0,218,0,218,0,218,0,218,0,218,0,218,0,218,0,218,0,218,0,218,0,218,0,218,0,218,0,218,0,218,0,218,0,218,0,218,0,218,0,218,0,218,0,218,0,218,0,218,0,218,0,218,0,218,0,218,0,218,0,218,0,218,0,218,0,218,0,218,0,218,0,218,0,218,0,218,0,218,0,218,0,218,0,218,0,218,0,218,0,218,0,218,0,218,0,218,0,218,0,218,0,218,0,218,0,218,0,218,0,218,0,218,0,218,0,218,0,218,0,218,0,218,0,218,0,218,0,218,0,218,0,218,0,218,0,218,0,218,0,218,0,218,0,218,0,218,0,218,0,218,0,218,0,218,0,218,0,218,0,218,0,218,0,218,0,218,0,218,0,218,0,218,0,218,0,218,0,218,0,218,0,218,0,218,0,218,0,218,0,218,0,218,0,218,0,218,0,218,0,218,0,218,0,218,0,218,0,218,0,218,0,218,0,218,0,218,0,218,0,218,0,218,0,218,0,218,0,218,0,218,0,218,0,218,0,218,0,218,0,218,0,218,0,218,0,218,0,218,18,218,0,218,0,218,0,218,0,218,0,218,0,218,0,218,0,218,0,218,0,218,0,218,0,218,0,218,0,218,0,218,0,218,0,218,0,218,0,218,0,218,0,218,0,218,0,218,0,218,0,218,0,218,0,218,0,218,0,218,0,218,0,218,0,218,0,218,0,218,0,218,0,218,0,218,0,218,0,218,9,218,0,218,0,218,0,218,0,218,0,218,0,218,0,218,0,218,0,218,0,218,0,218,0,218,0,218,0,218,0,218,0,218,0,218,0,218,0,218,0,218,0,218,0,218,0,218,0,218,0,218,0,218,0,218,0,218,0,218,0,218,0,218,0,218,0,218,0,218,0,218,0,218,0,218,0,218,0,218,0,218,0,218,0,218,0,218,0,218,0,218,0,218,0,218,0,218,0,218,0,218,0,218,0,218,0,218,0,218,0,218,0,218,0,218,0,218,0,218,0,218,0,218,0,218,0,218,0,218,0,218,0,218,0,218,0,218,0,218,0,218,0,218,0,218,0,218,0,218,0,218,0,218,0,218,0,218,0,218,0,218,0,218,0,218,0,218,0,218,0,218,0,218,0,218,0,218,0,218,0,218,0,218,0,218,0,218,0,218,0,218,0,218,0,218,0,218,0,218,0,218,0,218,0,218,0,218,0,218,0,218,0,218,0,218,0,218,0,218,0,218,0,218,0,218,0,218,0,218,0,218,0,218,0,218,0,218,0,218,0,218,0,218,0,218,0,218,0,218,0,218,0,218,0,218,0,218,0,218,0,218,0,218,0,218,0,218,0,218,0,218,0,218,0,218,0,218,0,218,0,218,0,218,0,218,0,218,0,218,0,218,0,218,0,218,0,218,0,218,0,218,0,218,0,218,0,218,0,218,0,218,0,218,0,218,0,218,0,218,0,218,0,218,0,218,0,218,0,218,0,218,0,218,0,218,0,218,0,218,0,218,0,218,0,218,0,218,0,218,0,218,0,218,0,218,0,218,0,218,0,218,0,218,0,218,0,218,0,218,0,218,0,218,0,218,0,218,0,218,0,218,0,218,0,218,0,218,0,218,0,218,0,218,0,218,0,218,0,218,0,218,0,218,0,218,0,218,0,218,0,218,0,218,0,218,0,218,0,218,0,218,0,218,0,218,0,218,0,218,0,218,0,218,0,218,0,218,0,218,0,218,0,218,0,218,0,218,0,218,0,218,0,218,0,218,0,218,0,218,0,218,0,218,0,218,0,218,0,218,0,218,0,218,0,218,0,218,0,218,0,218,0,218,0,218,0,218,0,218,0,218,0,218,0,218,0,218,0,218,0,218,0,218,0,218,0,218,0,218,0,218,0,218,0,218,0,218,0,218,0,218,0,218,0,218,0,218,0,218,0,218,0,218,0,218,0,218,0,218,0,218,0,218,0,218,0,218,0,218,0,218,0,218,0,218,0,218,0,218,0,218,0,218,0,218,0,218,0,218,0,218,0,218,0,218,0,218,0,218,0,218,0,218,0,218,0,218,0,218,0,218,0,218,0,218,0,218,0,218,0,218,0,218,0,218,0,218,0,218,0,218,0,218,0,218,0,218,0,218,0,218,0,218,0,218,0,218,0,218,0,218,0,218,0,218,0,218,0,218,0,218,0,218,0,218,0,218,0,218,0,218,0,218,0,218,0,218,0,218,0,218,0,218,0,218,0,218,0,218,0,218,0,218,0,218,0,218,0,218,0,218,0,218,0,218,0
,,219,0,219,0,219,0,219,0,219,0,219,0,219,0,219,0,219,0,219,0,219,0,219,0,219,0,219,0,219,0,219,0,219,0,219,0,219,0,219,0,219,0,219,0,219,0,219,0,219,0,219,0,219,0,219,0,219,0,219,0,219,0,219,0,219,0,219,0,219,0,219,0,219,0,219,0,219,0,219,0,219,0,219,0,219,0,219,0,219,0,219,0,219,0,219,0,219,0,219,0,219,0,219,0,219,0,219,0,219,0,219,0,219,0,219,0,219,0,219,0,219,0,219,0,219,0,219,0,219,0,219,0,219,0,219,0,219,0,219,0,219,0,219,0,219,0,219,0,219,0,219,0,219,0,219,0,219,0,219,0,219,0,219,0,219,0,219,0,219,0,219,0,219,0,219,0,219,0,219,0,219,0,219,0,219,0,219,0,219,0,219,0,219,0,219,0,219,0,219,0,219,0,219,0,219,0,219,0,219,0,219,0,219,0,219,0,219,0,219,0,219,0,219,0,219,0,219,0,219,0,219,0,219,0,219,0,219,0,219,0,219,0,219,0,219,0,219,0,219,0,219,0,219,0,219,0,219,0,219,0,219,0,219,0,219,0,219,0,219,0,219,0,219,0,219,0,219,0,219,0,219,0,219,0,219,0,219,0,219,0,219,0,219,0,219,0,219,0,219,0,219,0,219,0,219,0,219,0,219,0,219,0,219,0,219,0,219,0,219,0,219,1,219,6,219,0,219,0,219,2,219,0,219,0,219,0,219,0,219,0,219,0,219,0,219,2,219,0,219,0,219,0,219,0,219,0,219,0,219,0,219,0,219,0,219,0,219,0,219,0,219,0,219,0,219,0,219,0,219,0,219,0,219,0,219,0,219,0,219,0,219,0,219,0,219,0,219,0,219,1,219,7,219,0,219,0,219,0,219,0,219,0,219,0,219,0,219,0,219,0,219,0,219,0,219,0,219,0,219,0,219,0,219,0,219,0,219,0,219,0,219,0,219,0,219,0,219,0,219,0,219,0,219,0,219,0,219,0,219,0,219,0,219,0,219,0,219,0,219,0,219,0,219,0,219,0,219,0,219,0,219,0,219,0,219,0,219,0,219,0,219,0,219,0,219,0,219,0,219,0,219,0,219,0,219,0,219,0,219,0,219,0,219,0,219,0,219,0,219,0,219,0,219,0,219,0,219,0,219,0,219,0,219,0,219,0,219,0,219,0,219,0,219,0,219,0,219,0,219,0,219,0,219,0,219,0,219,0,219,0,219,0,219,0,219,0,219,0,219,0,219,0,219,0,219,0,219,0,219,0,219,0,219,0,219,0,219,0,219,0,219,0,219,0,219,0,219,0,219,0,219,0,219,0,219,0,219,0,219,0,219,0,219,0,219,0,219,0,219,0,219,0,219,0,219,0,219,0,219,0,219,0,219,0,219,0,219,0,219,0,219,0,219,0,219,0,219,0,219,0,219,0,219,0,219,0,219,0,219,0,219,0,219,0,219,0,219,0,219,0,219,0,219,0,219,0,219,0,219,0,219,0,219,0,219,0,219,0,219,0,219,0,219,0,219,0,219,0,219,0,219,0,219,0,219,0,219,0,219,0,219,0,219,0,219,0,219,0,219,0,219,0,219,0,219,0,219,0,219,0,219,0,219,0,219,0,219,0,219,0,219,0,219,0,219,0,219,0,219,0,219,0,219,0,219,0,219,0,219,0,219,0,219,0,219,0,219,0,219,0,219,0,219,0,219,0,219,0,219,0,219,0,219,0,219,0,219,0,219,0,219,0,219,0,219,0,219,0,219,0,219,0,219,0,219,0,219,0,219,0,219,0,219,0,219,0,219,0,219,0,219,0,219,0,219,0,219,0,219,0,219,0,219,0,219,0,219,0,219,0,219,0,219,0,219,0,219,0,219,0,219,0,219,0,219,0,219,0,219,0,219,0,219,0,219,0,219,0,219,0,219,0,219,0,219,0,219,0,219,0,219,0,219,0,219,0,219,0,219,0,219,0,219,0,219,0,219,0,219,0,219,0,219,0,219,0,219,0,219,0,219,0,219,0,219,0,219,0,219,0,219,0,219,0,219,0,219,0,219,0,219,0,219,0,219,0,219,0,219,0,219,0,219,0,219,0,219,0,219,0,219,0,219,0,219,0,219,0,219,0,219,0,219,0,219,0,219,0,219,0,219,0,219,0,219,0,219,0,219,0,219,0,219,0,219,0,219,0,219,0,219,0,219,0,219,0,219,0,219,0,219,0,219,0,219,0,219,0,219,0,219,0,219,0,219,0,219,0,219,0,219,0,219,0,219,0,219,0,219,0,219,0,219,0,219,0,219,0,219,0,219,0,219,0,219,0,219,0,219,0,219,0,219,0,219,0,219,0,219,0,219,0,219,0,219,0,219,0,219,0,219,0,219,0,219,0,219,0,219,0,219,0,219,0,219,0,219,0
,,220,0,220,0,220,0,220,0,220,0,220,0,220,0,220,0,220,0,220,0,220,0,220,0,220,0,220,0,220,0,220,0,220,0,220,0,220,0,220,0,220,0,220,0,220,0,220,0,220,0,220,0,220,0,220,0,220,0,220,0,220,0,220,0,220,0,220,0,220,0,220,0,220,0,220,0,220,0,220,0,220,0,220,0,220,0,220,0,220,0,220,0,220,0,220,0,220,0,220,0,220,0,220,0,220,0,220,0,220,0,220,0,220,0,220,0,220,0,220,0,220,0,220,0,220,0,220,0,220,0,220,0,220,0,220,0,220,0,220,0,220,0,220,0,220,0,220,0,220,0,220,0,220,0,220,0,220,0,220,0,220,0,220,0,220,0,220,0,220,0,220,0,220,0,220,0,220,0,220,0,220,0,220,0,220,0,220,0,220,0,220,0,220,0,220,0,220,0,220,0,220,0,220,0,220,0,220,0,220,0,220,0,220,0,220,0,220,0,220,0,220,0,220,0,220,0,220,0,220,0,220,0,220,0,220,0,220,0,220,1,220,0,220,0,220,0,220,0,220,2,220,0,220,0,220,0,220,0,220,0,220,0,220,0,220,0,220,0,220,0,220,0,220,0,220,0,220,0,220,0,220,0,220,0,220,0,220,0,220,0,220,0,220,0,220,0,220,0,220,0,220,0,220,0,220,0,220,0,220,0,220,0,220,0,220,0,220,0,220,0,220,0,220,4,220,0,220,0,220,0,220,0,220,0,220,0,220,0,220,0,220,0,220,0,220,9,220,0,220,0,220,0,220,0,220,0,220,0,220,0,220,0,220,0,220,0,220,0,220,0,220,0,220,0,220,0,220,0,220,0,220,0,220,0,220,0,220,0,220,0,220,0,220,2,220,0,220,0,220,6,220,0,220,0,220,0,220,0,220,0,220,0,220,0,220,0,220,0,220,0,220,0,220,0,220,0,220,0,220,0,220,0,220,0,220,0,220,0,220,0,220,0,220,0,220,0,220,0,220,0,220,0,220,0,220,0,220,0,220,0,220,0,220,0,220,0,220,0,220,0,220,0,220,0,220,0,220,0,220,0,220,0,220,0,220,0,220,0,220,0,220,0,220,0,220,0,220,0,220,0,220,0,220,0,220,0,220,0,220,0,220,0,220,0,220,0,220,0,220,0,220,0,220,0,220,0,220,0,220,0,220,0,220,0,220,0,220,0,220,0,220,0,220,0,220,0,220,0,220,0,220,0,220,0,220,0,220,0,220,0,220,0,220,0,220,0,220,0,220,0,220,0,220,0,220,0,220,0,220,0,220,0,220,0,220,0,220,0,220,0,220,0,220,0,220,0,220,0,220,0,220,0,220,0,220,0,220,0,220,0,220,0,220,0,220,0,220,0,220,0,220,0,220,0,220,0,220,0,220,0,220,0,220,0,220,0,220,0,220,0,220,0,220,0,220,0,220,0,220,0,220,0,220,0,220,0,220,0,220,0,220,0,220,0,220,0,220,0,220,0,220,0,220,0,220,0,220,0,220,0,220,0,220,0,220,0,220,0,220,0,220,0,220,0,220,0,220,0,220,0,220,0,220,0,220,0,220,0,220,0,220,0,220,0,220,0,220,0,220,0,220,0,220,0,220,0,220,0,220,0,220,0,220,0,220,0,220,0,220,0,220,0,220,0,220,0,220,0,220,0,220,0,220,0,220,0,220,0,220,0,220,0,220,0,220,0,220,0,220,0,220,0,220,0,220,0,220,0,220,0,220,0,220,0,220,0,220,0,220,0,220,0,220,0,220,0,220,0,220,0,220,0,220,0,220,0,220,0,220,0,220,0,220,0,220,0,220,0,220,0,220,0,220,0,220,0,220,0,220,0,220,0,220,0,220,0,220,0,220,0,220,0,220,0,220,0,220,0,220,0,220,0,220,0,220,0,220,0,220,0,220,0,220,0,220,0,220,0,220,0,220,0,220,0,220,0,220,0,220,0,220,0,220,0,220,0,220,0,220,0,220,0,220,0,220,0,220,0,220,0,220,0,220,0,220,0,220,0,220,0,220,0,220,0,220,0,220,0,220,0,220,0,220,0,220,0,220,0,220,0,220,0,220,0,220,0,220,0,220,0,220,0,220,0,220,0,220,0,220,0,220,0,220,0,220,0,220,0,220,0,220,0,220,0,220,0,220,0,220,0,220,0,220,0,220,0,220,0,220,0,220,0,220,0,220,0,220,0,220,0,220,0,220,0,220,0,220,0,220,0,220,0,220,0,220,0,220,0,220,0,220,0,220,0,220,0,220,0,220,0,220,0,220,0,220,0,220,0,220,0,220,0,220,0,220,0,220,0,220,0,220,0,220,0,220,0,220,0,220,0,220,0,220,0,220,0,220,0,220,0,220,0,220,0,220,0,220,0,220,0,220,0,220,0,220,0,220,0,220,0,220,0,220,0,220,0,220,0
,,221,0,221,0,221,0,221,0,221,0,221,0,221,0,221,0,221,0,221,0,221,0,221,0,221,0,221,0,221,0,221,0,221,0,221,0,221,0,221,0,221,0,221,0,221,0,221,0,221,0,221,0,221,0,221,0,221,0,221,0,221,0,221,0,221,0,221,0,221,0,221,0,221,0,221,0,221,0,221,0,221,0,221,0,221,0,221,0,221,0,221,0,221,0,221,0,221,0,221,0,221,0,221,0,221,0,221,0,221,0,221,0,221,0,221,0,221,0,221,0,221,0,221,0,221,0,221,0,221,0,221,0,221,0,221,0,221,0,221,0,221,0,221,0,221,0,221,0,221,0,221,0,221,0,221,0,221,0,221,0,221,0,221,0,221,0,221,0,221,0,221,0,221,0,221,0,221,0,221,0,221,0,221,0,221,0,221,0,221,0,221,0,221,0,221,0,221,0,221,0,221,0,221,0,221,0,221,0,221,0,221,0,221,0,221,0,221,0,221,0,221,0,221,0,221,0,221,0,221,1,221,0,221,0,221,0,221,6,221,3,221,0,221,0,221,7,221,0,221,0,221,0,221,0,221,0,221,0,221,0,221,0,221,0,221,0,221,0,221,0,221,0,221,0,221,0,221,0,221,0,221,0,221,0,221,0,221,0,221,0,221,0,221,0,221,0,221,0,221,0,221,0,221,0,221,0,221,0,221,0,221,0,221,0,221,0,221,0,221,0,221,0,221,0,221,0,221,0,221,0,221,0,221,0,221,0,221,0,221,0,221,0,221,0,221,0,221,0,221,0,221,0,221,0,221,0,221,0,221,0,221,0,221,0,221,0,221,0,221,0,221,0,221,0,221,0,221,0,221,0,221,0,221,0,221,0,221,0,221,0,221,9,221,6,221,0,221,0,221,9,221,0,221,0,221,0,221,0,221,0,221,0,221,0,221,0,221,0,221,0,221,0,221,0,221,0,221,0,221,0,221,0,221,0,221,0,221,0,221,0,221,0,221,0,221,0,221,0,221,0,221,0,221,0,221,0,221,0,221,0,221,0,221,0,221,0,221,0,221,0,221,0,221,0,221,0,221,0,221,0,221,0,221,0,221,0,221,0,221,0,221,0,221,0,221,0,221,0,221,0,221,0,221,0,221,0,221,0,221,0,221,0,221,0,221,0,221,0,221,0,221,0,221,0,221,0,221,0,221,0,221,0,221,0,221,0,221,0,221,0,221,0,221,0,221,0,221,0,221,0,221,0,221,0,221,0,221,0,221,0,221,0,221,0,221,0,221,0,221,0,221,0,221,0,221,0,221,0,221,0,221,0,221,0,221,0,221,0,221,0,221,0,221,0,221,0,221,0,221,0,221,0,221,0,221,0,221,0,221,0,221,0,221,0,221,0,221,0,221,0,221,0,221,0,221,0,221,0,221,0,221,0,221,0,221,0,221,0,221,0,221,0,221,0,221,0,221,0,221,0,221,0,221,0,221,0,221,0,221,0,221,0,221,0,221,0,221,0,221,0,221,0,221,0,221,0,221,0,221,0,221,0,221,0,221,0,221,0,221,0,221,0,221,0,221,0,221,0,221,0,221,0,221,0,221,0,221,0,221,0,221,0,221,0,221,0,221,0,221,0,221,0,221,0,221,0,221,0,221,0,221,0,221,0,221,0,221,0,221,0,221,0,221,0,221,0,221,0,221,0,221,0,221,0,221,0,221,0,221,0,221,0,221,0,221,0,221,0,221,0,221,0,221,0,221,0,221,0,221,0,221,0,221,0,221,0,221,0,221,0,221,0,221,0,221,0,221,0,221,0,221,0,221,0,221,0,221,0,221,0,221,0,221,0,221,0,221,0,221,0,221,0,221,0,221,0,221,0,221,0,221,0,221,0,221,0,221,0,221,0,221,0,221,0,221,0,221,0,221,0,221,0,221,0,221,0,221,0,221,0,221,0,221,0,221,0,221,0,221,0,221,0,221,0,221,0,221,0,221,0,221,0,221,0,221,0,221,0,221,0,221,0,221,0,221,0,221,0,221,0,221,0,221,0,221,0,221,0,221,0,221,0,221,0,221,0,221,0,221,0,221,0,221,0,221,0,221,0,221,0,221,0,221,0,221,0,221,0,221,0,221,0,221,0,221,0,221,0,221,0,221,0,221,0,221,0,221,0,221,0,221,0,221,0,221,0,221,0,221,0,221,0,221,0,221,0,221,0,221,0,221,0,221,0,221,0,221,0,221,0,221,0,221,0,221,0,221,0,221,0,221,0,221,0,221,0,221,0,221,0,221,0,221,0,221,0,221,0,221,0,221,0,221,0,221,0,221,0,221,0,221,0,221,0,221,0,221,0,221,0,221,0,221,0,221,0,221,0,221,0,221,0,221,0,221,0,221,0,221,0,221,0,221,0,221,0,221,0,221,0,221,0,221,0,221,0,221,0,221,0,221,0,221,0,221,0,221,0
,,222,0,222,0,222,0,222,0,222,0,222,0,222,0,222,0,222,0,222,0,222,0,222,0,222,0,222,0,222,0,222,0,222,0,222,0,222,0,222,0,222,0,222,0,222,0,222,0,222,0,222,0,222,0,222,0,222,0,222,0,222,0,222,0,222,0,222,0,222,0,222,0,222,0,222,0,222,0,222,0,222,0,222,0,222,0,222,0,222,0,222,0,222,0,222,0,222,0,222,0,222,0,222,0,222,0,222,0,222,0,222,0,222,0,222,0,222,0,222,0,222,0,222,0,222,0,222,0,222,0,222,0,222,0,222,0,222,0,222,0,222,0,222,0,222,0,222,0,222,0,222,0,222,0,222,0,222,0,222,0,222,0,222,0,222,0,222,0,222,0,222,0,222,0,222,0,222,0,222,0,222,0,222,0,222,0,222,0,222,0,222,0,222,0,222,0,222,0,222,0,222,0,222,0,222,0,222,0,222,0,222,0,222,0,222,0,222,0,222,0,222,0,222,0,222,0,222,1,222,12,222,0,222,0,222,0,222,7,222,0,222,0,222,0,222,1,222,0,222,0,222,0,222,0,222,0,222,0,222,0,222,0,222,0,222,0,222,0,222,0,222,0,222,0,222,0,222,0,222,0,222,0,222,0,222,0,222,0,222,0,222,0,222,0,222,0,222,0,222,0,222,0,222,0,222,0,222,0,222,0,222,0,222,0,222,0,222,0,222,0,222,0,222,0,222,0,222,0,222,0,222,0,222,0,222,0,222,0,222,0,222,0,222,0,222,0,222,0,222,0,222,0,222,0,222,0,222,0,222,0,222,0,222,0,222,0,222,0,222,0,222,0,222,0,222,0,222,0,222,0,222,0,222,0,222,0,222,0,222,0,222,9,222,0,222,0,222,0,222,3,222,0,222,0,222,0,222,0,222,0,222,0,222,0,222,0,222,0,222,0,222,0,222,0,222,0,222,0,222,0,222,0,222,0,222,0,222,0,222,0,222,0,222,0,222,0,222,0,222,0,222,0,222,0,222,0,222,0,222,0,222,0,222,0,222,0,222,0,222,0,222,0,222,0,222,0,222,0,222,0,222,0,222,0,222,0,222,0,222,0,222,0,222,0,222,0,222,0,222,0,222,0,222,0,222,0,222,0,222,0,222,0,222,0,222,0,222,0,222,0,222,0,222,0,222,0,222,0,222,0,222,0,222,0,222,0,222,0,222,0,222,0,222,0,222,0,222,0,222,0,222,0,222,0,222,0,222,0,222,0,222,0,222,0,222,0,222,0,222,0,222,0,222,0,222,0,222,0,222,0,222,0,222,0,222,0,222,0,222,0,222,0,222,0,222,0,222,0,222,0,222,0,222,0,222,0,222,0,222,0,222,0,222,0,222,0,222,0,222,0,222,0,222,0,222,0,222,0,222,0,222,0,222,0,222,0,222,0,222,0,222,0,222,0,222,0,222,0,222,0,222,0,222,0,222,0,222,0,222,0,222,0,222,0,222,0,222,0,222,0,222,0,222,0,222,0,222,0,222,0,222,0,222,0,222,0,222,0,222,0,222,0,222,0,222,0,222,0,222,0,222,0,222,0,222,0,222,0,222,0,222,0,222,0,222,0,222,0,222,0,222,0,222,0,222,0,222,0,222,0,222,0,222,0,222,0,222,0,222,0,222,0,222,0,222,0,222,0,222,0,222,0,222,0,222,0,222,0,222,0,222,0,222,0,222,0,222,0,222,0,222,0,222,0,222,0,222,0,222,0,222,0,222,0,222,0,222,0,222,0,222,0,222,0,222,0,222,0,222,0,222,0,222,0,222,0,222,0,222,0,222,0,222,0,222,0,222,0,222,0,222,0,222,0,222,0,222,0,222,0,222,0,222,0,222,0,222,0,222,0,222,0,222,0,222,0,222,0,222,0,222,0,222,0,222,0,222,0,222,0,222,0,222,0,222,0,222,0,222,0,222,0,222,0,222,0,222,0,222,0,222,0,222,0,222,0,222,0,222,0,222,0,222,0,222,0,222,0,222,0,222,0,222,0,222,0,222,0,222,0,222,0,222,0,222,0,222,0,222,0,222,0,222,0,222,0,222,0,222,0,222,0,222,0,222,0,222,0,222,0,222,0,222,0,222,0,222,0,222,0,222,0,222,0,222,0,222,0,222,0,222,0,222,0,222,0,222,0,222,0,222,0,222,0,222,0,222,0,222,0,222,0,222,0,222,0,222,0,222,0,222,0,222,0,222,0,222,0,222,0,222,0,222,0,222,0,222,0,222,0,222,0,222,0,222,0,222,0,222,0,222,0,222,0,222,0,222,0,222,0,222,0,222,0,222,0,222,0,222,0,222,0,222,0,222,0,222,0,222,0,222,0,222,0,222,0,222,0,222,0,222,0,222,0,222,0,222,0,222,0,222,0,222,0,222,0,222,0,222,0,222,0,222,0,222,0,222,0
,,223,0,223,0,223,0,223,0,223,0,223,0,223,0,223,0,223,0,223,0,223,0,223,0,223,0,223,0,223,0,223,0,223,0,223,0,223,0,223,0,223,0,223,0,223,0,223,0,223,0,223,0,223,0,223,0,223,0,223,0,223,0,223,0,223,0,223,0,223,0,223,0,223,0,223,0,223,0,223,0,223,0,223,0,223,0,223,0,223,0,223,0,223,0,223,0,223,0,223,0,223,0,223,0,223,0,223,0,223,0,223,0,223,0,223,0,223,0,223,0,223,0,223,0,223,0,223,0,223,0,223,0,223,0,223,0,223,0,223,0,223,0,223,0,223,0,223,0,223,0,223,0,223,0,223,0,223,0,223,0,223,0,223,0,223,0,223,0,223,0,223,0,223,0,223,0,223,0,223,0,223,0,223,0,223,0,223,0,223,0,223,0,223,0,223,0,223,0,223,0,223,0,223,0,223,0,223,0,223,0,223,0,223,0,223,0,223,0,223,0,223,0,223,0,223,0,223,0,223,6,223,0,223,0,223,0,223,8,223,0,223,0,223,0,223,3,223,0,223,0,223,0,223,0,223,0,223,0,223,0,223,0,223,0,223,0,223,0,223,0,223,0,223,0,223,0,223,0,223,0,223,0,223,0,223,0,223,0,223,0,223,0,223,0,223,0,223,0,223,0,223,0,223,0,223,0,223,0,223,0,223,0,223,0,223,0,223,0,223,0,223,0,223,0,223,0,223,0,223,0,223,0,223,0,223,0,223,0,223,0,223,0,223,0,223,0,223,0,223,0,223,0,223,0,223,0,223,0,223,0,223,0,223,0,223,0,223,0,223,0,223,0,223,0,223,0,223,0,223,0,223,0,223,0,223,0,223,0,223,0,223,9,223,3,223,0,223,0,223,11,223,0,223,0,223,0,223,0,223,0,223,0,223,0,223,0,223,0,223,0,223,0,223,0,223,0,223,0,223,0,223,0,223,0,223,0,223,0,223,0,223,0,223,0,223,0,223,0,223,0,223,0,223,0,223,0,223,0,223,0,223,0,223,0,223,0,223,0,223,0,223,0,223,0,223,0,223,0,223,0,223,0,223,0,223,0,223,0,223,0,223,0,223,0,223,0,223,0,223,0,223,0,223,0,223,0,223,0,223,0,223,0,223,0,223,0,223,0,223,0,223,0,223,0,223,0,223,0,223,0,223,0,223,0,223,0,223,0,223,0,223,0,223,0,223,0,223,0,223,0,223,0,223,0,223,0,223,0,223,0,223,0,223,0,223,0,223,0,223,0,223,0,223,0,223,0,223,0,223,0,223,0,223,0,223,0,223,0,223,0,223,0,223,0,223,0,223,0,223,0,223,0,223,0,223,0,223,0,223,0,223,0,223,0,223,0,223,0,223,0,223,0,223,0,223,0,223,0,223,0,223,0,223,0,223,0,223,0,223,0,223,0,223,0,223,0,223,0,223,0,223,0,223,0,223,0,223,0,223,0,223,0,223,0,223,0,223,0,223,0,223,0,223,0,223,0,223,0,223,0,223,0,223,0,223,0,223,0,223,0,223,0,223,0,223,0,223,0,223,0,223,0,223,0,223,0,223,0,223,0,223,0,223,0,223,0,223,0,223,0,223,0,223,0,223,0,223,0,223,0,223,0,223,0,223,0,223,0,223,0,223,0,223,0,223,0,223,0,223,0,223,0,223,0,223,0,223,0,223,0,223,0,223,0,223,0,223,0,223,0,223,0,223,0,223,0,223,0,223,0,223,0,223,0,223,0,223,0,223,0,223,0,223,0,223,0,223,0,223,0,223,0,223,0,223,0,223,0,223,0,223,0,223,0,223,0,223,0,223,0,223,0,223,0,223,0,223,0,223,0,223,0,223,0,223,0,223,0,223,0,223,0,223,0,223,0,223,0,223,0,223,0,223,0,223,0,223,0,223,0,223,0,223,0,223,0,223,0,223,0,223,0,223,0,223,0,223,0,223,0,223,0,223,0,223,0,223,0,223,0,223,0,223,0,223,0,223,0,223,0,223,0,223,0,223,0,223,0,223,0,223,0,223,0,223,0,223,0,223,0,223,0,223,0,223,0,223,0,223,0,223,0,223,0,223,0,223,0,223,0,223,0,223,0,223,0,223,0,223,0,223,0,223,0,223,0,223,0,223,0,223,0,223,0,223,0,223,0,223,0,223,0,223,0,223,0,223,0,223,0,223,0,223,0,223,0,223,0,223,0,223,0,223,0,223,0,223,0,223,0,223,0,223,0,223,0,223,0,223,0,223,0,223,0,223,0,223,0,223,0,223,0,223,0,223,0,223,0,223,0,223,0,223,0,223,0,223,0,223,0,223,0,223,0,223,0,223,0,223,0,223,0,223,0,223,0,223,0,223,0,223,0,223,0,223,0,223,0,223,0,223,0,223,0,223,0,223,0,223,0,223,0,223,0,223,0,223,0
,,224,0,224,0,224,0,224,0,224,0,224,0,224,0,224,0,224,0,224,0,224,0,224,0,224,0,224,0,224,0,224,0,224,0,224,0,224,0,224,0,224,0,224,0,224,0,224,0,224,0,224,0,224,0,224,0,224,0,224,0,224,0,224,0,224,0,224,0,224,0,224,0,224,0,224,0,224,0,224,0,224,0,224,0,224,0,224,0,224,0,224,0,224,0,224,0,224,0,224,0,224,0,224,0,224,0,224,0,224,0,224,0,224,0,224,0,224,0,224,0,224,0,224,0,224,0,224,0,224,0,224,0,224,0,224,0,224,0,224,0,224,0,224,0,224,0,224,0,224,0,224,0,224,0,224,0,224,0,224,0,224,0,224,0,224,0,224,0,224,0,224,0,224,0,224,0,224,0,224,0,224,0,224,0,224,0,224,0,224,0,224,0,224,0,224,0,224,0,224,0,224,0,224,0,224,0,224,0,224,0,224,0,224,0,224,0,224,0,224,0,224,0,224,0,224,0,224,0,224,2,224,0,224,0,224,0,224,8,224,1,224,0,224,0,224,4,224,0,224,0,224,0,224,0,224,0,224,0,224,0,224,0,224,0,224,0,224,0,224,0,224,0,224,0,224,0,224,0,224,0,224,0,224,0,224,0,224,0,224,0,224,0,224,0,224,0,224,0,224,0,224,0,224,0,224,0,224,0,224,0,224,0,224,0,224,0,224,0,224,0,224,0,224,0,224,0,224,0,224,0,224,0,224,0,224,0,224,0,224,0,224,0,224,0,224,0,224,0,224,0,224,0,224,0,224,0,224,0,224,0,224,0,224,0,224,0,224,0,224,0,224,0,224,0,224,0,224,0,224,0,224,0,224,0,224,0,224,0,224,0,224,10,224,4,224,0,224,0,224,10,224,0,224,0,224,0,224,0,224,0,224,0,224,0,224,0,224,0,224,0,224,0,224,0,224,0,224,0,224,0,224,0,224,0,224,0,224,0,224,0,224,0,224,0,224,0,224,0,224,0,224,0,224,0,224,0,224,0,224,0,224,0,224,0,224,0,224,0,224,0,224,0,224,0,224,0,224,0,224,0,224,0,224,0,224,0,224,0,224,0,224,0,224,0,224,0,224,0,224,0,224,0,224,0,224,0,224,0,224,0,224,0,224,0,224,0,224,0,224,0,224,0,224,0,224,0,224,0,224,0,224,0,224,0,224,0,224,0,224,0,224,0,224,0,224,0,224,0,224,0,224,0,224,0,224,0,224,0,224,0,224,0,224,0,224,0,224,0,224,0,224,0,224,0,224,0,224,0,224,0,224,0,224,0,224,0,224,0,224,0,224,0,224,0,224,0,224,0,224,0,224,0,224,0,224,0,224,0,224,0,224,0,224,0,224,0,224,0,224,0,224,0,224,0,224,0,224,0,224,0,224,0,224,0,224,0,224,0,224,0,224,0,224,0,224,0,224,0,224,0,224,0,224,0,224,0,224,0,224,0,224,0,224,0,224,0,224,0,224,0,224,0,224,0,224,0,224,0,224,0,224,0,224,0,224,0,224,0,224,0,224,0,224,0,224,0,224,0,224,0,224,0,224,0,224,0,224,0,224,0,224,0,224,0,224,0,224,0,224,0,224,0,224,0,224,0,224,0,224,0,224,0,224,0,224,0,224,0,224,0,224,0,224,0,224,0,224,0,224,0,224,0,224,0,224,0,224,0,224,0,224,0,224,0,224,0,224,0,224,0,224,0,224,0,224,0,224,0,224,0,224,0,224,0,224,0,224,0,224,0,224,0,224,0,224,0,224,0,224,0,224,0,224,0,224,0,224,0,224,0,224,0,224,0,224,0,224,0,224,0,224,0,224,0,224,0,224,0,224,0,224,0,224,0,224,0,224,0,224,0,224,0,224,0,224,0,224,0,224,0,224,0,224,0,224,0,224,0,224,0,224,0,224,0,224,0,224,0,224,0,224,0,224,0,224,0,224,0,224,0,224,0,224,0,224,0,224,0,224,0,224,0,224,0,224,0,224,0,224,0,224,0,224,0,224,0,224,0,224,0,224,0,224,0,224,0,224,0,224,0,224,0,224,0,224,0,224,0,224,0,224,0,224,0,224,0,224,0,224,0,224,0,224,0,224,0,224,0,224,0,224,0,224,0,224,0,224,0,224,0,224,0,224,0,224,0,224,0,224,0,224,0,224,0,224,0,224,0,224,0,224,0,224,0,224,0,224,0,224,0,224,0,224,0,224,0,224,0,224,0,224,0,224,0,224,0,224,0,224,0,224,0,224,0,224,0,224,0,224,0,224,0,224,0,224,0,224,0,224,0,224,0,224,0,224,0,224,0,224,0,224,0,224,0,224,0,224,0,224,0,224,0,224,0,224,0,224,0,224,0,224,0,224,0,224,0,224,0,224,0,224,0,224,0,224,0,224,0,224,0,224,0,224,0,224,0,224,0
,,225,0,225,0,225,0,225,0,225,0,225,0,225,0,225,0,225,0,225,0,225,0,225,0,225,0,225,0,225,0,225,0,225,0,225,0,225,0,225,0,225,0,225,0,225,0,225,0,225,0,225,0,225,0,225,0,225,0,225,0,225,0,225,0,225,0,225,0,225,0,225,0,225,0,225,0,225,0,225,0,225,0,225,0,225,0,225,0,225,0,225,0,225,0,225,0,225,0,225,0,225,0,225,0,225,0,225,0,225,0,225,0,225,0,225,0,225,0,225,0,225,0,225,0,225,0,225,0,225,0,225,0,225,0,225,0,225,0,225,0,225,0,225,0,225,0,225,0,225,0,225,0,225,0,225,0,225,0,225,0,225,0,225,0,225,0,225,0,225,0,225,0,225,0,225,0,225,0,225,0,225,0,225,0,225,0,225,0,225,0,225,0,225,0,225,0,225,0,225,0,225,0,225,0,225,0,225,0,225,0,225,0,225,0,225,0,225,0,225,0,225,0,225,0,225,0,225,2,225,13,225,0,225,0,225,0,225,6,225,0,225,0,225,0,225,1,225,0,225,0,225,0,225,0,225,0,225,0,225,0,225,0,225,0,225,0,225,0,225,0,225,0,225,0,225,0,225,0,225,0,225,0,225,0,225,0,225,0,225,0,225,0,225,0,225,0,225,0,225,0,225,0,225,0,225,0,225,0,225,0,225,0,225,0,225,0,225,0,225,0,225,0,225,0,225,0,225,0,225,0,225,0,225,0,225,0,225,0,225,0,225,0,225,0,225,0,225,0,225,0,225,0,225,0,225,0,225,0,225,0,225,0,225,0,225,0,225,0,225,0,225,0,225,0,225,0,225,0,225,0,225,0,225,0,225,0,225,0,225,0,225,7,225,0,225,0,225,0,225,1,225,0,225,0,225,0,225,0,225,0,225,0,225,0,225,0,225,0,225,0,225,0,225,0,225,0,225,0,225,0,225,0,225,0,225,0,225,0,225,0,225,0,225,0,225,0,225,0,225,0,225,0,225,0,225,0,225,0,225,0,225,0,225,0,225,0,225,0,225,0,225,0,225,0,225,0,225,0,225,0,225,0,225,0,225,0,225,0,225,0,225,0,225,0,225,0,225,0,225,0,225,0,225,0,225,0,225,0,225,0,225,0,225,0,225,0,225,0,225,0,225,0,225,0,225,0,225,0,225,0,225,0,225,0,225,0,225,0,225,0,225,0,225,0,225,0,225,0,225,0,225,0,225,0,225,0,225,0,225,0,225,0,225,0,225,0,225,0,225,0,225,0,225,0,225,0,225,0,225,0,225,0,225,0,225,0,225,0,225,0,225,0,225,0,225,0,225,0,225,0,225,0,225,0,225,0,225,0,225,0,225,0,225,0,225,0,225,0,225,0,225,0,225,0,225,0,225,0,225,0,225,0,225,0,225,0,225,0,225,0,225,0,225,0,225,0,225,0,225,0,225,0,225,0,225,0,225,0,225,0,225,0,225,0,225,0,225,0,225,0,225,0,225,0,225,0,225,0,225,0,225,0,225,0,225,0,225,0,225,0,225,0,225,0,225,0,225,0,225,0,225,0,225,0,225,0,225,0,225,0,225,0,225,0,225,0,225,0,225,0,225,0,225,0,225,0,225,0,225,0,225,0,225,0,225,0,225,0,225,0,225,0,225,0,225,0,225,0,225,0,225,0,225,0,225,0,225,0,225,0,225,0,225,0,225,0,225,0,225,0,225,0,225,0,225,0,225,0,225,0,225,0,225,0,225,0,225,0,225,0,225,0,225,0,225,0,225,0,225,0,225,0,225,0,225,0,225,0,225,0,225,0,225,0,225,0,225,0,225,0,225,0,225,0,225,0,225,0,225,0,225,0,225,0,225,0,225,0,225,0,225,0,225,0,225,0,225,0,225,0,225,0,225,0,225,0,225,0,225,0,225,0,225,0,225,0,225,0,225,0,225,0,225,0,225,0,225,0,225,0,225,0,225,0,225,0,225,0,225,0,225,0,225,0,225,0,225,0,225,0,225,0,225,0,225,0,225,0,225,0,225,0,225,0,225,0,225,0,225,0,225,0,225,0,225,0,225,0,225,0,225,0,225,0,225,0,225,0,225,0,225,0,225,0,225,0,225,0,225,0,225,0,225,0,225,0,225,0,225,0,225,0,225,0,225,0,225,0,225,0,225,0,225,0,225,0,225,0,225,0,225,0,225,0,225,0,225,0,225,0,225,0,225,0,225,0,225,0,225,0,225,0,225,0,225,0,225,0,225,0,225,0,225,0,225,0,225,0,225,0,225,0,225,0,225,0,225,0,225,0,225,0,225,0,225,0,225,0,225,0,225,0,225,0,225,0,225,0,225,0,225,0,225,0,225,0,225,0,225,0,225,0,225,0,225,0,225,0,225,0,225,0,225,0,225,0,225,0,225,0,225,0,225,0,225,0,225,0
,,226,0,226,0,226,0,226,0,226,0,226,0,226,0,226,0,226,0,226,0,226,0,226,0,226,0,226,0,226,0,226,0,226,0,226,0,226,0,226,0,226,0,226,0,226,0,226,0,226,0,226,0,226,0,226,0,226,0,226,0,226,0,226,0,226,0,226,0,226,0,226,0,226,0,226,0,226,0,226,0,226,0,226,0,226,0,226,0,226,0,226,0,226,0,226,0,226,0,226,0,226,0,226,0,226,0,226,0,226,0,226,0,226,0,226,0,226,0,226,0,226,0,226,0,226,0,226,0,226,0,226,0,226,0,226,0,226,0,226,0,226,0,226,0,226,0,226,0,226,0,226,0,226,0,226,0,226,0,226,0,226,0,226,0,226,0,226,0,226,0,226,0,226,0,226,0,226,0,226,0,226,0,226,0,226,0,226,0,226,0,226,0,226,0,226,0,226,0,226,0,226,0,226,0,226,0,226,0,226,0,226,0,226,0,226,0,226,0,226,0,226,0,226,0,226,0,226,3,226,12,226,0,226,0,226,0,226,7,226,0,226,0,226,0,226,1,226,0,226,0,226,0,226,0,226,0,226,0,226,0,226,0,226,0,226,0,226,0,226,0,226,0,226,0,226,0,226,0,226,0,226,0,226,0,226,0,226,0,226,0,226,0,226,0,226,0,226,0,226,0,226,0,226,0,226,0,226,0,226,0,226,0,226,0,226,0,226,0,226,0,226,0,226,0,226,0,226,0,226,0,226,0,226,0,226,0,226,0,226,0,226,0,226,0,226,0,226,0,226,0,226,0,226,0,226,0,226,0,226,0,226,0,226,0,226,0,226,0,226,0,226,0,226,0,226,0,226,0,226,0,226,0,226,0,226,0,226,0,226,0,226,7,226,0,226,0,226,0,226,0,226,0,226,0,226,0,226,0,226,0,226,0,226,0,226,0,226,0,226,0,226,0,226,0,226,0,226,0,226,0,226,0,226,0,226,0,226,0,226,0,226,0,226,0,226,0,226,0,226,0,226,0,226,0,226,0,226,0,226,0,226,0,226,0,226,0,226,0,226,0,226,0,226,0,226,0,226,0,226,0,226,0,226,0,226,0,226,0,226,0,226,0,226,0,226,0,226,0,226,0,226,0,226,0,226,0,226,0,226,0,226,0,226,0,226,0,226,0,226,0,226,0,226,0,226,0,226,0,226,0,226,0,226,0,226,0,226,0,226,0,226,0,226,0,226,0,226,0,226,0,226,0,226,0,226,0,226,0,226,0,226,0,226,0,226,0,226,0,226,0,226,0,226,0,226,0,226,0,226,0,226,0,226,0,226,0,226,0,226,0,226,0,226,0,226,0,226,0,226,0,226,0,226,0,226,0,226,0,226,0,226,0,226,0,226,0,226,0,226,0,226,0,226,0,226,0,226,0,226,0,226,0,226,0,226,0,226,0,226,0,226,0,226,0,226,0,226,0,226,0,226,0,226,0,226,0,226,0,226,0,226,0,226,0,226,0,226,0,226,0,226,0,226,0,226,0,226,0,226,0,226,0,226,0,226,0,226,0,226,0,226,0,226,0,226,0,226,0,226,0,226,0,226,0,226,0,226,0,226,0,226,0,226,0,226,0,226,0,226,0,226,0,226,0,226,0,226,0,226,0,226,0,226,0,226,0,226,0,226,0,226,0,226,0,226,0,226,0,226,0,226,0,226,0,226,0,226,0,226,0,226,0,226,0,226,0,226,0,226,0,226,0,226,0,226,0,226,0,226,0,226,0,226,0,226,0,226,0,226,0,226,0,226,0,226,0,226,0,226,0,226,0,226,0,226,0,226,0,226,0,226,0,226,0,226,0,226,0,226,0,226,0,226,0,226,0,226,0,226,0,226,0,226,0,226,0,226,0,226,0,226,0,226,0,226,0,226,0,226,0,226,0,226,0,226,0,226,0,226,0,226,0,226,0,226,0,226,0,226,0,226,0,226,0,226,0,226,0,226,0,226,0,226,0,226,0,226,0,226,0,226,0,226,0,226,0,226,0,226,0,226,0,226,0,226,0,226,0,226,0,226,0,226,0,226,0,226,0,226,0,226,0,226,0,226,0,226,0,226,0,226,0,226,0,226,0,226,0,226,0,226,0,226,0,226,0,226,0,226,0,226,0,226,0,226,0,226,0,226,0,226,0,226,0,226,0,226,0,226,0,226,0,226,0,226,0,226,0,226,0,226,0,226,0,226,0,226,0,226,0,226,0,226,0,226,0,226,0,226,0,226,0,226,0,226,0,226,0,226,0,226,0,226,0,226,0,226,0,226,0,226,0,226,0,226,0,226,0,226,0,226,0,226,0,226,0,226,0,226,0,226,0,226,0,226,0,226,0,226,0,226,0,226,0,226,0,226,0,226,0,226,0,226,0,226,0,226,0,226,0,226,0,226,0,226,0,226,0,226,0,226,0,226,0,226,0,226,0
,,227,0,227,0,227,0,227,0,227,0,227,0,227,0,227,0,227,0,227,0,227,0,227,0,227,0,227,0,227,0,227,0,227,0,227,0,227,0,227,0,227,0,227,0,227,0,227,0,227,0,227,0,227,0,227,0,227,0,227,0,227,0,227,0,227,0,227,0,227,0,227,0,227,0,227,0,227,0,227,0,227,0,227,0,227,0,227,0,227,0,227,0,227,0,227,0,227,0,227,0,227,0,227,0,227,0,227,0,227,0,227,0,227,0,227,0,227,0,227,0,227,0,227,0,227,0,227,0,227,0,227,0,227,0,227,0,227,0,227,0,227,0,227,0,227,0,227,0,227,0,227,0,227,0,227,0,227,0,227,0,227,0,227,0,227,0,227,0,227,0,227,0,227,0,227,0,227,0,227,0,227,0,227,0,227,0,227,0,227,0,227,0,227,0,227,0,227,0,227,0,227,0,227,0,227,0,227,0,227,0,227,0,227,0,227,0,227,0,227,0,227,0,227,0,227,0,227,0,227,10,227,0,227,0,227,0,227,8,227,0,227,0,227,0,227,2,227,0,227,0,227,0,227,0,227,0,227,0,227,0,227,0,227,0,227,0,227,0,227,0,227,0,227,0,227,0,227,0,227,0,227,0,227,0,227,0,227,0,227,0,227,0,227,0,227,0,227,0,227,0,227,0,227,0,227,0,227,0,227,0,227,0,227,0,227,0,227,0,227,0,227,0,227,0,227,0,227,0,227,0,227,0,227,0,227,0,227,0,227,0,227,0,227,0,227,0,227,0,227,0,227,0,227,0,227,0,227,0,227,0,227,0,227,0,227,0,227,0,227,0,227,0,227,0,227,0,227,0,227,0,227,0,227,0,227,0,227,0,227,0,227,13,227,0,227,0,227,0,227,5,227,0,227,0,227,0,227,0,227,0,227,0,227,0,227,0,227,0,227,0,227,0,227,0,227,0,227,0,227,0,227,0,227,0,227,0,227,0,227,0,227,0,227,0,227,0,227,0,227,0,227,0,227,0,227,0,227,0,227,0,227,0,227,0,227,0,227,0,227,0,227,0,227,0,227,0,227,0,227,0,227,0,227,0,227,0,227,0,227,0,227,0,227,0,227,0,227,0,227,0,227,0,227,0,227,0,227,0,227,0,227,0,227,0,227,0,227,0,227,0,227,0,227,0,227,0,227,0,227,0,227,0,227,0,227,0,227,0,227,0,227,0,227,0,227,0,227,0,227,0,227,0,227,0,227,0,227,0,227,0,227,0,227,0,227,0,227,0,227,0,227,0,227,0,227,0,227,0,227,0,227,0,227,0,227,0,227,0,227,0,227,0,227,0,227,0,227,0,227,0,227,0,227,0,227,0,227,0,227,0,227,0,227,0,227,0,227,0,227,0,227,0,227,0,227,0,227,0,227,0,227,0,227,0,227,0,227,0,227,0,227,0,227,0,227,0,227,0,227,0,227,0,227,0,227,0,227,0,227,0,227,0,227,0,227,0,227,0,227,0,227,0,227,0,227,0,227,0,227,0,227,0,227,0,227,0,227,0,227,0,227,0,227,0,227,0,227,0,227,0,227,0,227,0,227,0,227,0,227,0,227,0,227,0,227,0,227,0,227,0,227,0,227,0,227,0,227,0,227,0,227,0,227,0,227,0,227,0,227,0,227,0,227,0,227,0,227,0,227,0,227,0,227,0,227,0,227,0,227,0,227,0,227,0,227,0,227,0,227,0,227,0,227,0,227,0,227,0,227,0,227,0,227,0,227,0,227,0,227,0,227,0,227,0,227,0,227,0,227,0,227,0,227,0,227,0,227,0,227,0,227,0,227,0,227,0,227,0,227,0,227,0,227,0,227,0,227,0,227,0,227,0,227,0,227,0,227,0,227,0,227,0,227,0,227,0,227,0,227,0,227,0,227,0,227,0,227,0,227,0,227,0,227,0,227,0,227,0,227,0,227,0,227,0,227,0,227,0,227,0,227,0,227,0,227,0,227,0,227,0,227,0,227,0,227,0,227,0,227,0,227,0,227,0,227,0,227,0,227,0,227,0,227,0,227,0,227,0,227,0,227,0,227,0,227,0,227,0,227,0,227,0,227,0,227,0,227,0,227,0,227,0,227,0,227,0,227,0,227,0,227,0,227,0,227,0,227,0,227,0,227,0,227,0,227,0,227,0,227,0,227,0,227,0,227,0,227,0,227,0,227,0,227,0,227,0,227,0,227,0,227,0,227,0,227,0,227,0,227,0,227,0,227,0,227,0,227,0,227,0,227,0,227,0,227,0,227,0,227,0,227,0,227,0,227,0,227,0,227,0,227,0,227,0,227,0,227,0,227,0,227,0,227,0,227,0,227,0,227,0,227,0,227,0,227,0,227,0,227,0,227,0,227,0,227,0,227,0,227,0,227,0,227,0,227,0,227,0,227,0,227,0,227,0,227,0,227,0
,,228,0,228,0,228,0,228,0,228,0,228,0,228,0,228,0,228,0,228,0,228,0,228,0,228,0,228,0,228,0,228,0,228,0,228,0,228,0,228,0,228,0,228,0,228,0,228,0,228,0,228,0,228,0,228,0,228,0,228,0,228,0,228,0,228,0,228,0,228,0,228,0,228,0,228,0,228,0,228,0,228,0,228,0,228,0,228,0,228,0,228,0,228,0,228,0,228,0,228,0,228,0,228,0,228,0,228,0,228,0,228,0,228,0,228,0,228,0,228,0,228,0,228,0,228,0,228,0,228,0,228,0,228,0,228,0,228,0,228,0,228,0,228,0,228,0,228,0,228,0,228,0,228,0,228,0,228,0,228,0,228,0,228,0,228,0,228,0,228,0,228,0,228,0,228,0,228,0,228,0,228,0,228,0,228,0,228,0,228,0,228,0,228,0,228,0,228,0,228,0,228,0,228,0,228,0,228,0,228,0,228,0,228,0,228,0,228,0,228,0,228,0,228,0,228,0,228,0,228,1,228,0,228,0,228,0,228,6,228,0,228,0,228,0,228,4,228,0,228,0,228,0,228,0,228,0,228,0,228,0,228,0,228,0,228,0,228,0,228,0,228,0,228,0,228,0,228,0,228,0,228,0,228,0,228,0,228,0,228,0,228,0,228,0,228,0,228,0,228,0,228,0,228,0,228,0,228,0,228,0,228,0,228,0,228,0,228,0,228,0,228,0,228,0,228,0,228,0,228,0,228,0,228,0,228,0,228,0,228,0,228,0,228,0,228,0,228,0,228,0,228,0,228,0,228,0,228,0,228,0,228,0,228,0,228,0,228,0,228,0,228,0,228,0,228,0,228,0,228,0,228,0,228,0,228,0,228,0,228,0,228,8,228,8,228,0,228,0,228,12,228,0,228,0,228,0,228,0,228,0,228,0,228,0,228,0,228,0,228,0,228,0,228,0,228,0,228,0,228,0,228,0,228,0,228,0,228,0,228,0,228,0,228,0,228,0,228,0,228,0,228,0,228,0,228,0,228,0,228,0,228,0,228,0,228,0,228,0,228,0,228,0,228,0,228,0,228,0,228,0,228,0,228,0,228,0,228,0,228,0,228,0,228,0,228,0,228,0,228,0,228,0,228,0,228,0,228,0,228,0,228,0,228,0,228,0,228,0,228,0,228,0,228,0,228,0,228,0,228,0,228,0,228,0,228,0,228,0,228,0,228,0,228,0,228,0,228,0,228,0,228,0,228,0,228,0,228,0,228,0,228,0,228,0,228,0,228,0,228,0,228,0,228,0,228,0,228,0,228,0,228,0,228,0,228,0,228,0,228,0,228,0,228,0,228,0,228,0,228,0,228,0,228,0,228,0,228,0,228,0,228,0,228,0,228,0,228,0,228,0,228,0,228,0,228,0,228,0,228,0,228,0,228,0,228,0,228,0,228,0,228,0,228,0,228,0,228,0,228,0,228,0,228,0,228,0,228,0,228,0,228,0,228,0,228,0,228,0,228,0,228,0,228,0,228,0,228,0,228,0,228,0,228,0,228,0,228,0,228,0,228,0,228,0,228,0,228,0,228,0,228,0,228,0,228,0,228,0,228,0,228,0,228,0,228,0,228,0,228,0,228,0,228,0,228,0,228,0,228,0,228,0,228,0,228,0,228,0,228,0,228,0,228,0,228,0,228,0,228,0,228,0,228,0,228,0,228,0,228,0,228,0,228,0,228,0,228,0,228,0,228,0,228,0,228,0,228,0,228,0,228,0,228,0,228,0,228,0,228,0,228,0,228,0,228,0,228,0,228,0,228,0,228,0,228,0,228,0,228,0,228,0,228,0,228,0,228,0,228,0,228,0,228,0,228,0,228,0,228,0,228,0,228,0,228,0,228,0,228,0,228,0,228,0,228,0,228,0,228,0,228,0,228,0,228,0,228,0,228,0,228,0,228,0,228,0,228,0,228,0,228,0,228,0,228,0,228,0,228,0,228,0,228,0,228,0,228,0,228,0,228,0,228,0,228,0,228,0,228,0,228,0,228,0,228,0,228,0,228,0,228,0,228,0,228,0,228,0,228,0,228,0,228,0,228,0,228,0,228,0,228,0,228,0,228,0,228,0,228,0,228,0,228,0,228,0,228,0,228,0,228,0,228,0,228,0,228,0,228,0,228,0,228,0,228,0,228,0,228,0,228,0,228,0,228,0,228,0,228,0,228,0,228,0,228,0,228,0,228,0,228,0,228,0,228,0,228,0,228,0,228,0,228,0,228,0,228,0,228,0,228,0,228,0,228,0,228,0,228,0,228,0,228,0,228,0,228,0,228,0,228,0,228,0,228,0,228,0,228,0,228,0,228,0,228,0,228,0,228,0,228,0,228,0,228,0,228,0,228,0,228,0,228,0,228,0,228,0,228,0,228,0,228,0,228,0,228,0,228,0,228,0,228,0,228,0,228,0
,,229,0,229,0,229,0,229,0,229,0,229,0,229,0,229,0,229,0,229,0,229,0,229,0,229,0,229,0,229,0,229,0,229,0,229,0,229,0,229,0,229,0,229,0,229,0,229,0,229,0,229,0,229,0,229,0,229,0,229,0,229,0,229,0,229,0,229,0,229,0,229,0,229,0,229,0,229,0,229,0,229,0,229,0,229,0,229,0,229,0,229,0,229,0,229,0,229,0,229,0,229,0,229,0,229,0,229,0,229,0,229,0,229,0,229,0,229,0,229,0,229,0,229,0,229,0,229,0,229,0,229,0,229,0,229,0,229,0,229,0,229,0,229,0,229,0,229,0,229,0,229,0,229,0,229,0,229,0,229,0,229,0,229,0,229,0,229,0,229,0,229,0,229,0,229,0,229,0,229,0,229,0,229,0,229,0,229,0,229,0,229,0,229,0,229,0,229,0,229,0,229,0,229,0,229,0,229,0,229,0,229,0,229,0,229,0,229,0,229,0,229,0,229,0,229,0,229,1,229,10,229,0,229,0,229,0,229,5,229,0,229,0,229,0,229,2,229,0,229,0,229,0,229,0,229,0,229,0,229,0,229,0,229,0,229,0,229,0,229,0,229,0,229,0,229,0,229,0,229,0,229,0,229,0,229,0,229,0,229,0,229,0,229,0,229,0,229,0,229,0,229,0,229,0,229,0,229,0,229,0,229,0,229,0,229,0,229,0,229,0,229,0,229,0,229,0,229,0,229,0,229,0,229,0,229,0,229,0,229,0,229,0,229,0,229,0,229,0,229,0,229,0,229,0,229,0,229,0,229,0,229,0,229,0,229,0,229,0,229,0,229,0,229,0,229,0,229,0,229,0,229,0,229,0,229,0,229,0,229,0,229,14,229,0,229,0,229,0,229,3,229,0,229,0,229,0,229,0,229,0,229,0,229,0,229,0,229,0,229,0,229,0,229,0,229,0,229,0,229,0,229,0,229,0,229,0,229,0,229,0,229,0,229,0,229,0,229,0,229,0,229,0,229,0,229,0,229,0,229,0,229,0,229,0,229,0,229,0,229,0,229,0,229,0,229,0,229,0,229,0,229,0,229,0,229,0,229,0,229,0,229,0,229,0,229,0,229,0,229,0,229,0,229,0,229,0,229,0,229,0,229,0,229,0,229,0,229,0,229,0,229,0,229,0,229,0,229,0,229,0,229,0,229,0,229,0,229,0,229,0,229,0,229,0,229,0,229,0,229,0,229,0,229,0,229,0,229,0,229,0,229,0,229,0,229,0,229,0,229,0,229,0,229,0,229,0,229,0,229,0,229,0,229,0,229,0,229,0,229,0,229,0,229,0,229,0,229,0,229,0,229,0,229,0,229,0,229,0,229,0,229,0,229,0,229,0,229,0,229,0,229,0,229,0,229,0,229,0,229,0,229,0,229,0,229,0,229,0,229,0,229,0,229,0,229,0,229,0,229,0,229,0,229,0,229,0,229,0,229,0,229,0,229,0,229,0,229,0,229,0,229,0,229,0,229,0,229,0,229,0,229,0,229,0,229,0,229,0,229,0,229,0,229,0,229,0,229,0,229,0,229,0,229,0,229,0,229,0,229,0,229,0,229,0,229,0,229,0,229,0,229,0,229,0,229,0,229,0,229,0,229,0,229,0,229,0,229,0,229,0,229,0,229,0,229,0,229,0,229,0,229,0,229,0,229,0,229,0,229,0,229,0,229,0,229,0,229,0,229,0,229,0,229,0,229,0,229,0,229,0,229,0,229,0,229,0,229,0,229,0,229,0,229,0,229,0,229,0,229,0,229,0,229,0,229,0,229,0,229,0,229,0,229,0,229,0,229,0,229,0,229,0,229,0,229,0,229,0,229,0,229,0,229,0,229,0,229,0,229,0,229,0,229,0,229,0,229,0,229,0,229,0,229,0,229,0,229,0,229,0,229,0,229,0,229,0,229,0,229,0,229,0,229,0,229,0,229,0,229,0,229,0,229,0,229,0,229,0,229,0,229,0,229,0,229,0,229,0,229,0,229,0,229,0,229,0,229,0,229,0,229,0,229,0,229,0,229,0,229,0,229,0,229,0,229,0,229,0,229,0,229,0,229,0,229,0,229,0,229,0,229,0,229,0,229,0,229,0,229,0,229,0,229,0,229,0,229,0,229,0,229,0,229,0,229,0,229,0,229,0,229,0,229,0,229,0,229,0,229,0,229,0,229,0,229,0,229,0,229,0,229,0,229,0,229,0,229,0,229,0,229,0,229,0,229,0,229,0,229,0,229,0,229,0,229,0,229,0,229,0,229,0,229,0,229,0,229,0,229,0,229,0,229,0,229,0,229,0,229,0,229,0,229,0,229,0,229,0,229,0,229,0,229,0,229,0,229,0,229,0,229,0,229,0,229,0,229,0,229,0,229,0,229,0,229,0,229,0,229,0,229,0,229,0,229,0,229,0
,,230,0,230,0,230,0,230,0,230,0,230,0,230,0,230,0,230,0,230,0,230,0,230,0,230,0,230,0,230,0,230,0,230,0,230,0,230,0,230,0,230,0,230,0,230,0,230,0,230,0,230,0,230,0,230,0,230,0,230,0,230,0,230,0,230,0,230,0,230,0,230,0,230,0,230,0,230,0,230,0,230,0,230,0,230,0,230,0,230,0,230,0,230,0,230,0,230,0,230,0,230,0,230,0,230,0,230,0,230,0,230,0,230,0,230,0,230,0,230,0,230,0,230,0,230,0,230,0,230,0,230,0,230,0,230,0,230,0,230,0,230,0,230,0,230,0,230,0,230,0,230,0,230,0,230,0,230,0,230,0,230,0,230,0,230,0,230,0,230,0,230,0,230,0,230,0,230,0,230,0,230,0,230,0,230,0,230,0,230,0,230,0,230,0,230,0,230,0,230,0,230,0,230,0,230,0,230,0,230,0,230,0,230,0,230,0,230,0,230,0,230,0,230,0,230,0,230,0,230,4,230,0,230,0,230,0,230,7,230,0,230,0,230,0,230,4,230,0,230,0,230,0,230,0,230,0,230,0,230,0,230,0,230,0,230,0,230,0,230,0,230,0,230,0,230,0,230,0,230,0,230,0,230,0,230,0,230,0,230,0,230,0,230,0,230,0,230,0,230,0,230,0,230,0,230,0,230,0,230,0,230,0,230,0,230,0,230,0,230,0,230,0,230,0,230,0,230,0,230,0,230,0,230,0,230,0,230,0,230,0,230,0,230,0,230,0,230,0,230,0,230,0,230,0,230,0,230,0,230,0,230,0,230,0,230,0,230,0,230,0,230,0,230,0,230,0,230,0,230,0,230,0,230,0,230,0,230,0,230,0,230,13,230,6,230,0,230,0,230,8,230,0,230,0,230,0,230,0,230,0,230,0,230,0,230,0,230,0,230,0,230,0,230,0,230,0,230,0,230,0,230,0,230,0,230,0,230,0,230,0,230,0,230,0,230,0,230,0,230,0,230,0,230,0,230,0,230,0,230,0,230,0,230,0,230,0,230,0,230,0,230,0,230,0,230,0,230,0,230,0,230,0,230,0,230,0,230,0,230,0,230,0,230,0,230,0,230,0,230,0,230,0,230,0,230,0,230,0,230,0,230,0,230,0,230,0,230,0,230,0,230,0,230,0,230,0,230,0,230,0,230,0,230,0,230,0,230,0,230,0,230,0,230,0,230,0,230,0,230,0,230,0,230,0,230,0,230,0,230,0,230,0,230,0,230,0,230,0,230,0,230,0,230,0,230,0,230,0,230,0,230,0,230,0,230,0,230,0,230,0,230,0,230,0,230,0,230,0,230,0,230,0,230,0,230,0,230,0,230,0,230,0,230,0,230,0,230,0,230,0,230,0,230,0,230,0,230,0,230,0,230,0,230,0,230,0,230,0,230,0,230,0,230,0,230,0,230,0,230,0,230,0,230,0,230,0,230,0,230,0,230,0,230,0,230,0,230,0,230,0,230,0,230,0,230,0,230,0,230,0,230,0,230,0,230,0,230,0,230,0,230,0,230,0,230,0,230,0,230,0,230,0,230,0,230,0,230,0,230,0,230,0,230,0,230,0,230,0,230,0,230,0,230,0,230,0,230,0,230,0,230,0,230,0,230,0,230,0,230,0,230,0,230,0,230,0,230,0,230,0,230,0,230,0,230,0,230,0,230,0,230,0,230,0,230,0,230,0,230,0,230,0,230,0,230,0,230,0,230,0,230,0,230,0,230,0,230,0,230,0,230,0,230,0,230,0,230,0,230,0,230,0,230,0,230,0,230,0,230,0,230,0,230,0,230,0,230,0,230,0,230,0,230,0,230,0,230,0,230,0,230,0,230,0,230,0,230,0,230,0,230,0,230,0,230,0,230,0,230,0,230,0,230,0,230,0,230,0,230,0,230,0,230,0,230,0,230,0,230,0,230,0,230,0,230,0,230,0,230,0,230,0,230,0,230,0,230,0,230,0,230,0,230,0,230,0,230,0,230,0,230,0,230,0,230,0,230,0,230,0,230,0,230,0,230,0,230,0,230,0,230,0,230,0,230,0,230,0,230,0,230,0,230,0,230,0,230,0,230,0,230,0,230,0,230,0,230,0,230,0,230,0,230,0,230,0,230,0,230,0,230,0,230,0,230,0,230,0,230,0,230,0,230,0,230,0,230,0,230,0,230,0,230,0,230,0,230,0,230,0,230,0,230,0,230,0,230,0,230,0,230,0,230,0,230,0,230,0,230,0,230,0,230,0,230,0,230,0,230,0,230,0,230,0,230,0,230,0,230,0,230,0,230,0,230,0,230,0,230,0,230,0,230,0,230,0,230,0,230,0,230,0,230,0,230,0,230,0,230,0,230,0,230,0,230,0,230,0,230,0,230,0,230,0,230,0,230,0,230,0,230,0,230,0,230,0,230,0
,,231,0,231,0,231,0,231,0,231,0,231,0,231,0,231,0,231,0,231,0,231,0,231,0,231,0,231,0,231,0,231,0,231,0,231,0,231,0,231,0,231,0,231,0,231,0,231,0,231,0,231,0,231,0,231,0,231,0,231,0,231,0,231,0,231,0,231,0,231,0,231,0,231,0,231,0,231,0,231,0,231,0,231,0,231,0,231,0,231,0,231,0,231,0,231,0,231,0,231,0,231,0,231,0,231,0,231,0,231,0,231,0,231,0,231,0,231,0,231,0,231,0,231,0,231,0,231,0,231,0,231,0,231,0,231,0,231,0,231,0,231,0,231,0,231,0,231,0,231,0,231,0,231,0,231,0,231,0,231,0,231,0,231,0,231,0,231,0,231,0,231,0,231,0,231,0,231,0,231,0,231,0,231,0,231,0,231,0,231,0,231,0,231,0,231,0,231,0,231,0,231,0,231,0,231,0,231,0,231,0,231,0,231,0,231,0,231,0,231,0,231,0,231,0,231,0,231,11,231,10,231,0,231,0,231,0,231,5,231,0,231,0,231,0,231,0,231,0,231,0,231,0,231,0,231,0,231,0,231,0,231,0,231,0,231,0,231,0,231,0,231,0,231,0,231,0,231,0,231,0,231,0,231,0,231,0,231,0,231,0,231,0,231,0,231,0,231,0,231,0,231,0,231,0,231,0,231,0,231,0,231,0,231,0,231,0,231,0,231,0,231,0,231,0,231,0,231,0,231,0,231,0,231,0,231,0,231,0,231,0,231,0,231,0,231,0,231,0,231,0,231,0,231,0,231,0,231,0,231,0,231,0,231,0,231,0,231,0,231,0,231,0,231,0,231,0,231,0,231,0,231,0,231,0,231,0,231,0,231,0,231,2,231,0,231,0,231,0,231,0,231,0,231,0,231,0,231,0,231,0,231,0,231,0,231,0,231,0,231,0,231,0,231,0,231,0,231,0,231,0,231,0,231,0,231,0,231,0,231,0,231,0,231,0,231,0,231,0,231,0,231,0,231,0,231,0,231,0,231,0,231,0,231,0,231,0,231,0,231,0,231,0,231,0,231,0,231,0,231,0,231,0,231,0,231,0,231,0,231,0,231,0,231,0,231,0,231,0,231,0,231,0,231,0,231,0,231,0,231,0,231,0,231,0,231,0,231,0,231,0,231,0,231,0,231,0,231,1,231,0,231,0,231,0,231,0,231,0,231,0,231,0,231,0,231,0,231,0,231,0,231,0,231,0,231,0,231,0,231,0,231,0,231,0,231,0,231,0,231,0,231,0,231,0,231,0,231,0,231,0,231,0,231,0,231,0,231,0,231,0,231,0,231,0,231,0,231,0,231,0,231,0,231,0,231,0,231,0,231,0,231,0,231,0,231,0,231,0,231,0,231,0,231,0,231,0,231,0,231,0,231,0,231,0,231,0,231,0,231,0,231,0,231,0,231,0,231,0,231,0,231,0,231,0,231,0,231,0,231,0,231,0,231,0,231,0,231,0,231,0,231,0,231,0,231,0,231,0,231,0,231,0,231,0,231,0,231,0,231,0,231,0,231,0,231,0,231,0,231,0,231,0,231,0,231,0,231,0,231,0,231,0,231,0,231,0,231,0,231,0,231,0,231,0,231,0,231,0,231,0,231,0,231,0,231,0,231,0,231,0,231,0,231,0,231,0,231,0,231,0,231,0,231,0,231,0,231,0,231,0,231,0,231,0,231,0,231,0,231,0,231,0,231,0,231,0,231,0,231,0,231,0,231,0,231,0,231,0,231,0,231,0,231,0,231,0,231,0,231,0,231,0,231,0,231,0,231,0,231,0,231,0,231,0,231,0,231,0,231,0,231,0,231,0,231,0,231,0,231,0,231,0,231,0,231,0,231,0,231,0,231,0,231,0,231,0,231,0,231,0,231,0,231,0,231,0,231,0,231,0,231,0,231,0,231,0,231,0,231,0,231,0,231,0,231,0,231,0,231,0,231,0,231,0,231,0,231,0,231,0,231,0,231,0,231,0,231,0,231,0,231,0,231,0,231,0,231,0,231,0,231,0,231,0,231,0,231,0,231,0,231,0,231,0,231,0,231,0,231,0,231,0,231,0,231,0,231,0,231,0,231,0,231,0,231,0,231,0,231,0,231,0,231,0,231,0,231,0,231,0,231,0,231,0,231,0,231,0,231,0,231,0,231,0,231,0,231,0,231,0,231,0,231,0,231,0,231,0,231,0,231,0,231,0,231,0,231,0,231,0,231,0,231,0,231,0,231,0,231,0,231,0,231,0,231,0,231,0,231,0,231,0,231,0,231,0,231,0,231,0,231,0,231,0,231,0,231,0,231,0,231,0,231,0,231,0,231,0,231,0,231,0,231,0,231,0,231,0,231,0,231,0,231,0,231,0,231,0,231,0,231,0,231,0,231,0,231,0,231,0,231,0,231,0,231,0,231,0
,,232,0,232,0,232,0,232,0,232,0,232,0,232,0,232,0,232,0,232,0,232,0,232,0,232,0,232,0,232,0,232,0,232,0,232,0,232,0,232,0,232,0,232,0,232,0,232,0,232,0,232,0,232,0,232,0,232,0,232,0,232,0,232,0,232,0,232,0,232,0,232,0,232,0,232,0,232,0,232,0,232,0,232,0,232,0,232,0,232,0,232,0,232,0,232,0,232,0,232,0,232,0,232,0,232,0,232,0,232,0,232,0,232,0,232,0,232,0,232,0,232,0,232,0,232,0,232,0,232,0,232,0,232,0,232,0,232,0,232,0,232,0,232,0,232,0,232,0,232,0,232,0,232,0,232,0,232,0,232,0,232,0,232,0,232,0,232,0,232,0,232,0,232,0,232,0,232,0,232,0,232,0,232,0,232,0,232,0,232,0,232,0,232,0,232,0,232,0,232,0,232,0,232,0,232,0,232,0,232,0,232,0,232,0,232,0,232,0,232,0,232,0,232,0,232,0,232,10,232,0,232,0,232,0,232,0,232,3,232,0,232,0,232,0,232,1,232,0,232,0,232,0,232,0,232,0,232,0,232,0,232,0,232,0,232,0,232,0,232,0,232,0,232,0,232,0,232,0,232,0,232,0,232,0,232,0,232,0,232,0,232,0,232,0,232,0,232,0,232,0,232,0,232,0,232,0,232,0,232,0,232,0,232,0,232,0,232,0,232,0,232,0,232,0,232,0,232,0,232,0,232,0,232,0,232,0,232,0,232,0,232,0,232,0,232,0,232,0,232,0,232,0,232,0,232,0,232,0,232,0,232,0,232,0,232,0,232,0,232,0,232,0,232,0,232,0,232,0,232,0,232,0,232,0,232,0,232,0,232,0,232,2,232,0,232,0,232,0,232,0,232,0,232,0,232,0,232,0,232,0,232,0,232,0,232,0,232,0,232,0,232,0,232,0,232,0,232,0,232,0,232,0,232,0,232,0,232,0,232,0,232,0,232,0,232,0,232,0,232,0,232,0,232,0,232,0,232,0,232,0,232,0,232,0,232,0,232,0,232,0,232,0,232,0,232,0,232,0,232,0,232,0,232,0,232,0,232,0,232,0,232,0,232,0,232,0,232,0,232,0,232,0,232,0,232,0,232,0,232,0,232,0,232,0,232,0,232,0,232,0,232,0,232,0,232,0,232,0,232,0,232,0,232,0,232,6,232,0,232,0,232,0,232,0,232,0,232,0,232,0,232,0,232,0,232,0,232,0,232,0,232,0,232,0,232,0,232,0,232,0,232,0,232,0,232,0,232,0,232,0,232,0,232,0,232,0,232,0,232,0,232,0,232,0,232,0,232,0,232,0,232,0,232,0,232,0,232,0,232,0,232,0,232,0,232,0,232,0,232,0,232,0,232,0,232,0,232,0,232,0,232,0,232,0,232,0,232,0,232,0,232,0,232,0,232,0,232,0,232,0,232,0,232,0,232,0,232,0,232,0,232,0,232,0,232,0,232,0,232,0,232,0,232,0,232,0,232,0,232,0,232,0,232,0,232,0,232,0,232,0,232,0,232,0,232,0,232,0,232,0,232,0,232,0,232,0,232,0,232,0,232,0,232,0,232,0,232,0,232,0,232,0,232,0,232,0,232,0,232,0,232,0,232,0,232,0,232,0,232,0,232,0,232,0,232,0,232,0,232,0,232,0,232,0,232,0,232,0,232,0,232,0,232,0,232,0,232,0,232,0,232,0,232,0,232,0,232,0,232,0,232,0,232,0,232,0,232,0,232,0,232,0,232,0,232,0,232,0,232,0,232,0,232,0,232,0,232,0,232,0,232,0,232,0,232,0,232,0,232,0,232,0,232,0,232,0,232,0,232,0,232,0,232,0,232,0,232,0,232,0,232,0,232,0,232,0,232,0,232,0,232,0,232,0,232,0,232,0,232,0,232,0,232,0,232,0,232,0,232,0,232,0,232,0,232,0,232,0,232,0,232,0,232,0,232,0,232,0,232,0,232,0,232,0,232,0,232,0,232,0,232,0,232,0,232,0,232,0,232,0,232,0,232,0,232,0,232,0,232,0,232,0,232,0,232,0,232,0,232,0,232,0,232,0,232,0,232,0,232,0,232,0,232,0,232,0,232,0,232,0,232,0,232,0,232,0,232,0,232,0,232,0,232,0,232,0,232,0,232,0,232,0,232,0,232,0,232,0,232,0,232,0,232,0,232,0,232,0,232,0,232,0,232,0,232,0,232,0,232,0,232,0,232,0,232,0,232,0,232,0,232,0,232,0,232,0,232,0,232,0,232,0,232,0,232,0,232,0,232,0,232,0,232,0,232,0,232,0,232,0,232,0,232,0,232,0,232,0,232,0,232,0,232,0,232,0,232,0,232,0,232,0,232,0,232,0,232,0,232,0,232,0,232,0,232,0,232,0,232,0,232,0,232,0,232,0,232,0
,,233,0,233,0,233,0,233,0,233,0,233,0,233,0,233,0,233,0,233,0,233,0,233,0,233,0,233,0,233,0,233,0,233,0,233,0,233,0,233,0,233,0,233,0,233,0,233,0,233,0,233,0,233,0,233,0,233,0,233,0,233,0,233,0,233,0,233,0,233,0,233,0,233,0,233,0,233,0,233,0,233,0,233,0,233,0,233,0,233,0,233,0,233,0,233,0,233,0,233,0,233,0,233,0,233,0,233,0,233,0,233,0,233,0,233,0,233,0,233,0,233,0,233,0,233,0,233,0,233,0,233,0,233,0,233,0,233,0,233,0,233,0,233,0,233,0,233,0,233,0,233,0,233,0,233,0,233,0,233,0,233,0,233,0,233,0,233,0,233,0,233,0,233,0,233,0,233,0,233,0,233,0,233,0,233,0,233,0,233,0,233,0,233,0,233,0,233,0,233,0,233,0,233,0,233,0,233,0,233,0,233,0,233,0,233,0,233,0,233,0,233,0,233,0,233,0,233,6,233,0,233,0,233,0,233,0,233,7,233,0,233,0,233,1,233,5,233,0,233,0,233,0,233,0,233,0,233,0,233,0,233,0,233,0,233,0,233,0,233,0,233,0,233,0,233,0,233,0,233,0,233,0,233,0,233,0,233,0,233,0,233,0,233,0,233,0,233,0,233,0,233,0,233,0,233,0,233,0,233,0,233,0,233,0,233,0,233,0,233,0,233,0,233,0,233,0,233,0,233,0,233,0,233,0,233,0,233,0,233,0,233,0,233,0,233,0,233,0,233,0,233,0,233,0,233,0,233,0,233,0,233,0,233,0,233,0,233,0,233,0,233,0,233,0,233,0,233,0,233,0,233,0,233,0,233,0,233,0,233,0,233,3,233,0,233,0,233,0,233,0,233,0,233,0,233,0,233,0,233,0,233,0,233,0,233,0,233,0,233,0,233,0,233,0,233,0,233,0,233,0,233,0,233,0,233,0,233,0,233,0,233,0,233,0,233,0,233,0,233,0,233,0,233,0,233,0,233,0,233,0,233,0,233,0,233,0,233,0,233,0,233,0,233,0,233,0,233,0,233,0,233,0,233,0,233,0,233,0,233,0,233,0,233,0,233,0,233,0,233,0,233,0,233,0,233,0,233,0,233,0,233,0,233,0,233,0,233,0,233,0,233,0,233,0,233,0,233,0,233,0,233,0,233,0,233,5,233,0,233,0,233,0,233,0,233,0,233,0,233,0,233,0,233,0,233,0,233,0,233,0,233,0,233,0,233,0,233,0,233,0,233,0,233,0,233,0,233,0,233,0,233,0,233,0,233,0,233,0,233,0,233,0,233,0,233,0,233,0,233,0,233,0,233,0,233,0,233,0,233,0,233,0,233,0,233,0,233,0,233,0,233,0,233,0,233,0,233,0,233,0,233,0,233,0,233,0,233,0,233,0,233,0,233,0,233,0,233,0,233,0,233,0,233,0,233,0,233,0,233,0,233,0,233,0,233,0,233,0,233,0,233,0,233,0,233,0,233,0,233,0,233,0,233,0,233,0,233,0,233,0,233,0,233,0,233,0,233,0,233,0,233,0,233,0,233,0,233,0,233,0,233,0,233,0,233,0,233,0,233,0,233,0,233,0,233,0,233,0,233,0,233,0,233,0,233,0,233,0,233,0,233,0,233,0,233,0,233,0,233,0,233,0,233,0,233,0,233,0,233,0,233,0,233,0,233,0,233,0,233,0,233,0,233,0,233,0,233,0,233,0,233,0,233,0,233,0,233,0,233,0,233,0,233,0,233,0,233,0,233,0,233,0,233,0,233,0,233,0,233,0,233,0,233,0,233,0,233,0,233,0,233,0,233,0,233,0,233,0,233,0,233,0,233,0,233,0,233,0,233,0,233,0,233,0,233,0,233,0,233,0,233,0,233,0,233,0,233,0,233,0,233,0,233,0,233,0,233,0,233,0,233,0,233,0,233,0,233,0,233,0,233,0,233,0,233,0,233,0,233,0,233,0,233,0,233,0,233,0,233,0,233,0,233,0,233,0,233,0,233,0,233,0,233,0,233,0,233,0,233,0,233,0,233,0,233,0,233,0,233,0,233,0,233,0,233,0,233,0,233,0,233,0,233,0,233,0,233,0,233,0,233,0,233,0,233,0,233,0,233,0,233,0,233,0,233,0,233,0,233,0,233,0,233,0,233,0,233,0,233,0,233,0,233,0,233,0,233,0,233,0,233,0,233,0,233,0,233,0,233,0,233,0,233,0,233,0,233,0,233,0,233,0,233,0,233,0,233,0,233,0,233,0,233,0,233,0,233,0,233,0,233,0,233,0,233,0,233,0,233,0,233,0,233,0,233,0,233,0,233,0,233,0,233,0,233,0,233,0,233,0,233,0,233,0,233,0,233,0,233,0,233,0,233,0,233,0,233,0,233,0,233,0,233,0,233,0,233,0
,,234,0,234,0,234,0,234,0,234,0,234,0,234,0,234,0,234,0,234,0,234,0,234,0,234,0,234,0,234,0,234,0,234,0,234,0,234,0,234,0,234,0,234,0,234,0,234,0,234,0,234,0,234,0,234,0,234,0,234,0,234,0,234,0,234,0,234,0,234,0,234,0,234,0,234,0,234,0,234,0,234,0,234,0,234,0,234,0,234,0,234,0,234,0,234,0,234,0,234,0,234,0,234,0,234,0,234,0,234,0,234,0,234,0,234,0,234,0,234,0,234,0,234,0,234,0,234,0,234,0,234,0,234,0,234,0,234,0,234,0,234,0,234,0,234,0,234,0,234,0,234,0,234,0,234,0,234,0,234,0,234,0,234,0,234,0,234,0,234,0,234,0,234,0,234,0,234,0,234,0,234,0,234,0,234,0,234,0,234,0,234,0,234,0,234,0,234,0,234,0,234,0,234,0,234,0,234,0,234,0,234,0,234,0,234,0,234,0,234,0,234,0,234,0,234,0,234,8,234,2,234,0,234,0,234,0,234,1,234,0,234,0,234,0,234,3,234,0,234,0,234,0,234,0,234,0,234,0,234,0,234,0,234,0,234,0,234,0,234,0,234,0,234,0,234,0,234,0,234,0,234,0,234,0,234,0,234,0,234,0,234,0,234,0,234,0,234,0,234,0,234,0,234,0,234,0,234,0,234,0,234,0,234,0,234,0,234,0,234,0,234,0,234,0,234,0,234,0,234,0,234,0,234,0,234,0,234,0,234,0,234,0,234,0,234,0,234,0,234,0,234,0,234,0,234,0,234,0,234,0,234,0,234,0,234,0,234,0,234,0,234,0,234,0,234,0,234,0,234,0,234,0,234,0,234,0,234,0,234,0,234,7,234,0,234,0,234,0,234,0,234,0,234,0,234,0,234,0,234,0,234,0,234,0,234,0,234,0,234,0,234,0,234,0,234,0,234,0,234,0,234,0,234,0,234,0,234,0,234,0,234,0,234,0,234,0,234,0,234,0,234,0,234,0,234,0,234,0,234,0,234,0,234,0,234,0,234,0,234,0,234,0,234,0,234,0,234,0,234,0,234,0,234,0,234,0,234,0,234,0,234,0,234,0,234,0,234,0,234,0,234,0,234,0,234,0,234,0,234,0,234,0,234,0,234,0,234,0,234,0,234,0,234,0,234,0,234,1,234,0,234,0,234,0,234,6,234,0,234,0,234,0,234,0,234,0,234,0,234,0,234,0,234,0,234,0,234,0,234,0,234,0,234,0,234,0,234,0,234,0,234,0,234,0,234,0,234,0,234,0,234,0,234,0,234,0,234,0,234,0,234,0,234,0,234,0,234,0,234,0,234,0,234,0,234,0,234,0,234,0,234,0,234,0,234,0,234,0,234,0,234,0,234,0,234,0,234,0,234,0,234,0,234,0,234,0,234,0,234,0,234,0,234,0,234,0,234,0,234,0,234,0,234,0,234,0,234,0,234,0,234,0,234,0,234,0,234,0,234,0,234,0,234,0,234,0,234,0,234,0,234,0,234,0,234,0,234,0,234,0,234,0,234,0,234,0,234,0,234,0,234,0,234,0,234,0,234,0,234,0,234,0,234,0,234,0,234,0,234,0,234,0,234,0,234,0,234,0,234,0,234,0,234,0,234,0,234,0,234,0,234,0,234,0,234,0,234,0,234,0,234,0,234,0,234,0,234,0,234,0,234,0,234,0,234,0,234,0,234,0,234,0,234,0,234,0,234,0,234,0,234,0,234,0,234,0,234,0,234,0,234,0,234,0,234,0,234,0,234,0,234,0,234,0,234,0,234,0,234,0,234,0,234,0,234,0,234,0,234,0,234,0,234,0,234,0,234,0,234,0,234,0,234,0,234,0,234,0,234,0,234,0,234,0,234,0,234,0,234,0,234,0,234,0,234,0,234,0,234,0,234,0,234,0,234,0,234,0,234,0,234,0,234,0,234,0,234,0,234,0,234,0,234,0,234,0,234,0,234,0,234,0,234,0,234,0,234,0,234,0,234,0,234,0,234,0,234,0,234,0,234,0,234,0,234,0,234,0,234,0,234,0,234,0,234,0,234,0,234,0,234,0,234,0,234,0,234,0,234,0,234,0,234,0,234,0,234,0,234,0,234,0,234,0,234,0,234,0,234,0,234,0,234,0,234,0,234,0,234,0,234,0,234,0,234,0,234,0,234,0,234,0,234,0,234,0,234,0,234,0,234,0,234,0,234,0,234,0,234,0,234,0,234,0,234,0,234,0,234,0,234,0,234,0,234,0,234,0,234,0,234,0,234,0,234,0,234,0,234,0,234,0,234,0,234,0,234,0,234,0,234,0,234,0,234,0,234,0,234,0,234,0,234,0,234,0,234,0,234,0,234,0,234,0,234,0,234,0,234,0,234,0,234,0,234,0,234,0,234,0,234,0,234,0,234,0,234,0
,,235,0,235,0,235,0,235,0,235,0,235,0,235,0,235,0,235,0,235,0,235,0,235,0,235,0,235,0,235,0,235,0,235,0,235,0,235,0,235,0,235,0,235,0,235,0,235,0,235,0,235,0,235,0,235,0,235,0,235,0,235,0,235,0,235,0,235,0,235,0,235,0,235,0,235,0,235,0,235,0,235,0,235,0,235,0,235,0,235,0,235,0,235,0,235,0,235,0,235,0,235,0,235,0,235,0,235,0,235,0,235,0,235,0,235,0,235,0,235,0,235,0,235,0,235,0,235,0,235,0,235,0,235,0,235,0,235,0,235,0,235,0,235,0,235,0,235,0,235,0,235,0,235,0,235,0,235,0,235,0,235,0,235,0,235,0,235,0,235,0,235,0,235,0,235,0,235,0,235,0,235,0,235,0,235,0,235,0,235,0,235,0,235,0,235,0,235,0,235,0,235,0,235,0,235,0,235,0,235,0,235,0,235,0,235,0,235,0,235,0,235,0,235,0,235,0,235,5,235,0,235,0,235,0,235,0,235,0,235,0,235,0,235,0,235,0,235,0,235,0,235,0,235,0,235,0,235,0,235,0,235,0,235,0,235,0,235,0,235,0,235,0,235,0,235,0,235,0,235,0,235,0,235,0,235,0,235,0,235,0,235,0,235,0,235,0,235,0,235,0,235,0,235,0,235,0,235,0,235,0,235,0,235,0,235,0,235,0,235,0,235,0,235,0,235,0,235,0,235,0,235,0,235,0,235,0,235,0,235,0,235,0,235,0,235,0,235,0,235,0,235,0,235,0,235,0,235,0,235,0,235,0,235,0,235,0,235,0,235,0,235,0,235,0,235,0,235,0,235,0,235,0,235,0,235,0,235,0,235,0,235,6,235,0,235,0,235,0,235,0,235,0,235,0,235,0,235,0,235,0,235,0,235,0,235,0,235,0,235,0,235,0,235,0,235,0,235,0,235,0,235,0,235,0,235,0,235,0,235,0,235,0,235,0,235,0,235,0,235,0,235,0,235,0,235,0,235,0,235,0,235,0,235,0,235,0,235,0,235,0,235,0,235,0,235,0,235,0,235,0,235,0,235,0,235,0,235,0,235,0,235,0,235,0,235,0,235,0,235,0,235,0,235,0,235,0,235,0,235,0,235,0,235,0,235,0,235,0,235,0,235,0,235,0,235,0,235,4,235,0,235,0,235,0,235,13,235,0,235,0,235,0,235,0,235,0,235,0,235,0,235,0,235,0,235,0,235,0,235,0,235,0,235,0,235,0,235,0,235,0,235,0,235,0,235,0,235,0,235,0,235,0,235,0,235,0,235,0,235,0,235,0,235,0,235,0,235,0,235,0,235,0,235,0,235,0,235,0,235,0,235,0,235,0,235,0,235,0,235,0,235,0,235,0,235,0,235,0,235,0,235,0,235,0,235,0,235,0,235,0,235,0,235,0,235,0,235,0,235,0,235,0,235,0,235,0,235,0,235,0,235,0,235,0,235,0,235,0,235,0,235,0,235,0,235,0,235,0,235,0,235,0,235,0,235,0,235,0,235,0,235,0,235,0,235,0,235,0,235,0,235,0,235,0,235,0,235,0,235,0,235,0,235,0,235,0,235,0,235,0,235,0,235,0,235,0,235,0,235,0,235,0,235,0,235,0,235,0,235,0,235,0,235,0,235,0,235,0,235,0,235,0,235,0,235,0,235,0,235,0,235,0,235,0,235,0,235,0,235,0,235,0,235,0,235,0,235,0,235,0,235,0,235,0,235,0,235,0,235,0,235,0,235,0,235,0,235,0,235,0,235,0,235,0,235,0,235,0,235,0,235,0,235,0,235,0,235,0,235,0,235,0,235,0,235,0,235,0,235,0,235,0,235,0,235,0,235,0,235,0,235,0,235,0,235,0,235,0,235,0,235,0,235,0,235,0,235,0,235,0,235,0,235,0,235,0,235,0,235,0,235,0,235,0,235,0,235,0,235,0,235,0,235,0,235,0,235,0,235,0,235,0,235,0,235,0,235,0,235,0,235,0,235,0,235,0,235,0,235,0,235,0,235,0,235,0,235,0,235,0,235,0,235,0,235,0,235,0,235,0,235,0,235,0,235,0,235,0,235,0,235,0,235,0,235,0,235,0,235,0,235,0,235,0,235,0,235,0,235,0,235,0,235,0,235,0,235,0,235,0,235,0,235,0,235,0,235,0,235,0,235,0,235,0,235,0,235,0,235,0,235,0,235,0,235,0,235,0,235,0,235,0,235,0,235,0,235,0,235,0,235,0,235,0,235,0,235,0,235,0,235,0,235,0,235,0,235,0,235,0,235,0,235,0,235,0,235,0,235,0,235,0,235,0,235,0,235,0,235,0,235,0,235,0,235,0,235,0,235,0,235,0,235,0,235,0,235,0,235,0,235,0,235,0,235,0,235,0,235,0,235,0,235,0,235,0,235,0
,,236,0,236,0,236,0,236,0,236,0,236,0,236,0,236,0,236,0,236,0,236,0,236,0,236,0,236,0,236,0,236,0,236,0,236,0,236,0,236,0,236,0,236,0,236,0,236,0,236,0,236,0,236,0,236,0,236,0,236,0,236,0,236,0,236,0,236,0,236,0,236,0,236,0,236,0,236,0,236,0,236,0,236,0,236,0,236,0,236,0,236,0,236,0,236,0,236,0,236,0,236,0,236,0,236,0,236,0,236,0,236,0,236,0,236,0,236,0,236,0,236,0,236,0,236,0,236,0,236,0,236,0,236,0,236,0,236,0,236,0,236,0,236,0,236,0,236,0,236,0,236,0,236,0,236,0,236,0,236,0,236,0,236,0,236,0,236,0,236,0,236,0,236,0,236,0,236,0,236,0,236,0,236,0,236,0,236,0,236,0,236,0,236,0,236,0,236,0,236,0,236,0,236,0,236,0,236,0,236,0,236,0,236,0,236,0,236,0,236,0,236,0,236,0,236,0,236,7,236,0,236,0,236,0,236,0,236,11,236,0,236,0,236,7,236,2,236,0,236,0,236,0,236,0,236,0,236,0,236,0,236,0,236,0,236,0,236,0,236,0,236,0,236,0,236,0,236,0,236,0,236,0,236,0,236,0,236,0,236,0,236,0,236,0,236,0,236,0,236,0,236,0,236,0,236,0,236,0,236,0,236,0,236,0,236,0,236,0,236,0,236,0,236,0,236,0,236,0,236,0,236,0,236,0,236,0,236,0,236,0,236,0,236,0,236,0,236,0,236,0,236,0,236,0,236,0,236,0,236,0,236,0,236,0,236,0,236,0,236,0,236,0,236,0,236,0,236,0,236,0,236,0,236,0,236,0,236,0,236,0,236,0,236,0,236,0,236,0,236,0,236,0,236,0,236,0,236,0,236,0,236,0,236,0,236,0,236,0,236,0,236,0,236,0,236,0,236,0,236,0,236,0,236,0,236,0,236,0,236,0,236,0,236,0,236,0,236,0,236,0,236,0,236,0,236,0,236,0,236,0,236,0,236,0,236,0,236,0,236,0,236,0,236,0,236,0,236,0,236,0,236,0,236,0,236,0,236,0,236,0,236,0,236,0,236,0,236,0,236,0,236,0,236,0,236,0,236,0,236,0,236,0,236,0,236,0,236,0,236,0,236,0,236,0,236,0,236,0,236,0,236,0,236,0,236,4,236,0,236,0,236,0,236,0,236,0,236,0,236,0,236,0,236,0,236,0,236,0,236,0,236,0,236,0,236,0,236,0,236,0,236,0,236,0,236,0,236,0,236,0,236,0,236,0,236,0,236,0,236,0,236,0,236,0,236,0,236,0,236,0,236,0,236,0,236,0,236,0,236,0,236,0,236,0,236,0,236,0,236,0,236,0,236,0,236,0,236,0,236,0,236,0,236,0,236,0,236,0,236,0,236,0,236,0,236,0,236,0,236,0,236,0,236,0,236,0,236,0,236,0,236,0,236,0,236,0,236,0,236,0,236,0,236,0,236,0,236,0,236,0,236,0,236,0,236,0,236,0,236,0,236,0,236,0,236,0,236,0,236,0,236,0,236,0,236,0,236,0,236,0,236,0,236,0,236,0,236,0,236,0,236,0,236,0,236,0,236,0,236,0,236,0,236,0,236,0,236,0,236,0,236,0,236,0,236,0,236,0,236,0,236,0,236,0,236,0,236,0,236,0,236,0,236,0,236,0,236,0,236,0,236,0,236,0,236,0,236,0,236,0,236,0,236,0,236,0,236,0,236,0,236,0,236,0,236,0,236,0,236,0,236,0,236,0,236,0,236,0,236,0,236,0,236,0,236,0,236,0,236,0,236,0,236,0,236,0,236,0,236,0,236,0,236,0,236,0,236,0,236,0,236,0,236,0,236,0,236,0,236,0,236,0,236,0,236,0,236,0,236,0,236,0,236,0,236,0,236,0,236,0,236,0,236,0,236,0,236,0,236,0,236,0,236,0,236,0,236,0,236,0,236,0,236,0,236,0,236,0,236,0,236,0,236,0,236,0,236,0,236,0,236,0,236,0,236,0,236,0,236,0,236,0,236,0,236,0,236,0,236,0,236,0,236,0,236,0,236,0,236,0,236,0,236,0,236,0,236,0,236,0,236,0,236,0,236,0,236,0,236,0,236,0,236,0,236,0,236,0,236,0,236,0,236,0,236,0,236,0,236,0,236,0,236,0,236,0,236,0,236,0,236,0,236,0,236,0,236,0,236,0,236,0,236,0,236,0,236,0,236,0,236,0,236,0,236,0,236,0,236,0,236,0,236,0,236,0,236,0,236,0,236,0,236,0,236,0,236,0,236,0,236,0,236,0,236,0,236,0,236,0,236,0,236,0,236,0,236,0,236,0,236,0,236,0,236,0,236,0,236,0,236,0,236,0,236,0,236,0,236,0,236,0,236,0,236,0,236,0
,,237,0,237,0,237,0,237,0,237,0,237,0,237,0,237,0,237,0,237,0,237,0,237,0,237,0,237,0,237,0,237,0,237,0,237,0,237,0,237,0,237,0,237,0,237,0,237,0,237,0,237,0,237,0,237,0,237,0,237,0,237,0,237,0,237,0,237,0,237,0,237,0,237,0,237,0,237,0,237,0,237,0,237,0,237,0,237,0,237,0,237,0,237,0,237,0,237,0,237,0,237,0,237,0,237,0,237,0,237,0,237,0,237,0,237,0,237,0,237,0,237,0,237,0,237,0,237,0,237,0,237,0,237,0,237,0,237,0,237,0,237,0,237,0,237,0,237,0,237,0,237,0,237,0,237,0,237,0,237,0,237,0,237,0,237,0,237,0,237,0,237,0,237,0,237,0,237,0,237,0,237,0,237,0,237,0,237,0,237,0,237,0,237,0,237,0,237,0,237,0,237,0,237,0,237,0,237,0,237,0,237,0,237,0,237,0,237,0,237,0,237,0,237,0,237,0,237,10,237,0,237,0,237,0,237,0,237,5,237,0,237,0,237,2,237,1,237,0,237,0,237,0,237,0,237,0,237,0,237,0,237,0,237,0,237,0,237,0,237,0,237,0,237,0,237,0,237,0,237,0,237,0,237,0,237,0,237,0,237,0,237,0,237,0,237,0,237,0,237,0,237,0,237,0,237,0,237,0,237,0,237,0,237,0,237,0,237,0,237,0,237,0,237,0,237,0,237,0,237,0,237,0,237,0,237,0,237,0,237,0,237,0,237,0,237,0,237,0,237,0,237,0,237,0,237,0,237,0,237,0,237,0,237,0,237,0,237,0,237,0,237,0,237,0,237,0,237,0,237,0,237,0,237,0,237,0,237,0,237,0,237,0,237,0,237,0,237,0,237,0,237,0,237,0,237,0,237,0,237,0,237,0,237,0,237,0,237,0,237,0,237,0,237,0,237,0,237,0,237,0,237,0,237,0,237,0,237,0,237,0,237,0,237,0,237,0,237,0,237,0,237,0,237,0,237,0,237,0,237,0,237,0,237,0,237,0,237,0,237,0,237,0,237,0,237,0,237,0,237,0,237,0,237,0,237,0,237,0,237,0,237,0,237,0,237,0,237,0,237,0,237,0,237,0,237,0,237,0,237,0,237,0,237,0,237,0,237,0,237,0,237,0,237,0,237,0,237,0,237,0,237,0,237,0,237,10,237,0,237,0,237,0,237,0,237,0,237,0,237,0,237,0,237,0,237,0,237,0,237,0,237,0,237,0,237,0,237,0,237,0,237,0,237,0,237,0,237,0,237,0,237,0,237,0,237,0,237,0,237,0,237,0,237,0,237,0,237,0,237,0,237,0,237,0,237,0,237,0,237,0,237,0,237,0,237,0,237,0,237,0,237,0,237,0,237,0,237,0,237,0,237,0,237,0,237,0,237,0,237,0,237,0,237,0,237,0,237,0,237,0,237,0,237,0,237,0,237,0,237,0,237,0,237,0,237,0,237,0,237,0,237,0,237,0,237,0,237,0,237,0,237,0,237,0,237,0,237,0,237,0,237,0,237,0,237,0,237,0,237,0,237,0,237,0,237,0,237,0,237,0,237,0,237,0,237,0,237,0,237,0,237,0,237,0,237,0,237,0,237,0,237,0,237,0,237,0,237,0,237,0,237,0,237,0,237,0,237,0,237,0,237,0,237,0,237,0,237,0,237,0,237,0,237,0,237,0,237,0,237,0,237,0,237,0,237,0,237,0,237,0,237,0,237,0,237,0,237,0,237,0,237,0,237,0,237,0,237,0,237,0,237,0,237,0,237,0,237,0,237,0,237,0,237,0,237,0,237,0,237,0,237,0,237,0,237,0,237,0,237,0,237,0,237,0,237,0,237,0,237,0,237,0,237,0,237,0,237,0,237,0,237,0,237,0,237,0,237,0,237,0,237,0,237,0,237,0,237,0,237,0,237,0,237,0,237,0,237,0,237,0,237,0,237,0,237,0,237,0,237,0,237,0,237,0,237,0,237,0,237,0,237,0,237,0,237,0,237,0,237,0,237,0,237,0,237,0,237,0,237,0,237,0,237,0,237,0,237,0,237,0,237,0,237,0,237,0,237,0,237,0,237,0,237,0,237,0,237,0,237,0,237,0,237,0,237,0,237,0,237,0,237,0,237,0,237,0,237,0,237,0,237,0,237,0,237,0,237,0,237,0,237,0,237,0,237,0,237,0,237,0,237,0,237,0,237,0,237,0,237,0,237,0,237,0,237,0,237,0,237,0,237,0,237,0,237,0,237,0,237,0,237,0,237,0,237,0,237,0,237,0,237,0,237,0,237,0,237,0,237,0,237,0,237,0,237,0,237,0,237,0,237,0,237,0,237,0,237,0,237,0,237,0,237,0,237,0,237,0,237,0,237,0,237,0,237,0,237,0,237,0,237,0,237,0,237,0,237,0
,,238,0,238,0,238,0,238,0,238,0,238,0,238,0,238,0,238,0,238,0,238,0,238,0,238,0,238,0,238,0,238,0,238,0,238,0,238,0,238,0,238,0,238,0,238,0,238,0,238,0,238,0,238,0,238,0,238,0,238,0,238,0,238,0,238,0,238,0,238,0,238,0,238,0,238,0,238,0,238,0,238,0,238,0,238,0,238,0,238,0,238,0,238,0,238,0,238,0,238,0,238,0,238,0,238,0,238,0,238,0,238,0,238,0,238,0,238,0,238,0,238,0,238,0,238,0,238,0,238,0,238,0,238,0,238,0,238,0,238,0,238,0,238,0,238,0,238,0,238,0,238,0,238,0,238,0,238,0,238,0,238,0,238,0,238,0,238,0,238,0,238,0,238,0,238,0,238,0,238,0,238,0,238,0,238,0,238,0,238,0,238,0,238,0,238,0,238,0,238,0,238,0,238,0,238,0,238,0,238,0,238,0,238,0,238,0,238,0,238,0,238,0,238,0,238,0,238,12,238,0,238,0,238,0,238,0,238,2,238,0,238,0,238,1,238,1,238,0,238,0,238,0,238,0,238,0,238,0,238,0,238,0,238,0,238,0,238,0,238,0,238,0,238,0,238,0,238,0,238,0,238,0,238,0,238,0,238,0,238,0,238,0,238,0,238,0,238,0,238,0,238,0,238,0,238,0,238,0,238,0,238,0,238,0,238,0,238,0,238,0,238,0,238,0,238,0,238,0,238,0,238,0,238,0,238,0,238,0,238,0,238,0,238,0,238,0,238,0,238,0,238,0,238,0,238,0,238,0,238,0,238,0,238,0,238,0,238,0,238,0,238,0,238,0,238,0,238,0,238,0,238,0,238,0,238,0,238,0,238,0,238,2,238,0,238,0,238,0,238,0,238,0,238,0,238,0,238,0,238,0,238,0,238,0,238,0,238,0,238,0,238,0,238,0,238,0,238,0,238,0,238,0,238,0,238,0,238,0,238,0,238,0,238,0,238,0,238,0,238,0,238,0,238,0,238,0,238,0,238,0,238,0,238,0,238,0,238,0,238,0,238,0,238,0,238,0,238,0,238,0,238,0,238,0,238,0,238,0,238,0,238,0,238,0,238,0,238,0,238,0,238,0,238,0,238,0,238,0,238,0,238,0,238,0,238,0,238,0,238,0,238,0,238,0,238,0,238,0,238,0,238,0,238,0,238,10,238,0,238,0,238,0,238,0,238,0,238,0,238,0,238,0,238,0,238,0,238,0,238,0,238,0,238,0,238,0,238,0,238,0,238,0,238,0,238,0,238,0,238,0,238,0,238,0,238,0,238,0,238,0,238,0,238,0,238,0,238,0,238,0,238,0,238,0,238,0,238,0,238,0,238,0,238,0,238,0,238,0,238,0,238,0,238,0,238,0,238,0,238,0,238,0,238,0,238,0,238,0,238,0,238,0,238,0,238,0,238,0,238,0,238,0,238,0,238,0,238,0,238,0,238,0,238,0,238,0,238,0,238,0,238,0,238,0,238,0,238,0,238,0,238,0,238,0,238,0,238,0,238,0,238,0,238,0,238,0,238,0,238,0,238,0,238,0,238,0,238,0,238,0,238,0,238,0,238,0,238,0,238,0,238,0,238,0,238,0,238,0,238,0,238,0,238,0,238,0,238,0,238,0,238,0,238,0,238,0,238,0,238,0,238,0,238,0,238,0,238,0,238,0,238,0,238,0,238,0,238,0,238,0,238,0,238,0,238,0,238,0,238,0,238,0,238,0,238,0,238,0,238,0,238,0,238,0,238,0,238,0,238,0,238,0,238,0,238,0,238,0,238,0,238,0,238,0,238,0,238,0,238,0,238,0,238,0,238,0,238,0,238,0,238,0,238,0,238,0,238,0,238,0,238,0,238,0,238,0,238,0,238,0,238,0,238,0,238,0,238,0,238,0,238,0,238,0,238,0,238,0,238,0,238,0,238,0,238,0,238,0,238,0,238,0,238,0,238,0,238,0,238,0,238,0,238,0,238,0,238,0,238,0,238,0,238,0,238,0,238,0,238,0,238,0,238,0,238,0,238,0,238,0,238,0,238,0,238,0,238,0,238,0,238,0,238,0,238,0,238,0,238,0,238,0,238,0,238,0,238,0,238,0,238,0,238,0,238,0,238,0,238,0,238,0,238,0,238,0,238,0,238,0,238,0,238,0,238,0,238,0,238,0,238,0,238,0,238,0,238,0,238,0,238,0,238,0,238,0,238,0,238,0,238,0,238,0,238,0,238,0,238,0,238,0,238,0,238,0,238,0,238,0,238,0,238,0,238,0,238,0,238,0,238,0,238,0,238,0,238,0,238,0,238,0,238,0,238,0,238,0,238,0,238,0,238,0,238,0,238,0,238,0,238,0,238,0,238,0,238,0,238,0,238,0,238,0,238,0,238,0,238,0,238,0,238,0,238,0,238,0
,,239,0,239,0,239,0,239,0,239,0,239,0,239,0,239,0,239,0,239,0,239,0,239,0,239,0,239,0,239,0,239,0,239,0,239,0,239,0,239,0,239,0,239,0,239,0,239,0,239,0,239,0,239,0,239,0,239,0,239,0,239,0,239,0,239,0,239,0,239,0,239,0,239,0,239,0,239,0,239,0,239,0,239,0,239,0,239,0,239,0,239,0,239,0,239,0,239,0,239,0,239,0,239,0,239,0,239,0,239,0,239,0,239,0,239,0,239,0,239,0,239,0,239,0,239,0,239,0,239,0,239,0,239,0,239,0,239,0,239,0,239,0,239,0,239,0,239,0,239,0,239,0,239,0,239,0,239,0,239,0,239,0,239,0,239,0,239,0,239,0,239,0,239,0,239,0,239,0,239,0,239,0,239,0,239,0,239,0,239,0,239,0,239,0,239,0,239,0,239,0,239,0,239,0,239,0,239,0,239,0,239,0,239,0,239,0,239,0,239,0,239,0,239,0,239,0,239,8,239,1,239,0,239,0,239,0,239,0,239,0,239,0,239,0,239,0,239,0,239,0,239,0,239,0,239,0,239,0,239,0,239,0,239,0,239,0,239,0,239,0,239,0,239,0,239,0,239,0,239,0,239,0,239,0,239,0,239,0,239,0,239,0,239,0,239,0,239,0,239,0,239,0,239,0,239,0,239,0,239,0,239,0,239,0,239,0,239,0,239,0,239,0,239,0,239,0,239,0,239,0,239,0,239,0,239,0,239,0,239,0,239,0,239,0,239,0,239,0,239,0,239,0,239,0,239,0,239,0,239,0,239,0,239,0,239,0,239,0,239,0,239,0,239,0,239,0,239,0,239,0,239,0,239,0,239,0,239,0,239,0,239,6,239,0,239,0,239,0,239,0,239,0,239,0,239,0,239,0,239,0,239,0,239,0,239,0,239,0,239,0,239,0,239,0,239,0,239,0,239,0,239,0,239,0,239,0,239,0,239,0,239,0,239,0,239,0,239,0,239,0,239,0,239,0,239,0,239,0,239,0,239,0,239,0,239,0,239,0,239,0,239,0,239,0,239,0,239,0,239,0,239,0,239,0,239,0,239,0,239,0,239,0,239,0,239,0,239,0,239,0,239,0,239,0,239,0,239,0,239,0,239,0,239,0,239,0,239,0,239,0,239,0,239,0,239,0,239,2,239,0,239,0,239,0,239,11,239,0,239,0,239,0,239,0,239,0,239,0,239,0,239,0,239,0,239,0,239,0,239,0,239,0,239,0,239,0,239,0,239,0,239,0,239,0,239,0,239,0,239,0,239,0,239,0,239,0,239,0,239,0,239,0,239,0,239,0,239,0,239,0,239,0,239,0,239,0,239,0,239,0,239,0,239,0,239,0,239,0,239,0,239,0,239,0,239,0,239,0,239,0,239,0,239,0,239,0,239,0,239,0,239,0,239,0,239,0,239,0,239,0,239,0,239,0,239,0,239,0,239,0,239,0,239,0,239,0,239,0,239,0,239,0,239,0,239,0,239,0,239,0,239,0,239,0,239,0,239,0,239,0,239,0,239,0,239,0,239,0,239,0,239,0,239,0,239,0,239,0,239,0,239,0,239,0,239,0,239,0,239,0,239,0,239,0,239,0,239,0,239,0,239,0,239,0,239,0,239,0,239,0,239,0,239,0,239,0,239,0,239,0,239,0,239,0,239,0,239,0,239,0,239,0,239,0,239,0,239,0,239,0,239,0,239,0,239,0,239,0,239,0,239,0,239,0,239,0,239,0,239,0,239,0,239,0,239,0,239,0,239,0,239,0,239,0,239,0,239,0,239,0,239,0,239,0,239,0,239,0,239,0,239,0,239,0,239,0,239,0,239,0,239,0,239,0,239,0,239,0,239,0,239,0,239,0,239,0,239,0,239,0,239,0,239,0,239,0,239,0,239,0,239,0,239,0,239,0,239,0,239,0,239,0,239,0,239,0,239,0,239,0,239,0,239,0,239,0,239,0,239,0,239,0,239,0,239,0,239,0,239,0,239,0,239,0,239,0,239,0,239,0,239,0,239,0,239,0,239,0,239,0,239,0,239,0,239,0,239,0,239,0,239,0,239,0,239,0,239,0,239,0,239,0,239,0,239,0,239,0,239,0,239,0,239,0,239,0,239,0,239,0,239,0,239,0,239,0,239,0,239,0,239,0,239,0,239,0,239,0,239,0,239,0,239,0,239,0,239,0,239,0,239,0,239,0,239,0,239,0,239,0,239,0,239,0,239,0,239,0,239,0,239,0,239,0,239,0,239,0,239,0,239,0,239,0,239,0,239,0,239,0,239,0,239,0,239,0,239,0,239,0,239,0,239,0,239,0,239,0,239,0,239,0,239,0,239,0,239,0,239,0,239,0,239,0,239,0,239,0,239,0,239,0,239,0,239,0,239,0,239,0,239,0,239,0,239,0,239,0
,,240,0,240,0,240,0,240,0,240,0,240,0,240,0,240,0,240,0,240,0,240,0,240,0,240,0,240,0,240,0,240,0,240,0,240,0,240,0,240,0,240,0,240,0,240,0,240,0,240,0,240,0,240,0,240,0,240,0,240,0,240,0,240,0,240,0,240,0,240,0,240,0,240,0,240,0,240,0,240,0,240,0,240,0,240,0,240,0,240,0,240,0,240,0,240,0,240,0,240,0,240,0,240,0,240,0,240,0,240,0,240,0,240,0,240,0,240,0,240,0,240,0,240,0,240,0,240,0,240,0,240,0,240,0,240,0,240,0,240,0,240,0,240,0,240,0,240,0,240,0,240,0,240,0,240,0,240,0,240,0,240,0,240,0,240,0,240,0,240,0,240,0,240,0,240,0,240,0,240,0,240,0,240,0,240,0,240,0,240,0,240,0,240,0,240,0,240,0,240,0,240,0,240,0,240,0,240,0,240,0,240,0,240,0,240,0,240,0,240,0,240,0,240,0,240,0,240,4,240,0,240,0,240,0,240,0,240,0,240,0,240,0,240,0,240,0,240,0,240,0,240,0,240,0,240,0,240,0,240,0,240,0,240,0,240,0,240,0,240,0,240,0,240,0,240,0,240,0,240,0,240,0,240,0,240,0,240,0,240,0,240,0,240,0,240,0,240,0,240,0,240,0,240,0,240,0,240,0,240,0,240,0,240,0,240,0,240,0,240,0,240,0,240,0,240,0,240,0,240,0,240,0,240,0,240,0,240,0,240,0,240,0,240,0,240,0,240,0,240,0,240,0,240,0,240,0,240,0,240,0,240,0,240,0,240,0,240,0,240,0,240,0,240,0,240,0,240,0,240,0,240,0,240,0,240,0,240,0,240,0,240,2,240,0,240,0,240,0,240,0,240,0,240,0,240,0,240,0,240,0,240,0,240,0,240,0,240,0,240,0,240,0,240,0,240,0,240,0,240,0,240,0,240,0,240,0,240,0,240,0,240,0,240,0,240,0,240,0,240,0,240,0,240,0,240,0,240,0,240,0,240,0,240,0,240,0,240,0,240,0,240,0,240,0,240,0,240,0,240,0,240,0,240,0,240,0,240,0,240,0,240,0,240,0,240,0,240,0,240,0,240,0,240,0,240,0,240,0,240,0,240,0,240,0,240,0,240,0,240,0,240,0,240,0,240,0,240,4,240,0,240,0,240,1,240,21,240,0,240,0,240,0,240,0,240,0,240,0,240,0,240,0,240,0,240,0,240,0,240,0,240,0,240,0,240,0,240,0,240,0,240,0,240,0,240,0,240,0,240,0,240,0,240,0,240,0,240,0,240,0,240,0,240,0,240,0,240,0,240,0,240,0,240,0,240,0,240,0,240,0,240,0,240,0,240,0,240,0,240,0,240,0,240,0,240,0,240,0,240,0,240,0,240,0,240,0,240,0,240,0,240,0,240,0,240,0,240,0,240,0,240,0,240,0,240,0,240,0,240,0,240,0,240,0,240,0,240,0,240,0,240,0,240,0,240,0,240,0,240,0,240,0,240,0,240,0,240,0,240,0,240,0,240,0,240,0,240,0,240,0,240,0,240,0,240,0,240,0,240,0,240,0,240,0,240,0,240,0,240,0,240,0,240,0,240,0,240,0,240,0,240,0,240,0,240,0,240,0,240,0,240,0,240,0,240,0,240,0,240,0,240,0,240,0,240,0,240,0,240,0,240,0,240,0,240,0,240,0,240,0,240,0,240,0,240,0,240,0,240,0,240,0,240,0,240,0,240,0,240,0,240,0,240,0,240,0,240,0,240,0,240,0,240,0,240,0,240,0,240,0,240,0,240,0,240,0,240,0,240,0,240,0,240,0,240,0,240,0,240,0,240,0,240,0,240,0,240,0,240,0,240,0,240,0,240,0,240,0,240,0,240,0,240,0,240,0,240,0,240,0,240,0,240,0,240,0,240,0,240,0,240,0,240,0,240,0,240,0,240,0,240,0,240,0,240,0,240,0,240,0,240,0,240,0,240,0,240,0,240,0,240,0,240,0,240,0,240,0,240,0,240,0,240,0,240,0,240,0,240,0,240,0,240,0,240,0,240,0,240,0,240,0,240,0,240,0,240,0,240,0,240,0,240,0,240,0,240,0,240,0,240,0,240,0,240,0,240,0,240,0,240,0,240,0,240,0,240,0,240,0,240,0,240,0,240,0,240,0,240,0,240,0,240,0,240,0,240,0,240,0,240,0,240,0,240,0,240,0,240,0,240,0,240,0,240,0,240,0,240,0,240,0,240,0,240,0,240,0,240,0,240,0,240,0,240,0,240,0,240,0,240,0,240,0,240,0,240,0,240,0,240,0,240,0,240,0,240,0,240,0,240,0,240,0,240,0,240,0,240,0,240,0,240,0,240,0,240,0,240,0,240,0,240,0,240,0,240,0,240,0,240,0,240,0,240,0,240,0
,,241,0,241,0,241,0,241,0,241,0,241,0,241,0,241,0,241,0,241,0,241,0,241,0,241,0,241,0,241,0,241,0,241,0,241,0,241,0,241,0,241,0,241,0,241,0,241,0,241,0,241,0,241,0,241,0,241,0,241,0,241,0,241,0,241,0,241,0,241,0,241,0,241,0,241,0,241,0,241,0,241,0,241,0,241,0,241,0,241,0,241,0,241,0,241,0,241,0,241,0,241,0,241,0,241,0,241,0,241,0,241,0,241,0,241,0,241,0,241,0,241,0,241,0,241,0,241,0,241,0,241,0,241,0,241,0,241,0,241,0,241,0,241,0,241,0,241,0,241,0,241,0,241,0,241,0,241,0,241,0,241,0,241,0,241,0,241,0,241,0,241,0,241,0,241,0,241,0,241,0,241,0,241,0,241,0,241,0,241,0,241,0,241,0,241,0,241,0,241,0,241,0,241,0,241,0,241,0,241,0,241,0,241,0,241,0,241,0,241,0,241,0,241,0,241,0,241,0,241,0,241,0,241,0,241,0,241,0,241,0,241,0,241,0,241,0,241,0,241,0,241,0,241,0,241,0,241,0,241,0,241,0,241,0,241,0,241,0,241,0,241,0,241,0,241,0,241,0,241,0,241,0,241,0,241,0,241,0,241,0,241,0,241,0,241,0,241,0,241,0,241,0,241,0,241,0,241,0,241,0,241,0,241,0,241,0,241,0,241,0,241,0,241,0,241,0,241,0,241,0,241,0,241,0,241,0,241,0,241,0,241,0,241,0,241,0,241,0,241,0,241,0,241,0,241,0,241,0,241,0,241,0,241,0,241,0,241,0,241,0,241,0,241,0,241,3,241,0,241,0,241,0,241,6,241,0,241,0,241,0,241,1,241,0,241,0,241,0,241,0,241,0,241,0,241,0,241,0,241,0,241,0,241,0,241,0,241,0,241,0,241,0,241,0,241,0,241,0,241,0,241,0,241,0,241,0,241,0,241,0,241,0,241,0,241,0,241,0,241,0,241,0,241,0,241,0,241,0,241,0,241,0,241,0,241,0,241,0,241,0,241,0,241,0,241,0,241,0,241,0,241,0,241,0,241,0,241,0,241,0,241,0,241,0,241,0,241,0,241,0,241,0,241,0,241,0,241,0,241,0,241,0,241,0,241,0,241,0,241,0,241,0,241,0,241,0,241,5,241,0,241,0,241,9,241,22,241,0,241,0,241,0,241,0,241,0,241,0,241,0,241,0,241,0,241,0,241,0,241,0,241,0,241,0,241,0,241,0,241,0,241,0,241,0,241,0,241,0,241,0,241,0,241,0,241,0,241,0,241,0,241,0,241,0,241,0,241,0,241,0,241,0,241,0,241,0,241,0,241,0,241,0,241,0,241,0,241,0,241,0,241,0,241,0,241,0,241,0,241,0,241,0,241,0,241,0,241,0,241,0,241,0,241,0,241,0,241,0,241,0,241,0,241,0,241,0,241,0,241,0,241,0,241,0,241,0,241,0,241,0,241,0,241,0,241,0,241,0,241,0,241,0,241,0,241,0,241,0,241,0,241,0,241,0,241,0,241,0,241,0,241,0,241,0,241,0,241,0,241,0,241,0,241,0,241,0,241,0,241,0,241,0,241,0,241,0,241,0,241,0,241,0,241,0,241,0,241,0,241,0,241,0,241,0,241,0,241,0,241,0,241,0,241,0,241,0,241,0,241,0,241,0,241,0,241,0,241,0,241,0,241,0,241,0,241,0,241,0,241,0,241,0,241,0,241,0,241,0,241,0,241,0,241,0,241,0,241,0,241,0,241,0,241,0,241,0,241,0,241,0,241,0,241,0,241,0,241,0,241,0,241,0,241,0,241,0,241,0,241,0,241,0,241,0,241,0,241,0,241,0,241,0,241,0,241,0,241,0,241,0,241,0,241,0,241,0,241,0,241,0,241,0,241,0,241,0,241,0,241,0,241,0,241,0,241,0,241,0,241,0,241,0,241,0,241,0,241,0,241,0,241,0,241,0,241,0,241,0,241,0,241,0,241,0,241,0,241,0,241,0,241,0,241,0,241,0,241,0,241,0,241,0,241,0,241,0,241,0,241,0,241,0,241,0,241,0,241,0,241,0,241,0,241,0,241,0,241,0,241,0,241,0,241,0,241,0,241,0,241,0,241,0,241,0,241,0,241,0,241,0,241,0,241,0,241,0,241,0,241,0,241,0,241,0,241,0,241,0,241,0,241,0,241,0,241,0,241,0,241,0,241,0,241,0,241,0,241,0,241,0,241,0,241,0,241,0,241,0,241,0,241,0,241,0,241,0,241,0,241,0,241,0,241,0,241,0,241,0,241,0,241,0,241,0,241,0,241,0,241,0,241,0,241,0,241,0,241,0,241,0,241,0,241,0,241,0,241,0,241,0,241,0,241,0,241,0,241,0,241,0,241,0,241,0,241,0,241,0
,,242,0,242,0,242,0,242,0,242,0,242,0,242,0,242,0,242,0,242,0,242,0,242,0,242,0,242,0,242,0,242,0,242,0,242,0,242,0,242,0,242,0,242,0,242,0,242,0,242,0,242,0,242,0,242,0,242,0,242,0,242,0,242,0,242,0,242,0,242,0,242,0,242,0,242,0,242,0,242,0,242,0,242,0,242,0,242,0,242,0,242,0,242,0,242,0,242,0,242,0,242,0,242,0,242,0,242,0,242,0,242,0,242,0,242,0,242,0,242,0,242,0,242,0,242,0,242,0,242,0,242,0,242,0,242,0,242,0,242,0,242,0,242,0,242,0,242,0,242,0,242,0,242,0,242,0,242,0,242,0,242,0,242,0,242,0,242,0,242,0,242,0,242,0,242,0,242,0,242,0,242,0,242,0,242,0,242,0,242,0,242,0,242,0,242,0,242,0,242,0,242,0,242,0,242,0,242,0,242,0,242,0,242,0,242,0,242,0,242,0,242,0,242,0,242,0,242,0,242,0,242,0,242,0,242,0,242,0,242,0,242,0,242,0,242,0,242,0,242,0,242,0,242,0,242,0,242,0,242,0,242,0,242,0,242,0,242,0,242,0,242,0,242,0,242,0,242,0,242,0,242,0,242,0,242,0,242,0,242,0,242,0,242,0,242,0,242,0,242,0,242,0,242,0,242,0,242,0,242,0,242,0,242,0,242,0,242,0,242,0,242,0,242,0,242,0,242,0,242,0,242,0,242,0,242,0,242,0,242,0,242,0,242,0,242,0,242,0,242,0,242,0,242,0,242,0,242,0,242,0,242,0,242,0,242,0,242,0,242,0,242,0,242,0,242,1,242,0,242,0,242,0,242,7,242,0,242,0,242,0,242,2,242,0,242,0,242,0,242,0,242,0,242,0,242,0,242,0,242,0,242,0,242,0,242,0,242,0,242,0,242,0,242,0,242,0,242,0,242,0,242,0,242,0,242,0,242,0,242,0,242,0,242,0,242,0,242,0,242,0,242,0,242,0,242,0,242,0,242,0,242,0,242,0,242,0,242,0,242,0,242,0,242,0,242,0,242,0,242,0,242,0,242,0,242,0,242,0,242,0,242,0,242,0,242,0,242,0,242,0,242,0,242,0,242,0,242,0,242,0,242,0,242,0,242,0,242,0,242,0,242,0,242,0,242,0,242,4,242,0,242,0,242,7,242,18,242,0,242,0,242,0,242,0,242,0,242,0,242,0,242,0,242,0,242,0,242,0,242,0,242,0,242,0,242,0,242,0,242,0,242,0,242,0,242,0,242,0,242,0,242,0,242,0,242,0,242,0,242,0,242,0,242,0,242,0,242,0,242,0,242,0,242,0,242,0,242,0,242,0,242,0,242,0,242,0,242,0,242,0,242,0,242,0,242,0,242,0,242,0,242,0,242,0,242,0,242,0,242,0,242,0,242,0,242,0,242,0,242,0,242,0,242,0,242,0,242,0,242,0,242,0,242,0,242,0,242,0,242,0,242,0,242,0,242,0,242,0,242,0,242,0,242,0,242,0,242,0,242,0,242,0,242,0,242,0,242,0,242,0,242,0,242,0,242,0,242,0,242,0,242,0,242,0,242,0,242,0,242,0,242,0,242,0,242,0,242,0,242,0,242,0,242,0,242,0,242,0,242,0,242,0,242,0,242,0,242,0,242,0,242,0,242,0,242,0,242,0,242,0,242,0,242,0,242,0,242,0,242,0,242,0,242,0,242,0,242,0,242,0,242,0,242,0,242,0,242,0,242,0,242,0,242,0,242,0,242,0,242,0,242,0,242,0,242,0,242,0,242,0,242,0,242,0,242,0,242,0,242,0,242,0,242,0,242,0,242,0,242,0,242,0,242,0,242,0,242,0,242,0,242,0,242,0,242,0,242,0,242,0,242,0,242,0,242,0,242,0,242,0,242,0,242,0,242,0,242,0,242,0,242,0,242,0,242,0,242,0,242,0,242,0,242,0,242,0,242,0,242,0,242,0,242,0,242,0,242,0,242,0,242,0,242,0,242,0,242,0,242,0,242,0,242,0,242,0,242,0,242,0,242,0,242,0,242,0,242,0,242,0,242,0,242,0,242,0,242,0,242,0,242,0,242,0,242,0,242,0,242,0,242,0,242,0,242,0,242,0,242,0,242,0,242,0,242,0,242,0,242,0,242,0,242,0,242,0,242,0,242,0,242,0,242,0,242,0,242,0,242,0,242,0,242,0,242,0,242,0,242,0,242,0,242,0,242,0,242,0,242,0,242,0,242,0,242,0,242,0,242,0,242,0,242,0,242,0,242,0,242,0,242,0,242,0,242,0,242,0,242,0,242,0,242,0,242,0,242,0,242,0,242,0,242,0,242,0,242,0,242,0,242,0,242,0,242,0,242,0,242,0,242,0,242,0,242,0,242,0,242,0,242,0,242,0,242,0,242,0
,,243,0,243,0,243,0,243,0,243,0,243,0,243,0,243,0,243,0,243,0,243,0,243,0,243,0,243,0,243,0,243,0,243,0,243,0,243,0,243,0,243,0,243,0,243,0,243,0,243,0,243,0,243,0,243,0,243,0,243,0,243,0,243,0,243,0,243,0,243,0,243,0,243,0,243,0,243,0,243,0,243,0,243,0,243,0,243,0,243,0,243,0,243,0,243,0,243,0,243,0,243,0,243,0,243,0,243,0,243,0,243,0,243,0,243,0,243,0,243,0,243,0,243,0,243,0,243,0,243,0,243,0,243,0,243,0,243,0,243,0,243,0,243,0,243,0,243,0,243,0,243,0,243,0,243,0,243,0,243,0,243,0,243,0,243,0,243,0,243,0,243,0,243,0,243,0,243,0,243,0,243,0,243,0,243,0,243,0,243,0,243,0,243,0,243,0,243,0,243,0,243,0,243,0,243,0,243,0,243,0,243,0,243,0,243,0,243,0,243,0,243,0,243,0,243,0,243,0,243,0,243,0,243,0,243,0,243,0,243,0,243,0,243,0,243,0,243,0,243,0,243,0,243,0,243,0,243,0,243,0,243,0,243,0,243,0,243,0,243,0,243,0,243,0,243,0,243,0,243,0,243,0,243,0,243,0,243,0,243,0,243,0,243,0,243,0,243,0,243,0,243,0,243,0,243,0,243,0,243,0,243,0,243,0,243,0,243,0,243,0,243,0,243,0,243,0,243,0,243,0,243,0,243,0,243,0,243,0,243,0,243,0,243,0,243,0,243,0,243,0,243,0,243,0,243,0,243,0,243,0,243,0,243,0,243,0,243,0,243,0,243,0,243,0,243,1,243,0,243,0,243,0,243,9,243,0,243,0,243,3,243,2,243,0,243,0,243,0,243,0,243,0,243,0,243,0,243,0,243,0,243,0,243,0,243,0,243,0,243,0,243,0,243,0,243,0,243,0,243,0,243,0,243,0,243,0,243,0,243,0,243,0,243,0,243,0,243,0,243,0,243,0,243,0,243,0,243,0,243,0,243,0,243,0,243,0,243,0,243,0,243,0,243,0,243,0,243,0,243,0,243,0,243,0,243,0,243,0,243,0,243,0,243,0,243,0,243,0,243,0,243,0,243,0,243,0,243,0,243,0,243,0,243,0,243,0,243,0,243,0,243,0,243,0,243,0,243,1,243,0,243,0,243,5,243,8,243,0,243,0,243,0,243,0,243,0,243,0,243,0,243,0,243,0,243,0,243,0,243,0,243,0,243,0,243,0,243,0,243,0,243,0,243,0,243,0,243,0,243,0,243,0,243,0,243,0,243,0,243,0,243,0,243,0,243,0,243,0,243,0,243,0,243,0,243,0,243,0,243,0,243,0,243,0,243,0,243,0,243,0,243,0,243,0,243,0,243,0,243,0,243,0,243,0,243,0,243,0,243,0,243,0,243,0,243,0,243,0,243,0,243,0,243,0,243,0,243,0,243,0,243,0,243,0,243,0,243,0,243,0,243,0,243,0,243,0,243,0,243,0,243,0,243,0,243,0,243,0,243,0,243,0,243,0,243,0,243,0,243,0,243,0,243,0,243,0,243,0,243,0,243,0,243,0,243,0,243,0,243,0,243,0,243,0,243,0,243,0,243,0,243,0,243,0,243,0,243,0,243,0,243,0,243,0,243,0,243,0,243,0,243,0,243,0,243,0,243,0,243,0,243,0,243,0,243,0,243,0,243,0,243,0,243,0,243,0,243,0,243,0,243,0,243,0,243,0,243,0,243,0,243,0,243,0,243,0,243,0,243,0,243,0,243,0,243,0,243,0,243,0,243,0,243,0,243,0,243,0,243,0,243,0,243,0,243,0,243,0,243,0,243,0,243,0,243,0,243,0,243,0,243,0,243,0,243,0,243,0,243,0,243,0,243,0,243,0,243,0,243,0,243,0,243,0,243,0,243,0,243,0,243,0,243,0,243,0,243,0,243,0,243,0,243,0,243,0,243,0,243,0,243,0,243,0,243,0,243,0,243,0,243,0,243,0,243,0,243,0,243,0,243,0,243,0,243,0,243,0,243,0,243,0,243,0,243,0,243,0,243,0,243,0,243,0,243,0,243,0,243,0,243,0,243,0,243,0,243,0,243,0,243,0,243,0,243,0,243,0,243,0,243,0,243,0,243,0,243,0,243,0,243,0,243,0,243,0,243,0,243,0,243,0,243,0,243,0,243,0,243,0,243,0,243,0,243,0,243,0,243,0,243,0,243,0,243,0,243,0,243,0,243,0,243,0,243,0,243,0,243,0,243,0,243,0,243,0,243,0,243,0,243,0,243,0,243,0,243,0,243,0,243,0,243,0,243,0,243,0,243,0,243,0,243,0,243,0,243,0,243,0,243,0,243,0,243,0,243,0,243,0,243,0,243,0,243,0,243,0,243,0,243,0,243,0,243,0,243,0
,,244,0,244,0,244,0,244,0,244,0,244,0,244,0,244,0,244,0,244,0,244,0,244,0,244,0,244,0,244,0,244,0,244,0,244,0,244,0,244,0,244,0,244,0,244,0,244,0,244,0,244,0,244,0,244,0,244,0,244,0,244,0,244,0,244,0,244,0,244,0,244,0,244,0,244,0,244,0,244,0,244,0,244,0,244,0,244,0,244,0,244,0,244,0,244,0,244,0,244,0,244,0,244,0,244,0,244,0,244,0,244,0,244,0,244,0,244,0,244,0,244,0,244,0,244,0,244,0,244,0,244,0,244,0,244,0,244,0,244,0,244,0,244,0,244,0,244,0,244,0,244,0,244,0,244,0,244,0,244,0,244,0,244,0,244,0,244,0,244,0,244,0,244,0,244,0,244,0,244,0,244,0,244,0,244,0,244,0,244,0,244,0,244,0,244,0,244,0,244,0,244,0,244,0,244,0,244,0,244,0,244,0,244,0,244,0,244,0,244,0,244,0,244,0,244,0,244,0,244,0,244,0,244,0,244,0,244,0,244,0,244,0,244,0,244,0,244,0,244,0,244,0,244,0,244,0,244,0,244,0,244,0,244,0,244,0,244,0,244,0,244,0,244,0,244,0,244,0,244,0,244,0,244,0,244,0,244,0,244,0,244,0,244,0,244,0,244,0,244,0,244,0,244,0,244,0,244,0,244,0,244,0,244,0,244,0,244,0,244,0,244,0,244,0,244,0,244,0,244,0,244,0,244,0,244,0,244,0,244,0,244,0,244,0,244,0,244,0,244,0,244,0,244,0,244,0,244,0,244,0,244,0,244,0,244,0,244,0,244,0,244,0,244,0,244,0,244,0,244,0,244,0,244,4,244,0,244,0,244,1,244,0,244,0,244,0,244,0,244,0,244,0,244,0,244,0,244,0,244,0,244,0,244,0,244,0,244,0,244,0,244,0,244,0,244,0,244,0,244,0,244,0,244,0,244,0,244,0,244,0,244,0,244,0,244,0,244,0,244,0,244,0,244,0,244,0,244,0,244,0,244,0,244,0,244,0,244,0,244,0,244,0,244,0,244,0,244,0,244,0,244,0,244,0,244,0,244,0,244,0,244,0,244,0,244,0,244,0,244,0,244,0,244,0,244,0,244,0,244,0,244,0,244,0,244,0,244,0,244,0,244,0,244,0,244,0,244,9,244,0,244,0,244,10,244,13,244,0,244,0,244,0,244,0,244,0,244,0,244,0,244,0,244,0,244,0,244,0,244,0,244,0,244,0,244,0,244,0,244,0,244,0,244,0,244,0,244,0,244,0,244,0,244,0,244,0,244,0,244,0,244,0,244,0,244,0,244,0,244,0,244,0,244,0,244,0,244,0,244,0,244,0,244,0,244,0,244,0,244,0,244,0,244,0,244,0,244,0,244,0,244,0,244,0,244,0,244,0,244,0,244,0,244,0,244,0,244,0,244,0,244,0,244,0,244,0,244,0,244,0,244,0,244,0,244,0,244,0,244,0,244,0,244,0,244,0,244,0,244,0,244,0,244,0,244,0,244,0,244,0,244,0,244,0,244,0,244,0,244,0,244,0,244,0,244,0,244,0,244,0,244,0,244,0,244,0,244,0,244,0,244,0,244,0,244,0,244,0,244,0,244,0,244,0,244,0,244,0,244,0,244,0,244,0,244,0,244,0,244,0,244,0,244,0,244,0,244,0,244,0,244,0,244,0,244,0,244,0,244,0,244,0,244,0,244,0,244,0,244,0,244,0,244,0,244,0,244,0,244,0,244,0,244,0,244,0,244,0,244,0,244,0,244,0,244,0,244,0,244,0,244,0,244,0,244,0,244,0,244,0,244,0,244,0,244,0,244,0,244,0,244,0,244,0,244,0,244,0,244,0,244,0,244,0,244,0,244,0,244,0,244,0,244,0,244,0,244,0,244,0,244,0,244,0,244,0,244,0,244,0,244,0,244,0,244,0,244,0,244,0,244,0,244,0,244,0,244,0,244,0,244,0,244,0,244,0,244,0,244,0,244,0,244,0,244,0,244,0,244,0,244,0,244,0,244,0,244,0,244,0,244,0,244,0,244,0,244,0,244,0,244,0,244,0,244,0,244,0,244,0,244,0,244,0,244,0,244,0,244,0,244,0,244,0,244,0,244,0,244,0,244,0,244,0,244,0,244,0,244,0,244,0,244,0,244,0,244,0,244,0,244,0,244,0,244,0,244,0,244,0,244,0,244,0,244,0,244,0,244,0,244,0,244,0,244,0,244,0,244,0,244,0,244,0,244,0,244,0,244,0,244,0,244,0,244,0,244,0,244,0,244,0,244,0,244,0,244,0,244,0,244,0,244,0,244,0,244,0,244,0,244,0,244,0,244,0,244,0,244,0,244,0,244,0,244,0,244,0,244,0,244,0,244,0,244,0,244,0,244,0,244,0,244,0,244,0,244,0
,,245,0,245,0,245,0,245,0,245,0,245,0,245,0,245,0,245,0,245,0,245,0,245,0,245,0,245,0,245,0,245,0,245,0,245,0,245,0,245,0,245,0,245,0,245,0,245,0,245,0,245,0,245,0,245,0,245,0,245,0,245,0,245,0,245,0,245,0,245,0,245,0,245,0,245,0,245,0,245,0,245,0,245,0,245,0,245,0,245,0,245,0,245,0,245,0,245,0,245,0,245,0,245,0,245,0,245,0,245,0,245,0,245,0,245,0,245,0,245,0,245,0,245,0,245,0,245,0,245,0,245,0,245,0,245,0,245,0,245,0,245,0,245,0,245,0,245,0,245,0,245,0,245,0,245,0,245,0,245,0,245,0,245,0,245,0,245,0,245,0,245,0,245,0,245,0,245,0,245,0,245,0,245,0,245,0,245,0,245,0,245,0,245,0,245,0,245,0,245,0,245,0,245,0,245,0,245,0,245,0,245,0,245,0,245,0,245,0,245,0,245,0,245,0,245,0,245,0,245,0,245,0,245,0,245,0,245,0,245,0,245,0,245,0,245,0,245,0,245,0,245,0,245,0,245,0,245,0,245,0,245,0,245,0,245,0,245,0,245,0,245,0,245,0,245,0,245,0,245,0,245,0,245,0,245,0,245,0,245,0,245,0,245,0,245,0,245,0,245,0,245,0,245,0,245,0,245,0,245,0,245,0,245,0,245,0,245,0,245,0,245,0,245,0,245,0,245,0,245,0,245,0,245,0,245,0,245,0,245,0,245,0,245,0,245,0,245,0,245,0,245,0,245,0,245,0,245,0,245,0,245,0,245,0,245,0,245,0,245,0,245,0,245,0,245,0,245,0,245,0,245,0,245,2,245,0,245,0,245,1,245,1,245,0,245,0,245,0,245,0,245,0,245,0,245,0,245,0,245,0,245,0,245,0,245,0,245,0,245,0,245,0,245,0,245,0,245,0,245,0,245,0,245,0,245,0,245,0,245,0,245,0,245,0,245,0,245,0,245,0,245,0,245,0,245,0,245,0,245,0,245,0,245,0,245,0,245,0,245,0,245,0,245,0,245,0,245,0,245,0,245,0,245,0,245,0,245,0,245,0,245,0,245,0,245,0,245,0,245,0,245,0,245,0,245,0,245,0,245,0,245,0,245,0,245,0,245,0,245,0,245,0,245,0,245,0,245,11,245,0,245,0,245,5,245,10,245,0,245,0,245,0,245,0,245,0,245,0,245,0,245,0,245,0,245,0,245,0,245,0,245,0,245,0,245,0,245,0,245,0,245,0,245,0,245,0,245,0,245,0,245,0,245,0,245,0,245,0,245,0,245,0,245,0,245,0,245,0,245,0,245,0,245,0,245,0,245,0,245,0,245,0,245,0,245,0,245,0,245,0,245,0,245,0,245,0,245,0,245,0,245,0,245,0,245,0,245,0,245,0,245,0,245,0,245,0,245,0,245,0,245,0,245,0,245,0,245,0,245,0,245,0,245,0,245,0,245,0,245,0,245,0,245,0,245,0,245,0,245,0,245,0,245,0,245,0,245,0,245,0,245,0,245,0,245,0,245,0,245,0,245,0,245,0,245,0,245,0,245,0,245,0,245,0,245,0,245,0,245,0,245,0,245,0,245,0,245,0,245,0,245,0,245,0,245,0,245,0,245,0,245,0,245,0,245,0,245,0,245,0,245,0,245,0,245,0,245,0,245,0,245,0,245,0,245,0,245,0,245,0,245,0,245,0,245,0,245,0,245,0,245,0,245,0,245,0,245,0,245,0,245,0,245,0,245,0,245,0,245,0,245,0,245,0,245,0,245,0,245,0,245,0,245,0,245,0,245,0,245,0,245,0,245,0,245,0,245,0,245,0,245,0,245,0,245,0,245,0,245,0,245,0,245,0,245,0,245,0,245,0,245,0,245,0,245,0,245,0,245,0,245,0,245,0,245,0,245,0,245,0,245,0,245,0,245,0,245,0,245,0,245,0,245,0,245,0,245,0,245,0,245,0,245,0,245,0,245,0,245,0,245,0,245,0,245,0,245,0,245,0,245,0,245,0,245,0,245,0,245,0,245,0,245,0,245,0,245,0,245,0,245,0,245,0,245,0,245,0,245,0,245,0,245,0,245,0,245,0,245,0,245,0,245,0,245,0,245,0,245,0,245,0,245,0,245,0,245,0,245,0,245,0,245,0,245,0,245,0,245,0,245,0,245,0,245,0,245,0,245,0,245,0,245,0,245,0,245,0,245,0,245,0,245,0,245,0,245,0,245,0,245,0,245,0,245,0,245,0,245,0,245,0,245,0,245,0,245,0,245,0,245,0,245,0,245,0,245,0,245,0,245,0,245,0,245,0,245,0,245,0,245,0,245,0,245,0,245,0,245,0,245,0,245,0,245,0,245,0,245,0,245,0,245,0,245,0,245,0,245,0,245,0,245,0,245,0,245,0
,,246,0,246,0,246,0,246,0,246,0,246,0,246,0,246,0,246,0,246,0,246,0,246,0,246,0,246,0,246,0,246,0,246,0,246,0,246,0,246,0,246,0,246,0,246,0,246,0,246,0,246,0,246,0,246,0,246,0,246,0,246,0,246,0,246,0,246,0,246,0,246,0,246,0,246,0,246,0,246,0,246,0,246,0,246,0,246,0,246,0,246,0,246,0,246,0,246,0,246,0,246,0,246,0,246,0,246,0,246,0,246,0,246,0,246,0,246,0,246,0,246,0,246,0,246,0,246,0,246,0,246,0,246,0,246,0,246,0,246,0,246,0,246,0,246,0,246,0,246,0,246,0,246,0,246,0,246,0,246,0,246,0,246,0,246,0,246,0,246,0,246,0,246,0,246,0,246,0,246,0,246,0,246,0,246,0,246,0,246,0,246,0,246,0,246,0,246,0,246,0,246,0,246,0,246,0,246,0,246,0,246,0,246,0,246,0,246,0,246,0,246,0,246,0,246,0,246,0,246,0,246,0,246,0,246,0,246,0,246,0,246,0,246,0,246,0,246,0,246,0,246,0,246,0,246,0,246,0,246,0,246,0,246,0,246,0,246,0,246,0,246,0,246,0,246,0,246,0,246,0,246,0,246,0,246,0,246,0,246,0,246,0,246,0,246,0,246,0,246,0,246,0,246,0,246,0,246,0,246,0,246,0,246,0,246,0,246,0,246,0,246,0,246,0,246,0,246,0,246,0,246,0,246,0,246,0,246,0,246,0,246,0,246,0,246,0,246,0,246,0,246,0,246,0,246,0,246,0,246,0,246,0,246,0,246,0,246,0,246,0,246,0,246,0,246,0,246,0,246,0,246,0,246,5,246,0,246,0,246,5,246,1,246,0,246,0,246,0,246,0,246,0,246,0,246,0,246,0,246,0,246,0,246,0,246,0,246,0,246,0,246,0,246,0,246,0,246,0,246,0,246,0,246,0,246,0,246,0,246,0,246,0,246,0,246,0,246,0,246,0,246,0,246,0,246,0,246,0,246,0,246,0,246,0,246,0,246,0,246,0,246,0,246,0,246,0,246,0,246,0,246,0,246,0,246,0,246,0,246,0,246,0,246,0,246,0,246,0,246,0,246,0,246,0,246,0,246,0,246,0,246,0,246,0,246,0,246,0,246,0,246,0,246,0,246,0,246,5,246,0,246,0,246,7,246,7,246,0,246,0,246,0,246,0,246,0,246,0,246,0,246,0,246,0,246,0,246,0,246,0,246,0,246,0,246,0,246,0,246,0,246,0,246,0,246,0,246,0,246,0,246,0,246,0,246,0,246,0,246,0,246,0,246,0,246,0,246,0,246,0,246,0,246,0,246,0,246,0,246,0,246,0,246,0,246,0,246,0,246,0,246,0,246,0,246,0,246,0,246,0,246,0,246,0,246,0,246,0,246,0,246,0,246,0,246,0,246,0,246,0,246,0,246,0,246,0,246,0,246,0,246,0,246,0,246,0,246,0,246,0,246,0,246,0,246,0,246,0,246,0,246,0,246,0,246,0,246,0,246,0,246,0,246,0,246,0,246,0,246,0,246,0,246,0,246,0,246,0,246,0,246,0,246,0,246,0,246,0,246,0,246,0,246,0,246,0,246,0,246,0,246,0,246,0,246,0,246,0,246,0,246,0,246,0,246,0,246,0,246,0,246,0,246,0,246,0,246,0,246,0,246,0,246,0,246,0,246,0,246,0,246,0,246,0,246,0,246,0,246,0,246,0,246,0,246,0,246,0,246,0,246,0,246,0,246,0,246,0,246,0,246,0,246,0,246,0,246,0,246,0,246,0,246,0,246,0,246,0,246,0,246,0,246,0,246,0,246,0,246,0,246,0,246,0,246,0,246,0,246,0,246,0,246,0,246,0,246,0,246,0,246,0,246,0,246,0,246,0,246,0,246,0,246,0,246,0,246,0,246,0,246,0,246,0,246,0,246,0,246,0,246,0,246,0,246,0,246,0,246,0,246,0,246,0,246,0,246,0,246,0,246,0,246,0,246,0,246,0,246,0,246,0,246,0,246,0,246,0,246,0,246,0,246,0,246,0,246,0,246,0,246,0,246,0,246,0,246,0,246,0,246,0,246,0,246,0,246,0,246,0,246,0,246,0,246,0,246,0,246,0,246,0,246,0,246,0,246,0,246,0,246,0,246,0,246,0,246,0,246,0,246,0,246,0,246,0,246,0,246,0,246,0,246,0,246,0,246,0,246,0,246,0,246,0,246,0,246,0,246,0,246,0,246,0,246,0,246,0,246,0,246,0,246,0,246,0,246,0,246,0,246,0,246,0,246,0,246,0,246,0,246,0,246,0,246,0,246,0,246,0,246,0,246,0,246,0,246,0,246,0,246,0,246,0,246,0,246,0,246,0,246,0,246,0,246,0,246,0,246,0,246,0,246,0,246,0,246,0
,,247,0,247,0,247,0,247,0,247,0,247,0,247,0,247,0,247,0,247,0,247,0,247,0,247,0,247,0,247,0,247,0,247,0,247,0,247,0,247,0,247,0,247,0,247,0,247,0,247,0,247,0,247,0,247,0,247,0,247,0,247,0,247,0,247,0,247,0,247,0,247,0,247,0,247,0,247,0,247,0,247,0,247,0,247,0,247,0,247,0,247,0,247,0,247,0,247,0,247,0,247,0,247,0,247,0,247,0,247,0,247,0,247,0,247,0,247,0,247,0,247,0,247,0,247,0,247,0,247,0,247,0,247,0,247,0,247,0,247,0,247,0,247,0,247,0,247,0,247,0,247,0,247,0,247,0,247,0,247,0,247,0,247,0,247,0,247,0,247,0,247,0,247,0,247,0,247,0,247,0,247,0,247,0,247,0,247,0,247,0,247,0,247,0,247,0,247,0,247,0,247,0,247,0,247,0,247,0,247,0,247,0,247,0,247,0,247,0,247,0,247,0,247,0,247,0,247,0,247,0,247,0,247,0,247,0,247,0,247,0,247,0,247,0,247,0,247,0,247,0,247,0,247,0,247,0,247,0,247,0,247,0,247,0,247,0,247,0,247,0,247,0,247,0,247,0,247,0,247,0,247,0,247,0,247,1,247,0,247,0,247,0,247,0,247,0,247,0,247,0,247,0,247,0,247,0,247,0,247,0,247,0,247,0,247,0,247,0,247,0,247,0,247,0,247,0,247,0,247,0,247,0,247,0,247,0,247,0,247,0,247,0,247,0,247,0,247,0,247,0,247,0,247,0,247,0,247,0,247,0,247,0,247,0,247,0,247,0,247,0,247,0,247,0,247,0,247,0,247,0,247,0,247,7,247,0,247,0,247,7,247,0,247,0,247,0,247,0,247,0,247,0,247,0,247,0,247,0,247,0,247,0,247,0,247,0,247,0,247,0,247,0,247,0,247,0,247,0,247,0,247,0,247,0,247,0,247,0,247,0,247,0,247,0,247,0,247,0,247,0,247,0,247,0,247,0,247,0,247,0,247,0,247,0,247,0,247,0,247,0,247,0,247,0,247,0,247,0,247,0,247,0,247,0,247,0,247,0,247,0,247,0,247,0,247,0,247,0,247,0,247,0,247,0,247,0,247,0,247,0,247,0,247,0,247,0,247,0,247,0,247,0,247,0,247,0,247,3,247,0,247,0,247,8,247,3,247,0,247,0,247,0,247,0,247,0,247,0,247,0,247,0,247,0,247,0,247,0,247,0,247,0,247,0,247,0,247,0,247,0,247,0,247,0,247,0,247,0,247,0,247,0,247,0,247,0,247,0,247,0,247,0,247,0,247,0,247,0,247,0,247,0,247,0,247,0,247,0,247,0,247,0,247,0,247,0,247,0,247,0,247,0,247,0,247,0,247,0,247,0,247,0,247,0,247,0,247,0,247,0,247,0,247,0,247,0,247,0,247,0,247,0,247,0,247,0,247,0,247,0,247,0,247,0,247,0,247,0,247,0,247,0,247,0,247,0,247,0,247,0,247,0,247,0,247,0,247,0,247,0,247,0,247,0,247,0,247,0,247,0,247,0,247,0,247,0,247,0,247,0,247,0,247,0,247,0,247,0,247,0,247,0,247,0,247,0,247,0,247,0,247,0,247,0,247,0,247,0,247,0,247,0,247,0,247,0,247,0,247,0,247,0,247,0,247,0,247,0,247,0,247,0,247,0,247,0,247,0,247,0,247,0,247,0,247,0,247,0,247,0,247,0,247,0,247,0,247,0,247,0,247,0,247,0,247,0,247,0,247,0,247,0,247,0,247,0,247,0,247,0,247,0,247,0,247,0,247,0,247,0,247,0,247,0,247,0,247,0,247,0,247,0,247,0,247,0,247,0,247,0,247,0,247,0,247,0,247,0,247,0,247,0,247,0,247,0,247,0,247,0,247,0,247,0,247,0,247,0,247,0,247,0,247,0,247,0,247,0,247,0,247,0,247,0,247,0,247,0,247,0,247,0,247,0,247,0,247,0,247,0,247,0,247,0,247,0,247,0,247,0,247,0,247,0,247,0,247,0,247,0,247,0,247,0,247,0,247,0,247,0,247,0,247,0,247,0,247,0,247,0,247,0,247,0,247,0,247,0,247,0,247,0,247,0,247,0,247,0,247,0,247,0,247,0,247,0,247,0,247,0,247,0,247,0,247,0,247,0,247,0,247,0,247,0,247,0,247,0,247,0,247,0,247,0,247,0,247,0,247,0,247,0,247,0,247,0,247,0,247,0,247,0,247,0,247,0,247,0,247,0,247,0,247,0,247,0,247,0,247,0,247,0,247,0,247,0,247,0,247,0,247,0,247,0,247,0,247,0,247,0,247,0,247,0,247,0,247,0,247,0,247,0,247,0,247,0,247,0,247,0,247,0,247,0,247,0,247,0,247,0,247,0,247,0,247,0,247,0
,,248,0,248,0,248,0,248,0,248,0,248,0,248,0,248,0,248,0,248,0,248,0,248,0,248,0,248,0,248,0,248,0,248,0,248,0,248,0,248,0,248,0,248,0,248,0,248,0,248,0,248,0,248,0,248,0,248,0,248,0,248,0,248,0,248,0,248,0,248,0,248,0,248,0,248,0,248,0,248,0,248,0,248,0,248,0,248,0,248,0,248,0,248,0,248,0,248,0,248,0,248,0,248,0,248,0,248,0,248,0,248,0,248,0,248,0,248,0,248,0,248,0,248,0,248,0,248,0,248,0,248,0,248,0,248,0,248,0,248,0,248,0,248,0,248,0,248,0,248,0,248,0,248,0,248,0,248,0,248,0,248,0,248,0,248,0,248,0,248,0,248,0,248,0,248,0,248,0,248,0,248,0,248,0,248,0,248,0,248,0,248,0,248,0,248,0,248,0,248,0,248,0,248,0,248,0,248,0,248,0,248,0,248,0,248,0,248,0,248,0,248,0,248,0,248,0,248,0,248,0,248,0,248,0,248,0,248,0,248,0,248,0,248,0,248,0,248,0,248,0,248,0,248,0,248,0,248,0,248,0,248,0,248,0,248,0,248,0,248,0,248,0,248,0,248,0,248,0,248,0,248,0,248,0,248,1,248,0,248,0,248,0,248,0,248,0,248,0,248,0,248,0,248,0,248,0,248,0,248,0,248,0,248,0,248,0,248,0,248,0,248,0,248,0,248,0,248,0,248,0,248,0,248,0,248,0,248,0,248,0,248,0,248,0,248,0,248,0,248,0,248,0,248,0,248,0,248,0,248,0,248,0,248,0,248,0,248,0,248,0,248,0,248,0,248,0,248,0,248,0,248,0,248,2,248,0,248,0,248,4,248,1,248,0,248,0,248,0,248,0,248,0,248,0,248,0,248,0,248,0,248,0,248,0,248,0,248,0,248,0,248,0,248,0,248,0,248,0,248,0,248,0,248,0,248,0,248,0,248,0,248,0,248,0,248,0,248,0,248,0,248,0,248,0,248,0,248,0,248,0,248,0,248,0,248,0,248,0,248,0,248,0,248,0,248,0,248,0,248,0,248,0,248,0,248,0,248,0,248,0,248,0,248,0,248,0,248,0,248,0,248,0,248,0,248,0,248,0,248,0,248,0,248,0,248,0,248,0,248,0,248,0,248,0,248,0,248,9,248,0,248,0,248,7,248,7,248,0,248,0,248,0,248,0,248,0,248,0,248,0,248,0,248,0,248,0,248,0,248,0,248,0,248,0,248,0,248,0,248,0,248,0,248,0,248,0,248,0,248,0,248,0,248,0,248,0,248,0,248,0,248,0,248,0,248,0,248,0,248,0,248,0,248,0,248,0,248,0,248,0,248,0,248,0,248,0,248,0,248,0,248,0,248,0,248,0,248,0,248,0,248,0,248,0,248,0,248,0,248,0,248,0,248,0,248,0,248,0,248,0,248,0,248,0,248,0,248,0,248,0,248,0,248,0,248,0,248,0,248,0,248,0,248,0,248,0,248,0,248,0,248,0,248,0,248,0,248,0,248,0,248,0,248,0,248,0,248,0,248,0,248,0,248,0,248,0,248,0,248,0,248,0,248,0,248,0,248,0,248,0,248,0,248,0,248,0,248,0,248,0,248,0,248,0,248,0,248,0,248,0,248,0,248,0,248,0,248,0,248,0,248,0,248,0,248,0,248,0,248,0,248,0,248,0,248,0,248,0,248,0,248,0,248,0,248,0,248,0,248,0,248,0,248,0,248,0,248,0,248,0,248,0,248,0,248,0,248,0,248,0,248,0,248,0,248,0,248,0,248,0,248,0,248,0,248,0,248,0,248,0,248,0,248,0,248,0,248,0,248,0,248,0,248,0,248,0,248,0,248,0,248,0,248,0,248,0,248,0,248,0,248,0,248,0,248,0,248,0,248,0,248,0,248,0,248,0,248,0,248,0,248,0,248,0,248,0,248,0,248,0,248,0,248,0,248,0,248,0,248,0,248,0,248,0,248,0,248,0,248,0,248,0,248,0,248,0,248,0,248,0,248,0,248,0,248,0,248,0,248,0,248,0,248,0,248,0,248,0,248,0,248,0,248,0,248,0,248,0,248,0,248,0,248,0,248,0,248,0,248,0,248,0,248,0,248,0,248,0,248,0,248,0,248,0,248,0,248,0,248,0,248,0,248,0,248,0,248,0,248,0,248,0,248,0,248,0,248,0,248,0,248,0,248,0,248,0,248,0,248,0,248,0,248,0,248,0,248,0,248,0,248,0,248,0,248,0,248,0,248,0,248,0,248,0,248,0,248,0,248,0,248,0,248,0,248,0,248,0,248,0,248,0,248,0,248,0,248,0,248,0,248,0,248,0,248,0,248,0,248,0,248,0,248,0,248,0,248,0,248,0,248,0,248,0,248,0,248,0,248,0,248,0,248,0,248,0,248,0
,,249,0,249,0,249,0,249,0,249,0,249,0,249,0,249,0,249,0,249,0,249,0,249,0,249,0,249,0,249,0,249,0,249,0,249,0,249,0,249,0,249,0,249,0,249,0,249,0,249,0,249,0,249,0,249,0,249,0,249,0,249,0,249,0,249,0,249,0,249,0,249,0,249,0,249,0,249,0,249,0,249,0,249,0,249,0,249,0,249,0,249,0,249,0,249,0,249,0,249,0,249,0,249,0,249,0,249,0,249,0,249,0,249,0,249,0,249,0,249,0,249,0,249,0,249,0,249,0,249,0,249,0,249,0,249,0,249,0,249,0,249,0,249,0,249,0,249,0,249,0,249,0,249,0,249,0,249,0,249,0,249,0,249,0,249,0,249,0,249,0,249,0,249,0,249,0,249,0,249,0,249,0,249,0,249,0,249,0,249,0,249,0,249,0,249,0,249,0,249,0,249,0,249,0,249,0,249,0,249,0,249,0,249,0,249,0,249,0,249,0,249,0,249,0,249,0,249,0,249,0,249,0,249,0,249,0,249,0,249,0,249,0,249,0,249,0,249,0,249,0,249,0,249,0,249,0,249,0,249,0,249,0,249,0,249,0,249,0,249,0,249,0,249,0,249,0,249,0,249,0,249,0,249,0,249,1,249,0,249,0,249,0,249,0,249,0,249,0,249,0,249,0,249,0,249,0,249,0,249,0,249,0,249,0,249,0,249,0,249,0,249,0,249,0,249,0,249,0,249,0,249,0,249,0,249,0,249,0,249,0,249,0,249,0,249,0,249,0,249,0,249,0,249,0,249,0,249,0,249,0,249,0,249,0,249,0,249,0,249,0,249,0,249,0,249,0,249,0,249,0,249,0,249,3,249,0,249,0,249,8,249,1,249,0,249,0,249,0,249,0,249,0,249,0,249,0,249,0,249,0,249,0,249,0,249,0,249,0,249,0,249,0,249,0,249,0,249,0,249,0,249,0,249,0,249,0,249,0,249,0,249,0,249,0,249,0,249,0,249,0,249,0,249,0,249,0,249,0,249,0,249,0,249,0,249,0,249,0,249,0,249,0,249,0,249,0,249,0,249,0,249,0,249,0,249,0,249,0,249,0,249,0,249,0,249,0,249,0,249,0,249,0,249,0,249,0,249,0,249,0,249,0,249,0,249,0,249,0,249,0,249,0,249,0,249,0,249,4,249,0,249,0,249,6,249,3,249,0,249,0,249,0,249,0,249,0,249,0,249,0,249,0,249,0,249,0,249,0,249,0,249,0,249,0,249,0,249,0,249,0,249,0,249,0,249,0,249,0,249,0,249,0,249,0,249,0,249,0,249,0,249,0,249,0,249,0,249,0,249,0,249,0,249,0,249,0,249,0,249,0,249,0,249,0,249,0,249,0,249,0,249,0,249,0,249,0,249,0,249,0,249,0,249,0,249,0,249,0,249,0,249,0,249,0,249,0,249,0,249,0,249,0,249,0,249,0,249,0,249,0,249,0,249,0,249,0,249,0,249,0,249,0,249,0,249,0,249,0,249,0,249,0,249,0,249,0,249,0,249,0,249,0,249,0,249,0,249,0,249,0,249,0,249,0,249,0,249,0,249,0,249,0,249,0,249,0,249,0,249,0,249,0,249,0,249,0,249,0,249,0,249,0,249,0,249,0,249,0,249,0,249,0,249,0,249,0,249,0,249,0,249,0,249,0,249,0,249,0,249,0,249,0,249,0,249,0,249,0,249,0,249,0,249,0,249,0,249,0,249,0,249,0,249,0,249,0,249,0,249,0,249,0,249,0,249,0,249,0,249,0,249,0,249,0,249,0,249,0,249,0,249,0,249,0,249,0,249,0,249,0,249,0,249,0,249,0,249,0,249,0,249,0,249,0,249,0,249,0,249,0,249,0,249,0,249,0,249,0,249,0,249,0,249,0,249,0,249,0,249,0,249,0,249,0,249,0,249,0,249,0,249,0,249,0,249,0,249,0,249,0,249,0,249,0,249,0,249,0,249,0,249,0,249,0,249,0,249,0,249,0,249,0,249,0,249,0,249,0,249,0,249,0,249,0,249,0,249,0,249,0,249,0,249,0,249,0,249,0,249,0,249,0,249,0,249,0,249,0,249,0,249,0,249,0,249,0,249,0,249,0,249,0,249,0,249,0,249,0,249,0,249,0,249,0,249,0,249,0,249,0,249,0,249,0,249,0,249,0,249,0,249,0,249,0,249,0,249,0,249,0,249,0,249,0,249,0,249,0,249,0,249,0,249,0,249,0,249,0,249,0,249,0,249,0,249,0,249,0,249,0,249,0,249,0,249,0,249,0,249,0,249,0,249,0,249,0,249,0,249,0,249,0,249,0,249,0,249,0,249,0,249,0,249,0,249,0,249,0,249,0,249,0,249,0,249,0,249,0,249,0,249,0,249,0,249,0,249,0,249,0,249,0,249,0,249,0,249,0
,,250,0,250,0,250,0,250,0,250,0,250,0,250,0,250,0,250,0,250,0,250,0,250,0,250,0,250,0,250,0,250,0,250,0,250,0,250,0,250,0,250,0,250,0,250,0,250,0,250,0,250,0,250,0,250,0,250,0,250,0,250,0,250,0,250,0,250,0,250,0,250,0,250,0,250,0,250,0,250,0,250,0,250,0,250,0,250,0,250,0,250,0,250,0,250,0,250,0,250,0,250,0,250,0,250,0,250,0,250,0,250,0,250,0,250,0,250,0,250,0,250,0,250,0,250,0,250,0,250,0,250,0,250,0,250,0,250,0,250,0,250,0,250,0,250,0,250,0,250,0,250,0,250,0,250,0,250,0,250,0,250,0,250,0,250,0,250,0,250,0,250,0,250,0,250,0,250,0,250,0,250,0,250,0,250,0,250,0,250,0,250,0,250,0,250,0,250,0,250,0,250,0,250,0,250,0,250,0,250,0,250,0,250,0,250,0,250,0,250,0,250,0,250,0,250,0,250,0,250,0,250,0,250,0,250,0,250,0,250,0,250,0,250,0,250,0,250,0,250,0,250,0,250,0,250,0,250,0,250,0,250,0,250,0,250,0,250,0,250,0,250,0,250,0,250,0,250,0,250,0,250,0,250,0,250,2,250,0,250,0,250,0,250,0,250,0,250,0,250,0,250,0,250,0,250,0,250,0,250,0,250,0,250,0,250,0,250,0,250,0,250,0,250,0,250,0,250,0,250,0,250,0,250,0,250,0,250,0,250,0,250,0,250,0,250,0,250,0,250,0,250,0,250,0,250,0,250,0,250,0,250,0,250,0,250,0,250,0,250,0,250,0,250,0,250,0,250,0,250,0,250,0,250,3,250,0,250,0,250,1,250,0,250,0,250,0,250,0,250,0,250,0,250,0,250,0,250,0,250,0,250,0,250,0,250,0,250,0,250,0,250,0,250,0,250,0,250,0,250,0,250,0,250,0,250,0,250,0,250,0,250,0,250,0,250,0,250,0,250,0,250,0,250,0,250,0,250,0,250,0,250,0,250,0,250,0,250,0,250,0,250,0,250,0,250,0,250,0,250,0,250,0,250,0,250,0,250,0,250,0,250,0,250,0,250,0,250,0,250,0,250,0,250,0,250,0,250,0,250,0,250,0,250,0,250,0,250,0,250,0,250,0,250,0,250,0,250,4,250,0,250,0,250,11,250,6,250,0,250,0,250,0,250,0,250,0,250,0,250,0,250,0,250,0,250,0,250,0,250,0,250,0,250,0,250,0,250,0,250,0,250,0,250,0,250,0,250,0,250,0,250,0,250,0,250,0,250,0,250,0,250,0,250,0,250,0,250,0,250,0,250,0,250,0,250,0,250,0,250,0,250,0,250,0,250,0,250,0,250,0,250,0,250,0,250,0,250,0,250,0,250,0,250,0,250,0,250,0,250,0,250,0,250,0,250,0,250,0,250,0,250,0,250,0,250,0,250,0,250,0,250,0,250,0,250,0,250,0,250,0,250,0,250,0,250,0,250,0,250,0,250,0,250,0,250,0,250,0,250,0,250,0,250,0,250,0,250,0,250,0,250,0,250,0,250,0,250,0,250,0,250,0,250,0,250,0,250,0,250,0,250,0,250,0,250,0,250,0,250,0,250,0,250,0,250,0,250,0,250,0,250,0,250,0,250,0,250,0,250,0,250,0,250,0,250,0,250,0,250,0,250,0,250,0,250,0,250,0,250,0,250,0,250,0,250,0,250,0,250,0,250,0,250,0,250,0,250,0,250,0,250,0,250,0,250,0,250,0,250,0,250,0,250,0,250,0,250,0,250,0,250,0,250,0,250,0,250,0,250,0,250,0,250,0,250,0,250,0,250,0,250,0,250,0,250,0,250,0,250,0,250,0,250,0,250,0,250,0,250,0,250,0,250,0,250,0,250,0,250,0,250,0,250,0,250,0,250,0,250,0,250,0,250,0,250,0,250,0,250,0,250,0,250,0,250,0,250,0,250,0,250,0,250,0,250,0,250,0,250,0,250,0,250,0,250,0,250,0,250,0,250,0,250,0,250,0,250,0,250,0,250,0,250,0,250,0,250,0,250,0,250,0,250,0,250,0,250,0,250,0,250,0,250,0,250,0,250,0,250,0,250,0,250,0,250,0,250,0,250,0,250,0,250,0,250,0,250,0,250,0,250,0,250,0,250,0,250,0,250,0,250,0,250,0,250,0,250,0,250,0,250,0,250,0,250,0,250,0,250,0,250,0,250,0,250,0,250,0,250,0,250,0,250,0,250,0,250,0,250,0,250,0,250,0,250,0,250,0,250,0,250,0,250,0,250,0,250,0,250,0,250,0,250,0,250,0,250,0,250,0,250,0,250,0,250,0,250,0,250,0,250,0,250,0,250,0,250,0,250,0,250,0,250,0,250,0,250,0,250,0,250,0,250,0,250,0,250,0
,,251,0,251,0,251,0,251,0,251,0,251,0,251,0,251,0,251,0,251,0,251,0,251,0,251,0,251,0,251,0,251,0,251,0,251,0,251,0,251,0,251,0,251,0,251,0,251,0,251,0,251,0,251,0,251,0,251,0,251,0,251,0,251,0,251,0,251,0,251,0,251,0,251,0,251,0,251,0,251,0,251,0,251,0,251,0,251,0,251,0,251,0,251,0,251,0,251,0,251,0,251,0,251,0,251,0,251,0,251,0,251,0,251,0,251,0,251,0,251,0,251,0,251,0,251,0,251,0,251,0,251,0,251,0,251,0,251,0,251,0,251,0,251,0,251,0,251,0,251,0,251,0,251,0,251,0,251,0,251,0,251,0,251,0,251,0,251,0,251,0,251,0,251,0,251,0,251,0,251,0,251,0,251,0,251,0,251,0,251,0,251,0,251,0,251,0,251,0,251,0,251,0,251,0,251,0,251,0,251,0,251,0,251,0,251,0,251,0,251,0,251,0,251,0,251,0,251,0,251,0,251,0,251,0,251,0,251,0,251,0,251,0,251,0,251,0,251,0,251,0,251,0,251,0,251,0,251,0,251,0,251,0,251,0,251,0,251,0,251,0,251,0,251,0,251,0,251,0,251,0,251,0,251,0,251,1,251,0,251,0,251,0,251,0,251,0,251,0,251,0,251,0,251,0,251,0,251,0,251,0,251,0,251,0,251,0,251,0,251,0,251,0,251,0,251,0,251,0,251,0,251,0,251,0,251,0,251,0,251,0,251,0,251,0,251,0,251,0,251,0,251,0,251,0,251,0,251,0,251,0,251,0,251,0,251,0,251,0,251,0,251,0,251,0,251,0,251,0,251,0,251,0,251,4,251,0,251,0,251,8,251,0,251,0,251,0,251,0,251,0,251,0,251,0,251,0,251,0,251,0,251,0,251,0,251,0,251,0,251,0,251,0,251,0,251,0,251,0,251,0,251,0,251,0,251,0,251,0,251,0,251,0,251,0,251,0,251,0,251,0,251,0,251,0,251,0,251,0,251,0,251,0,251,0,251,0,251,0,251,0,251,0,251,0,251,0,251,0,251,0,251,0,251,0,251,0,251,0,251,0,251,0,251,0,251,0,251,0,251,0,251,0,251,0,251,0,251,0,251,0,251,0,251,0,251,0,251,0,251,0,251,0,251,0,251,0,251,6,251,0,251,0,251,7,251,2,251,0,251,0,251,0,251,0,251,0,251,0,251,0,251,0,251,0,251,0,251,0,251,0,251,0,251,0,251,0,251,0,251,0,251,0,251,0,251,0,251,0,251,0,251,0,251,0,251,0,251,0,251,0,251,0,251,0,251,0,251,0,251,0,251,0,251,0,251,0,251,0,251,0,251,0,251,0,251,0,251,0,251,0,251,0,251,0,251,0,251,0,251,0,251,0,251,0,251,0,251,0,251,0,251,0,251,0,251,0,251,0,251,0,251,0,251,0,251,0,251,0,251,0,251,0,251,0,251,0,251,0,251,0,251,0,251,0,251,0,251,0,251,0,251,0,251,0,251,0,251,0,251,0,251,0,251,0,251,0,251,0,251,0,251,0,251,0,251,0,251,0,251,0,251,0,251,0,251,0,251,0,251,0,251,0,251,0,251,0,251,0,251,0,251,0,251,0,251,0,251,0,251,0,251,0,251,0,251,0,251,0,251,0,251,0,251,0,251,0,251,0,251,0,251,0,251,0,251,0,251,0,251,0,251,0,251,0,251,0,251,0,251,0,251,0,251,0,251,0,251,0,251,0,251,0,251,0,251,0,251,0,251,0,251,0,251,0,251,0,251,0,251,0,251,0,251,0,251,0,251,0,251,0,251,0,251,0,251,0,251,0,251,0,251,0,251,0,251,0,251,0,251,0,251,0,251,0,251,0,251,0,251,0,251,0,251,0,251,0,251,0,251,0,251,0,251,0,251,0,251,0,251,0,251,0,251,0,251,0,251,0,251,0,251,0,251,0,251,0,251,0,251,0,251,0,251,0,251,0,251,0,251,0,251,0,251,0,251,0,251,0,251,0,251,0,251,0,251,0,251,0,251,0,251,0,251,0,251,0,251,0,251,0,251,0,251,0,251,0,251,0,251,0,251,0,251,0,251,0,251,0,251,0,251,0,251,0,251,0,251,0,251,0,251,0,251,0,251,0,251,0,251,0,251,0,251,0,251,0,251,0,251,0,251,0,251,0,251,0,251,0,251,0,251,0,251,0,251,0,251,0,251,0,251,0,251,0,251,0,251,0,251,0,251,0,251,0,251,0,251,0,251,0,251,0,251,0,251,0,251,0,251,0,251,0,251,0,251,0,251,0,251,0,251,0,251,0,251,0,251,0,251,0,251,0,251,0,251,0,251,0,251,0,251,0,251,0,251,0,251,0,251,0,251,0,251,0,251,0,251,0,251,0,251,0,251,0,251,0,251,0
,,252,0,252,0,252,0,252,0,252,0,252,0,252,0,252,0,252,0,252,0,252,0,252,0,252,0,252,0,252,0,252,0,252,0,252,0,252,0,252,0,252,0,252,0,252,0,252,0,252,0,252,0,252,0,252,0,252,0,252,0,252,0,252,0,252,0,252,0,252,0,252,0,252,0,252,0,252,0,252,0,252,0,252,0,252,0,252,0,252,0,252,0,252,0,252,0,252,0,252,0,252,0,252,0,252,0,252,0,252,0,252,0,252,0,252,0,252,0,252,0,252,0,252,0,252,0,252,0,252,0,252,0,252,0,252,0,252,0,252,0,252,0,252,0,252,0,252,0,252,0,252,0,252,0,252,0,252,0,252,0,252,0,252,0,252,0,252,0,252,0,252,0,252,0,252,0,252,0,252,0,252,0,252,0,252,0,252,0,252,0,252,0,252,0,252,0,252,0,252,0,252,0,252,0,252,0,252,0,252,0,252,0,252,0,252,0,252,0,252,0,252,0,252,0,252,0,252,0,252,0,252,0,252,0,252,0,252,0,252,0,252,0,252,0,252,0,252,0,252,0,252,0,252,0,252,0,252,0,252,0,252,0,252,0,252,0,252,0,252,0,252,0,252,0,252,0,252,0,252,0,252,0,252,0,252,1,252,0,252,0,252,0,252,0,252,0,252,0,252,0,252,0,252,0,252,0,252,0,252,0,252,0,252,0,252,0,252,0,252,0,252,0,252,0,252,0,252,0,252,0,252,0,252,0,252,0,252,0,252,0,252,0,252,0,252,0,252,0,252,0,252,0,252,0,252,0,252,0,252,0,252,0,252,0,252,0,252,0,252,0,252,0,252,0,252,0,252,0,252,0,252,0,252,5,252,0,252,0,252,5,252,1,252,0,252,0,252,0,252,0,252,0,252,0,252,0,252,0,252,0,252,0,252,0,252,0,252,0,252,0,252,0,252,0,252,0,252,0,252,0,252,0,252,0,252,0,252,0,252,0,252,0,252,0,252,0,252,0,252,0,252,0,252,0,252,0,252,0,252,0,252,0,252,0,252,0,252,0,252,0,252,0,252,0,252,0,252,0,252,0,252,0,252,0,252,0,252,0,252,0,252,0,252,0,252,0,252,0,252,0,252,0,252,0,252,0,252,0,252,0,252,0,252,0,252,0,252,0,252,0,252,0,252,0,252,0,252,4,252,0,252,0,252,7,252,6,252,0,252,0,252,0,252,0,252,0,252,0,252,0,252,0,252,0,252,0,252,0,252,0,252,0,252,0,252,0,252,0,252,0,252,0,252,0,252,0,252,0,252,0,252,0,252,0,252,0,252,0,252,0,252,0,252,0,252,0,252,0,252,0,252,0,252,0,252,0,252,0,252,0,252,0,252,0,252,0,252,0,252,0,252,0,252,0,252,0,252,0,252,0,252,0,252,0,252,0,252,0,252,0,252,0,252,0,252,0,252,0,252,0,252,0,252,0,252,0,252,0,252,0,252,0,252,0,252,0,252,0,252,0,252,0,252,0,252,0,252,0,252,0,252,0,252,0,252,0,252,0,252,0,252,0,252,0,252,0,252,0,252,0,252,0,252,0,252,0,252,0,252,0,252,0,252,0,252,0,252,0,252,0,252,0,252,0,252,0,252,0,252,0,252,0,252,0,252,0,252,0,252,0,252,0,252,0,252,0,252,0,252,0,252,0,252,0,252,0,252,0,252,0,252,0,252,0,252,0,252,0,252,0,252,0,252,0,252,0,252,0,252,0,252,0,252,0,252,0,252,0,252,0,252,0,252,0,252,0,252,0,252,0,252,0,252,0,252,0,252,0,252,0,252,0,252,0,252,0,252,0,252,0,252,0,252,0,252,0,252,0,252,0,252,0,252,0,252,0,252,0,252,0,252,0,252,0,252,0,252,0,252,0,252,0,252,0,252,0,252,0,252,0,252,0,252,0,252,0,252,0,252,0,252,0,252,0,252,0,252,0,252,0,252,0,252,0,252,0,252,0,252,0,252,0,252,0,252,0,252,0,252,0,252,0,252,0,252,0,252,0,252,0,252,0,252,0,252,0,252,0,252,0,252,0,252,0,252,0,252,0,252,0,252,0,252,0,252,0,252,0,252,0,252,0,252,0,252,0,252,0,252,0,252,0,252,0,252,0,252,0,252,0,252,0,252,0,252,0,252,0,252,0,252,0,252,0,252,0,252,0,252,0,252,0,252,0,252,0,252,0,252,0,252,0,252,0,252,0,252,0,252,0,252,0,252,0,252,0,252,0,252,0,252,0,252,0,252,0,252,0,252,0,252,0,252,0,252,0,252,0,252,0,252,0,252,0,252,0,252,0,252,0,252,0,252,0,252,0,252,0,252,0,252,0,252,0,252,0,252,0,252,0,252,0,252,0,252,0,252,0,252,0,252,0,252,0,252,0,252,0,252,0,252,0,252,0,252,0,252,0
,,253,0,253,0,253,0,253,0,253,0,253,0,253,0,253,0,253,0,253,0,253,0,253,0,253,0,253,0,253,0,253,0,253,0,253,0,253,0,253,0,253,0,253,0,253,0,253,0,253,0,253,0,253,0,253,0,253,0,253,0,253,0,253,0,253,0,253,0,253,0,253,0,253,0,253,0,253,0,253,0,253,0,253,0,253,0,253,0,253,0,253,0,253,0,253,0,253,0,253,0,253,0,253,0,253,0,253,0,253,0,253,0,253,0,253,0,253,0,253,0,253,0,253,0,253,0,253,0,253,0,253,0,253,0,253,0,253,0,253,0,253,0,253,0,253,0,253,0,253,0,253,0,253,0,253,0,253,0,253,0,253,0,253,0,253,0,253,0,253,0,253,0,253,0,253,0,253,0,253,0,253,0,253,0,253,0,253,0,253,0,253,0,253,0,253,0,253,0,253,0,253,0,253,0,253,0,253,0,253,0,253,0,253,0,253,0,253,0,253,0,253,0,253,0,253,0,253,0,253,0,253,0,253,0,253,0,253,0,253,0,253,0,253,0,253,0,253,0,253,0,253,0,253,0,253,0,253,0,253,0,253,0,253,0,253,0,253,0,253,0,253,0,253,0,253,0,253,0,253,0,253,0,253,0,253,0,253,0,253,0,253,0,253,0,253,0,253,0,253,0,253,0,253,0,253,0,253,0,253,0,253,0,253,0,253,0,253,0,253,0,253,0,253,0,253,0,253,0,253,0,253,0,253,0,253,0,253,0,253,0,253,0,253,0,253,0,253,0,253,0,253,0,253,0,253,0,253,0,253,0,253,0,253,0,253,0,253,0,253,0,253,0,253,0,253,0,253,0,253,0,253,0,253,7,253,0,253,0,253,5,253,2,253,0,253,0,253,0,253,0,253,0,253,0,253,0,253,0,253,0,253,0,253,0,253,0,253,0,253,0,253,0,253,0,253,0,253,0,253,0,253,0,253,0,253,0,253,0,253,0,253,0,253,0,253,0,253,0,253,0,253,0,253,0,253,0,253,0,253,0,253,0,253,0,253,0,253,0,253,0,253,0,253,0,253,0,253,0,253,0,253,0,253,0,253,0,253,0,253,0,253,0,253,0,253,0,253,0,253,0,253,0,253,0,253,0,253,0,253,0,253,0,253,0,253,0,253,0,253,0,253,0,253,0,253,0,253,4,253,0,253,0,253,4,253,8,253,0,253,0,253,0,253,0,253,0,253,0,253,0,253,0,253,0,253,0,253,0,253,0,253,0,253,0,253,0,253,0,253,0,253,0,253,0,253,0,253,0,253,0,253,0,253,0,253,0,253,0,253,0,253,0,253,0,253,0,253,0,253,0,253,0,253,0,253,0,253,0,253,0,253,0,253,0,253,0,253,0,253,0,253,0,253,0,253,0,253,0,253,0,253,0,253,0,253,0,253,0,253,0,253,0,253,0,253,0,253,0,253,0,253,0,253,0,253,0,253,0,253,0,253,0,253,0,253,0,253,0,253,0,253,0,253,0,253,0,253,0,253,0,253,0,253,0,253,0,253,0,253,0,253,0,253,0,253,0,253,0,253,0,253,0,253,0,253,0,253,0,253,0,253,0,253,0,253,0,253,0,253,0,253,0,253,0,253,0,253,0,253,0,253,0,253,0,253,0,253,0,253,0,253,0,253,0,253,0,253,0,253,0,253,0,253,0,253,0,253,0,253,0,253,0,253,0,253,0,253,0,253,0,253,0,253,0,253,0,253,0,253,0,253,0,253,0,253,0,253,0,253,0,253,0,253,0,253,0,253,0,253,0,253,0,253,0,253,0,253,0,253,0,253,0,253,0,253,0,253,0,253,0,253,0,253,0,253,0,253,0,253,0,253,0,253,0,253,0,253,0,253,0,253,0,253,0,253,0,253,0,253,0,253,0,253,0,253,0,253,0,253,0,253,0,253,0,253,0,253,0,253,0,253,0,253,0,253,0,253,0,253,0,253,0,253,0,253,0,253,0,253,0,253,0,253,0,253,0,253,0,253,0,253,0,253,0,253,0,253,0,253,0,253,0,253,0,253,0,253,0,253,0,253,0,253,0,253,0,253,0,253,0,253,0,253,0,253,0,253,0,253,0,253,0,253,0,253,0,253,0,253,0,253,0,253,0,253,0,253,0,253,0,253,0,253,0,253,0,253,0,253,0,253,0,253,0,253,0,253,0,253,0,253,0,253,0,253,0,253,0,253,0,253,0,253,0,253,0,253,0,253,0,253,0,253,0,253,0,253,0,253,0,253,0,253,0,253,0,253,0,253,0,253,0,253,0,253,0,253,0,253,0,253,0,253,0,253,0,253,0,253,0,253,0,253,0,253,0,253,0,253,0,253,0,253,0,253,0,253,0,253,0,253,0,253,0,253,0,253,0,253,0,253,0,253,0,253,0,253,0,253,0,253,0,253,0,253,0,253,0
,,254,0,254,0,254,0,254,0,254,0,254,0,254,0,254,0,254,0,254,0,254,0,254,0,254,0,254,0,254,0,254,0,254,0,254,0,254,0,254,0,254,0,254,0,254,0,254,0,254,0,254,0,254,0,254,0,254,0,254,0,254,0,254,0,254,0,254,0,254,0,254,0,254,0,254,0,254,0,254,0,254,0,254,0,254,0,254,0,254,0,254,0,254,0,254,0,254,0,254,0,254,0,254,0,254,0,254,0,254,0,254,0,254,0,254,0,254,0,254,0,254,0,254,0,254,0,254,0,254,0,254,0,254,0,254,0,254,0,254,0,254,0,254,0,254,0,254,0,254,0,254,0,254,0,254,0,254,0,254,0,254,0,254,0,254,0,254,0,254,0,254,0,254,0,254,0,254,0,254,0,254,0,254,0,254,0,254,0,254,0,254,0,254,0,254,0,254,0,254,0,254,0,254,0,254,0,254,0,254,0,254,0,254,0,254,0,254,0,254,0,254,0,254,0,254,0,254,0,254,0,254,0,254,0,254,0,254,0,254,0,254,0,254,0,254,0,254,0,254,0,254,0,254,0,254,0,254,0,254,0,254,0,254,0,254,0,254,0,254,0,254,0,254,0,254,0,254,0,254,0,254,0,254,0,254,0,254,0,254,0,254,0,254,0,254,0,254,0,254,0,254,0,254,0,254,0,254,0,254,0,254,0,254,0,254,0,254,0,254,0,254,0,254,0,254,0,254,0,254,0,254,0,254,0,254,0,254,0,254,0,254,0,254,0,254,0,254,0,254,0,254,0,254,0,254,0,254,0,254,0,254,0,254,0,254,0,254,0,254,0,254,0,254,0,254,0,254,0,254,0,254,0,254,5,254,0,254,0,254,2,254,2,254,0,254,0,254,0,254,0,254,0,254,0,254,0,254,0,254,0,254,0,254,0,254,0,254,0,254,0,254,0,254,0,254,0,254,0,254,0,254,0,254,0,254,0,254,0,254,0,254,0,254,0,254,0,254,0,254,0,254,0,254,0,254,0,254,0,254,0,254,0,254,0,254,0,254,0,254,0,254,0,254,0,254,0,254,0,254,0,254,0,254,0,254,0,254,0,254,0,254,0,254,0,254,0,254,0,254,0,254,0,254,0,254,0,254,0,254,0,254,0,254,0,254,0,254,0,254,0,254,0,254,0,254,0,254,6,254,0,254,0,254,5,254,9,254,0,254,0,254,0,254,0,254,0,254,0,254,0,254,0,254,0,254,0,254,0,254,0,254,0,254,0,254,0,254,0,254,0,254,0,254,0,254,0,254,0,254,0,254,0,254,0,254,0,254,0,254,0,254,0,254,0,254,0,254,0,254,0,254,0,254,0,254,0,254,0,254,0,254,0,254,0,254,0,254,0,254,0,254,0,254,0,254,0,254,0,254,0,254,0,254,0,254,0,254,0,254,0,254,0,254,0,254,0,254,0,254,0,254,0,254,0,254,0,254,0,254,0,254,0,254,0,254,0,254,0,254,0,254,0,254,0,254,0,254,0,254,0,254,0,254,0,254,0,254,0,254,0,254,0,254,0,254,0,254,0,254,0,254,0,254,0,254,0,254,0,254,0,254,0,254,0,254,0,254,0,254,0,254,0,254,0,254,0,254,0,254,0,254,0,254,0,254,0,254,0,254,0,254,0,254,0,254,0,254,0,254,0,254,0,254,0,254,0,254,0,254,0,254,0,254,0,254,0,254,0,254,0,254,0,254,0,254,0,254,0,254,0,254,0,254,0,254,0,254,0,254,0,254,0,254,0,254,0,254,0,254,0,254,0,254,0,254,0,254,0,254,0,254,0,254,0,254,0,254,0,254,0,254,0,254,0,254,0,254,0,254,0,254,0,254,0,254,0,254,0,254,0,254,0,254,0,254,0,254,0,254,0,254,0,254,0,254,0,254,0,254,0,254,0,254,0,254,0,254,0,254,0,254,0,254,0,254,0,254,0,254,0,254,0,254,0,254,0,254,0,254,0,254,0,254,0,254,0,254,0,254,0,254,0,254,0,254,0,254,0,254,0,254,0,254,0,254,0,254,0,254,0,254,0,254,0,254,0,254,0,254,0,254,0,254,0,254,0,254,0,254,0,254,0,254,0,254,0,254,0,254,0,254,0,254,0,254,0,254,0,254,0,254,0,254,0,254,0,254,0,254,0,254,0,254,0,254,0,254,0,254,0,254,0,254,0,254,0,254,0,254,0,254,0,254,0,254,0,254,0,254,0,254,0,254,0,254,0,254,0,254,0,254,0,254,0,254,0,254,0,254,0,254,0,254,0,254,0,254,0,254,0,254,0,254,0,254,0,254,0,254,0,254,0,254,0,254,0,254,0,254,0,254,0,254,0,254,0,254,0,254,0,254,0,254,0,254,0,254,0,254,0,254,0,254,0,254,0,254,0,254,0,254,0,254,0,254,0,254,0
,,255,0,255,0,255,0,255,0,255,0,255,0,255,0,255,0,255,0,255,0,255,0,255,0,255,0,255,0,255,0,255,0,255,0,255,0,255,0,255,0,255,0,255,0,255,0,255,0,255,0,255,0,255,0,255,0,255,0,255,0,255,0,255,0,255,0,255,0,255,0,255,0,255,0,255,0,255,0,255,0,255,0,255,0,255,0,255,0,255,0,255,0,255,0,255,0,255,0,255,0,255,0,255,0,255,0,255,0,255,0,255,0,255,0,255,0,255,0,255,0,255,0,255,0,255,0,255,0,255,0,255,0,255,0,255,0,255,0,255,0,255,0,255,0,255,0,255,0,255,0,255,0,255,0,255,0,255,0,255,0,255,0,255,0,255,0,255,0,255,0,255,0,255,0,255,0,255,0,255,0,255,0,255,0,255,0,255,0,255,0,255,0,255,0,255,0,255,0,255,0,255,0,255,0,255,0,255,0,255,0,255,0,255,0,255,0,255,0,255,0,255,0,255,0,255,0,255,0,255,0,255,0,255,0,255,0,255,0,255,0,255,0,255,0,255,0,255,0,255,0,255,0,255,0,255,0,255,0,255,0,255,0,255,0,255,0,255,0,255,0,255,0,255,0,255,0,255,0,255,0,255,0,255,0,255,1,255,0,255,0,255,0,255,0,255,0,255,0,255,0,255,0,255,0,255,0,255,0,255,0,255,0,255,0,255,0,255,0,255,0,255,0,255,0,255,0,255,0,255,0,255,0,255,0,255,0,255,0,255,0,255,0,255,0,255,0,255,0,255,0,255,0,255,0,255,0,255,0,255,0,255,0,255,0,255,0,255,0,255,0,255,0,255,0,255,0,255,0,255,0,255,0,255,8,255,0,255,0,255,5,255,1,255,0,255,0,255,0,255,0,255,0,255,0,255,0,255,0,255,0,255,0,255,0,255,0,255,0,255,0,255,0,255,0,255,0,255,0,255,0,255,0,255,0,255,0,255,0,255,0,255,0,255,0,255,0,255,0,255,0,255,0,255,0,255,0,255,0,255,0,255,0,255,0,255,0,255,0,255,0,255,0,255,0,255,0,255,0,255,0,255,0,255,0,255,0,255,0,255,0,255,0,255,0,255,0,255,0,255,0,255,0,255,0,255,0,255,0,255,0,255,0,255,0,255,0,255,0,255,0,255,0,255,0,255,0,255,3,255,0,255,0,255,7,255,7,255,0,255,0,255,0,255,0,255,0,255,0,255,0,255,0,255,0,255,0,255,0,255,0,255,0,255,0,255,0,255,0,255,0,255,0,255,0,255,0,255,0,255,0,255,0,255,0,255,0,255,0,255,0,255,0,255,0,255,0,255,0,255,0,255,0,255,0,255,0,255,0,255,0,255,0,255,0,255,0,255,0,255,0,255,0,255,0,255,0,255,0,255,0,255,0,255,0,255,0,255,0,255,0,255,0,255,0,255,0,255,0,255,0,255,0,255,0,255,0,255,0,255,0,255,0,255,0,255,0,255,0,255,0,255,0,255,0,255,0,255,0,255,0,255,0,255,0,255,0,255,0,255,0,255,0,255,0,255,0,255,0,255,0,255,0,255,0,255,0,255,0,255,0,255,0,255,0,255,0,255,0,255,0,255,0,255,0,255,0,255,0,255,0,255,0,255,0,255,0,255,0,255,0,255,0,255,0,255,0,255,0,255,0,255,0,255,0,255,0,255,0,255,0,255,0,255,0,255,0,255,0,255,0,255,0,255,0,255,0,255,0,255,0,255,0,255,0,255,0,255,0,255,0,255,0,255,0,255,0,255,0,255,0,255,0,255,0,255,0,255,0,255,0,255,0,255,0,255,0,255,0,255,0,255,0,255,0,255,0,255,0,255,0,255,0,255,0,255,0,255,0,255,0,255,0,255,0,255,0,255,0,255,0,255,0,255,0,255,0,255,0,255,0,255,0,255,0,255,0,255,0,255,0,255,0,255,0,255,0,255,0,255,0,255,0,255,0,255,0,255,0,255,0,255,0,255,0,255,0,255,0,255,0,255,0,255,0,255,0,255,0,255,0,255,0,255,0,255,0,255,0,255,0,255,0,255,0,255,0,255,0,255,0,255,0,255,0,255,0,255,0,255,0,255,0,255,0,255,0,255,0,255,0,255,0,255,0,255,0,255,0,255,0,255,0,255,0,255,0,255,0,255,0,255,0,255,0,255,0,255,0,255,0,255,0,255,0,255,0,255,0,255,0,255,0,255,0,255,0,255,0,255,0,255,0,255,0,255,0,255,0,255,0,255,0,255,0,255,0,255,0,255,0,255,0,255,0,255,0,255,0,255,0,255,0,255,0,255,0,255,0,255,0,255,0,255,0,255,0,255,0,255,0,255,0,255,0,255,0,255,0,255,0,255,0,255,0,255,0,255,0,255,0,255,0,255,0,255,0,255,0,255,0,255,0,255,0,255,0,255,0
,,256,0,256,0,256,0,256,0,256,0,256,0,256,0,256,0,256,0,256,0,256,0,256,0,256,0,256,0,256,0,256,0,256,0,256,0,256,0,256,0,256,0,256,0,256,0,256,0,256,0,256,0,256,0,256,0,256,0,256,0,256,0,256,0,256,0,256,0,256,0,256,0,256,0,256,0,256,0,256,0,256,0,256,0,256,0,256,0,256,0,256,0,256,0,256,0,256,0,256,0,256,0,256,0,256,0,256,0,256,0,256,0,256,0,256,0,256,0,256,0,256,0,256,0,256,0,256,0,256,0,256,0,256,0,256,0,256,0,256,0,256,0,256,0,256,0,256,0,256,0,256,0,256,0,256,0,256,0,256,0,256,0,256,0,256,0,256,0,256,0,256,0,256,0,256,0,256,0,256,0,256,0,256,0,256,0,256,0,256,0,256,0,256,0,256,0,256,0,256,0,256,0,256,0,256,0,256,0,256,0,256,0,256,0,256,0,256,0,256,0,256,0,256,0,256,0,256,0,256,0,256,0,256,0,256,0,256,0,256,0,256,0,256,0,256,0,256,0,256,0,256,0,256,0,256,0,256,0,256,0,256,0,256,0,256,0,256,0,256,0,256,0,256,0,256,0,256,0,256,0,256,0,256,0,256,0,256,0,256,0,256,0,256,0,256,0,256,0,256,0,256,0,256,0,256,0,256,0,256,0,256,0,256,0,256,0,256,0,256,0,256,0,256,0,256,0,256,0,256,0,256,0,256,0,256,0,256,0,256,0,256,0,256,0,256,0,256,0,256,0,256,0,256,0,256,0,256,0,256,0,256,0,256,0,256,0,256,0,256,0,256,0,256,0,256,0,256,0,256,0,256,0,256,6,256,0,256,0,256,1,256,2,256,0,256,0,256,0,256,0,256,0,256,0,256,0,256,0,256,0,256,0,256,0,256,0,256,0,256,0,256,0,256,0,256,0,256,0,256,0,256,0,256,0,256,0,256,0,256,0,256,0,256,0,256,0,256,0,256,0,256,0,256,0,256,0,256,0,256,0,256,0,256,0,256,0,256,0,256,0,256,0,256,0,256,0,256,0,256,0,256,0,256,0,256,0,256,0,256,0,256,0,256,0,256,0,256,0,256,0,256,0,256,0,256,0,256,0,256,0,256,0,256,0,256,0,256,0,256,0,256,0,256,0,256,0,256,5,256,0,256,0,256,4,256,11,256,0,256,0,256,0,256,0,256,0,256,0,256,0,256,0,256,0,256,0,256,0,256,0,256,0,256,0,256,0,256,0,256,0,256,0,256,0,256,0,256,0,256,0,256,0,256,0,256,0,256,0,256,0,256,0,256,0,256,0,256,0,256,0,256,0,256,0,256,0,256,0,256,0,256,0,256,0,256,0,256,0,256,0,256,0,256,0,256,0,256,0,256,0,256,0,256,0,256,0,256,0,256,0,256,0,256,0,256,0,256,0,256,0,256,0,256,0,256,0,256,0,256,0,256,0,256,0,256,0,256,0,256,0,256,0,256,0,256,0,256,0,256,0,256,0,256,0,256,0,256,0,256,0,256,0,256,0,256,0,256,0,256,0,256,0,256,0,256,0,256,0,256,0,256,0,256,0,256,0,256,0,256,0,256,0,256,0,256,0,256,0,256,0,256,0,256,0,256,0,256,0,256,0,256,0,256,0,256,0,256,0,256,0,256,0,256,0,256,0,256,0,256,0,256,0,256,0,256,0,256,0,256,0,256,0,256,0,256,0,256,0,256,0,256,0,256,0,256,0,256,0,256,0,256,0,256,0,256,0,256,0,256,0,256,0,256,0,256,0,256,0,256,0,256,0,256,0,256,0,256,0,256,0,256,0,256,0,256,0,256,0,256,0,256,0,256,0,256,0,256,0,256,0,256,0,256,0,256,0,256,0,256,0,256,0,256,0,256,0,256,0,256,0,256,0,256,0,256,0,256,0,256,0,256,0,256,0,256,0,256,0,256,0,256,0,256,0,256,0,256,0,256,0,256,0,256,0,256,0,256,0,256,0,256,0,256,0,256,0,256,0,256,0,256,0,256,0,256,0,256,0,256,0,256,0,256,0,256,0,256,0,256,0,256,0,256,0,256,0,256,0,256,0,256,0,256,0,256,0,256,0,256,0,256,0,256,0,256,0,256,0,256,0,256,0,256,0,256,0,256,0,256,0,256,0,256,0,256,0,256,0,256,0,256,0,256,0,256,0,256,0,256,0,256,0,256,0,256,0,256,0,256,0,256,0,256,0,256,0,256,0,256,0,256,0,256,0,256,0,256,0,256,0,256,0,256,0,256,0,256,0,256,0,256,0,256,0,256,0,256,0,256,0,256,0,256,0,256,0,256,0,256,0,256,0,256,0,256,0,256,0,256,0,256,0,256,0,256,0,256,0,256,0,256,0,256,0,256,0,256,0,256,0,256,0,256,0,256,0,256,0
,,257,0,257,0,257,0,257,0,257,0,257,0,257,0,257,0,257,0,257,0,257,0,257,0,257,0,257,0,257,0,257,0,257,0,257,0,257,0,257,0,257,0,257,0,257,0,257,0,257,0,257,0,257,0,257,0,257,0,257,0,257,0,257,0,257,0,257,0,257,0,257,0,257,0,257,0,257,0,257,0,257,0,257,0,257,0,257,0,257,0,257,0,257,0,257,0,257,0,257,0,257,0,257,0,257,0,257,0,257,0,257,0,257,0,257,0,257,0,257,0,257,0,257,0,257,0,257,0,257,0,257,0,257,0,257,0,257,0,257,0,257,0,257,0,257,0,257,0,257,0,257,0,257,0,257,0,257,0,257,0,257,0,257,0,257,0,257,0,257,0,257,0,257,0,257,0,257,0,257,0,257,0,257,0,257,0,257,0,257,0,257,0,257,0,257,0,257,0,257,0,257,0,257,0,257,0,257,0,257,0,257,0,257,0,257,0,257,0,257,0,257,0,257,0,257,0,257,0,257,0,257,0,257,0,257,0,257,0,257,0,257,0,257,0,257,0,257,0,257,0,257,0,257,0,257,0,257,0,257,0,257,0,257,0,257,0,257,0,257,0,257,0,257,0,257,0,257,0,257,0,257,0,257,0,257,1,257,0,257,0,257,0,257,0,257,0,257,0,257,0,257,0,257,0,257,0,257,0,257,0,257,0,257,0,257,0,257,0,257,0,257,0,257,0,257,0,257,0,257,0,257,0,257,0,257,0,257,0,257,0,257,0,257,0,257,0,257,0,257,0,257,0,257,0,257,0,257,0,257,0,257,0,257,0,257,0,257,0,257,0,257,0,257,0,257,0,257,0,257,0,257,0,257,2,257,0,257,0,257,5,257,1,257,0,257,0,257,0,257,0,257,0,257,0,257,0,257,0,257,0,257,0,257,0,257,0,257,0,257,0,257,0,257,0,257,0,257,0,257,0,257,0,257,0,257,0,257,0,257,0,257,0,257,0,257,0,257,0,257,0,257,0,257,0,257,0,257,0,257,0,257,0,257,0,257,0,257,0,257,0,257,0,257,0,257,0,257,0,257,0,257,0,257,0,257,0,257,0,257,0,257,0,257,0,257,0,257,0,257,0,257,0,257,0,257,0,257,0,257,0,257,0,257,0,257,0,257,0,257,0,257,0,257,0,257,0,257,9,257,0,257,0,257,8,257,5,257,0,257,0,257,0,257,0,257,0,257,0,257,0,257,0,257,0,257,0,257,0,257,0,257,0,257,0,257,0,257,0,257,0,257,0,257,0,257,0,257,0,257,0,257,0,257,0,257,0,257,0,257,0,257,0,257,0,257,0,257,0,257,0,257,0,257,0,257,0,257,0,257,0,257,0,257,0,257,0,257,0,257,0,257,0,257,0,257,0,257,0,257,0,257,0,257,0,257,0,257,0,257,0,257,0,257,0,257,0,257,0,257,0,257,0,257,0,257,0,257,0,257,0,257,0,257,0,257,0,257,0,257,0,257,0,257,0,257,0,257,0,257,0,257,0,257,0,257,0,257,0,257,0,257,0,257,0,257,0,257,0,257,0,257,0,257,0,257,0,257,0,257,0,257,0,257,0,257,0,257,0,257,0,257,0,257,0,257,0,257,0,257,0,257,0,257,0,257,0,257,0,257,0,257,0,257,0,257,0,257,0,257,0,257,0,257,0,257,0,257,0,257,0,257,0,257,0,257,0,257,0,257,0,257,0,257,0,257,0,257,0,257,0,257,0,257,0,257,0,257,0,257,0,257,0,257,0,257,0,257,0,257,0,257,0,257,0,257,0,257,0,257,0,257,0,257,0,257,0,257,0,257,0,257,0,257,0,257,0,257,0,257,0,257,0,257,0,257,0,257,0,257,0,257,0,257,0,257,0,257,0,257,0,257,0,257,0,257,0,257,0,257,0,257,0,257,0,257,0,257,0,257,0,257,0,257,0,257,0,257,0,257,0,257,0,257,0,257,0,257,0,257,0,257,0,257,0,257,0,257,0,257,0,257,0,257,0,257,0,257,0,257,0,257,0,257,0,257,0,257,0,257,0,257,0,257,0,257,0,257,0,257,0,257,0,257,0,257,0,257,0,257,0,257,0,257,0,257,0,257,0,257,0,257,0,257,0,257,0,257,0,257,0,257,0,257,0,257,0,257,0,257,0,257,0,257,0,257,0,257,0,257,0,257,0,257,0,257,0,257,0,257,0,257,0,257,0,257,0,257,0,257,0,257,0,257,0,257,0,257,0,257,0,257,0,257,0,257,0,257,0,257,0,257,0,257,0,257,0,257,0,257,0,257,0,257,0,257,0,257,0,257,0,257,0,257,0,257,0,257,0,257,0,257,0,257,0,257,0,257,0,257,0,257,0,257,0,257,0,257,0,257,0,257,0,257,0,257,0,257,0,257,0,257,0,257,0,257,0,257,0
,,258,0,258,0,258,0,258,0,258,0,258,0,258,0,258,0,258,0,258,0,258,0,258,0,258,0,258,0,258,0,258,0,258,0,258,0,258,0,258,0,258,0,258,0,258,0,258,0,258,0,258,0,258,0,258,0,258,0,258,0,258,0,258,0,258,0,258,0,258,0,258,0,258,0,258,0,258,0,258,0,258,0,258,0,258,0,258,0,258,0,258,0,258,0,258,0,258,0,258,0,258,0,258,0,258,0,258,0,258,0,258,0,258,0,258,0,258,0,258,0,258,0,258,0,258,0,258,0,258,0,258,0,258,0,258,0,258,0,258,0,258,0,258,0,258,0,258,0,258,0,258,0,258,0,258,0,258,0,258,0,258,0,258,0,258,0,258,0,258,0,258,0,258,0,258,0,258,0,258,0,258,0,258,0,258,0,258,0,258,0,258,0,258,0,258,0,258,0,258,0,258,0,258,0,258,0,258,0,258,0,258,0,258,0,258,0,258,0,258,0,258,0,258,0,258,0,258,0,258,0,258,0,258,0,258,0,258,0,258,0,258,0,258,0,258,0,258,0,258,0,258,0,258,0,258,0,258,0,258,0,258,0,258,0,258,0,258,0,258,0,258,0,258,0,258,0,258,0,258,0,258,0,258,0,258,1,258,0,258,0,258,0,258,0,258,0,258,0,258,0,258,0,258,0,258,0,258,0,258,0,258,0,258,0,258,0,258,0,258,0,258,0,258,0,258,0,258,0,258,0,258,0,258,0,258,0,258,0,258,0,258,0,258,0,258,0,258,0,258,0,258,0,258,0,258,0,258,0,258,0,258,0,258,0,258,0,258,0,258,0,258,0,258,0,258,0,258,0,258,0,258,0,258,5,258,0,258,0,258,3,258,1,258,0,258,0,258,0,258,0,258,0,258,0,258,0,258,0,258,0,258,0,258,0,258,0,258,0,258,0,258,0,258,0,258,0,258,0,258,0,258,0,258,0,258,0,258,0,258,0,258,0,258,0,258,0,258,0,258,0,258,0,258,0,258,0,258,0,258,0,258,0,258,0,258,0,258,0,258,0,258,0,258,0,258,0,258,0,258,0,258,0,258,0,258,0,258,0,258,0,258,0,258,0,258,0,258,0,258,0,258,0,258,0,258,0,258,0,258,0,258,0,258,0,258,0,258,0,258,0,258,0,258,0,258,0,258,3,258,0,258,0,258,8,258,5,258,0,258,0,258,0,258,0,258,0,258,0,258,0,258,0,258,0,258,0,258,0,258,0,258,0,258,0,258,0,258,0,258,0,258,0,258,0,258,0,258,0,258,0,258,0,258,0,258,0,258,0,258,0,258,0,258,0,258,0,258,0,258,0,258,0,258,0,258,0,258,0,258,0,258,0,258,0,258,0,258,0,258,0,258,0,258,0,258,0,258,0,258,0,258,0,258,0,258,0,258,0,258,0,258,0,258,0,258,0,258,0,258,0,258,0,258,0,258,0,258,0,258,0,258,0,258,0,258,0,258,0,258,0,258,0,258,0,258,0,258,0,258,0,258,0,258,0,258,0,258,0,258,0,258,0,258,0,258,0,258,0,258,0,258,0,258,0,258,0,258,0,258,0,258,0,258,0,258,0,258,0,258,0,258,0,258,0,258,0,258,0,258,0,258,0,258,0,258,0,258,0,258,0,258,0,258,0,258,0,258,0,258,0,258,0,258,0,258,0,258,0,258,0,258,0,258,0,258,0,258,0,258,0,258,0,258,0,258,0,258,0,258,0,258,0,258,0,258,0,258,0,258,0,258,0,258,0,258,0,258,0,258,0,258,0,258,0,258,0,258,0,258,0,258,0,258,0,258,0,258,0,258,0,258,0,258,0,258,0,258,0,258,0,258,0,258,0,258,0,258,0,258,0,258,0,258,0,258,0,258,0,258,0,258,0,258,0,258,0,258,0,258,0,258,0,258,0,258,0,258,0,258,0,258,0,258,0,258,0,258,0,258,0,258,0,258,0,258,0,258,0,258,0,258,0,258,0,258,0,258,0,258,0,258,0,258,0,258,0,258,0,258,0,258,0,258,0,258,0,258,0,258,0,258,0,258,0,258,0,258,0,258,0,258,0,258,0,258,0,258,0,258,0,258,0,258,0,258,0,258,0,258,0,258,0,258,0,258,0,258,0,258,0,258,0,258,0,258,0,258,0,258,0,258,0,258,0,258,0,258,0,258,0,258,0,258,0,258,0,258,0,258,0,258,0,258,0,258,0,258,0,258,0,258,0,258,0,258,0,258,0,258,0,258,0,258,0,258,0,258,0,258,0,258,0,258,0,258,0,258,0,258,0,258,0,258,0,258,0,258,0,258,0,258,0,258,0,258,0,258,0,258,0,258,0,258,0,258,0,258,0,258,0,258,0,258,0,258,0,258,0,258,0,258,0,258,0,258,0,258,0,258,0,258,0,258,0,258,0,258,0
,,259,0,259,0,259,0,259,0,259,0,259,0,259,0,259,0,259,0,259,0,259,0,259,0,259,0,259,0,259,0,259,0,259,0,259,0,259,0,259,0,259,0,259,0,259,0,259,0,259,0,259,0,259,0,259,0,259,0,259,0,259,0,259,0,259,0,259,0,259,0,259,0,259,0,259,0,259,0,259,0,259,0,259,0,259,0,259,0,259,0,259,0,259,0,259,0,259,0,259,0,259,0,259,0,259,0,259,0,259,0,259,0,259,0,259,0,259,0,259,0,259,0,259,0,259,0,259,0,259,0,259,0,259,0,259,0,259,0,259,0,259,0,259,0,259,0,259,0,259,0,259,0,259,0,259,0,259,0,259,0,259,0,259,0,259,0,259,0,259,0,259,0,259,0,259,0,259,0,259,0,259,0,259,0,259,0,259,0,259,0,259,0,259,0,259,0,259,0,259,0,259,0,259,0,259,0,259,0,259,0,259,0,259,0,259,0,259,0,259,0,259,0,259,0,259,0,259,0,259,0,259,0,259,0,259,0,259,0,259,0,259,0,259,0,259,0,259,0,259,0,259,0,259,0,259,0,259,0,259,0,259,0,259,0,259,0,259,0,259,0,259,0,259,0,259,0,259,0,259,0,259,0,259,0,259,2,259,0,259,0,259,0,259,0,259,0,259,0,259,0,259,0,259,0,259,0,259,0,259,0,259,0,259,0,259,0,259,0,259,0,259,0,259,0,259,0,259,0,259,0,259,0,259,0,259,0,259,0,259,0,259,0,259,0,259,0,259,0,259,0,259,0,259,0,259,0,259,0,259,0,259,0,259,0,259,0,259,0,259,0,259,0,259,0,259,0,259,0,259,0,259,0,259,1,259,0,259,0,259,10,259,0,259,0,259,0,259,0,259,0,259,0,259,0,259,0,259,0,259,0,259,0,259,0,259,0,259,0,259,0,259,0,259,0,259,0,259,0,259,0,259,0,259,0,259,0,259,0,259,0,259,0,259,0,259,0,259,0,259,0,259,0,259,0,259,0,259,0,259,0,259,0,259,0,259,0,259,0,259,0,259,0,259,0,259,0,259,0,259,0,259,0,259,0,259,0,259,0,259,0,259,0,259,0,259,0,259,0,259,0,259,0,259,0,259,0,259,0,259,0,259,0,259,0,259,0,259,0,259,0,259,0,259,0,259,0,259,6,259,0,259,0,259,6,259,0,259,0,259,0,259,0,259,0,259,0,259,0,259,0,259,0,259,0,259,0,259,0,259,0,259,0,259,0,259,0,259,0,259,0,259,0,259,0,259,0,259,0,259,0,259,0,259,0,259,0,259,0,259,0,259,0,259,0,259,0,259,0,259,0,259,0,259,0,259,0,259,0,259,0,259,0,259,0,259,0,259,0,259,0,259,0,259,0,259,0,259,0,259,0,259,0,259,0,259,0,259,0,259,0,259,0,259,0,259,0,259,0,259,0,259,0,259,0,259,0,259,0,259,0,259,0,259,0,259,0,259,0,259,0,259,0,259,0,259,0,259,0,259,0,259,0,259,0,259,0,259,0,259,0,259,0,259,0,259,0,259,0,259,0,259,0,259,0,259,0,259,0,259,0,259,0,259,0,259,0,259,0,259,0,259,0,259,0,259,0,259,0,259,0,259,0,259,0,259,0,259,0,259,0,259,0,259,0,259,0,259,0,259,0,259,0,259,0,259,0,259,0,259,0,259,0,259,0,259,0,259,0,259,0,259,0,259,0,259,0,259,0,259,0,259,0,259,0,259,0,259,0,259,0,259,0,259,0,259,0,259,0,259,0,259,0,259,0,259,0,259,0,259,0,259,0,259,0,259,0,259,0,259,0,259,0,259,0,259,0,259,0,259,0,259,0,259,0,259,0,259,0,259,0,259,0,259,0,259,0,259,0,259,0,259,0,259,0,259,0,259,0,259,0,259,0,259,0,259,0,259,0,259,0,259,0,259,0,259,0,259,0,259,0,259,0,259,0,259,0,259,0,259,0,259,0,259,0,259,0,259,0,259,0,259,0,259,0,259,0,259,0,259,0,259,0,259,0,259,0,259,0,259,0,259,0,259,0,259,0,259,0,259,0,259,0,259,0,259,0,259,0,259,0,259,0,259,0,259,0,259,0,259,0,259,0,259,0,259,0,259,0,259,0,259,0,259,0,259,0,259,0,259,0,259,0,259,0,259,0,259,0,259,0,259,0,259,0,259,0,259,0,259,0,259,0,259,0,259,0,259,0,259,0,259,0,259,0,259,0,259,0,259,0,259,0,259,0,259,0,259,0,259,0,259,0,259,0,259,0,259,0,259,0,259,0,259,0,259,0,259,0,259,0,259,0,259,0,259,0,259,0,259,0,259,0,259,0,259,0,259,0,259,0,259,0,259,0,259,0,259,0,259,0,259,0,259,0,259,0,259,0,259,0,259,0,259,0,259,0,259,0
,,260,0,260,0,260,0,260,0,260,0,260,0,260,0,260,0,260,0,260,0,260,0,260,0,260,0,260,0,260,0,260,0,260,0,260,0,260,0,260,0,260,0,260,0,260,0,260,0,260,0,260,0,260,0,260,0,260,0,260,0,260,0,260,0,260,0,260,0,260,0,260,0,260,0,260,0,260,0,260,0,260,0,260,0,260,0,260,0,260,0,260,0,260,0,260,0,260,0,260,0,260,0,260,0,260,0,260,0,260,0,260,0,260,0,260,0,260,0,260,0,260,0,260,0,260,0,260,0,260,0,260,0,260,0,260,0,260,0,260,0,260,0,260,0,260,0,260,0,260,0,260,0,260,0,260,0,260,0,260,0,260,0,260,0,260,0,260,0,260,0,260,0,260,0,260,0,260,0,260,0,260,0,260,0,260,0,260,0,260,0,260,0,260,0,260,0,260,0,260,0,260,0,260,0,260,0,260,0,260,0,260,0,260,0,260,0,260,0,260,0,260,0,260,0,260,0,260,0,260,0,260,0,260,0,260,0,260,0,260,0,260,0,260,0,260,0,260,0,260,0,260,0,260,0,260,0,260,0,260,0,260,0,260,0,260,0,260,0,260,0,260,0,260,0,260,0,260,0,260,0,260,0,260,0,260,0,260,0,260,0,260,0,260,0,260,0,260,0,260,0,260,0,260,0,260,0,260,0,260,0,260,0,260,0,260,0,260,0,260,0,260,0,260,0,260,0,260,0,260,0,260,0,260,0,260,0,260,0,260,0,260,0,260,0,260,0,260,0,260,0,260,0,260,0,260,0,260,0,260,0,260,0,260,0,260,0,260,0,260,0,260,0,260,0,260,0,260,0,260,0,260,0,260,7,260,0,260,0,260,9,260,1,260,0,260,0,260,0,260,0,260,0,260,0,260,0,260,0,260,0,260,0,260,0,260,0,260,0,260,0,260,0,260,0,260,0,260,0,260,0,260,0,260,0,260,0,260,0,260,0,260,0,260,0,260,0,260,0,260,0,260,0,260,0,260,0,260,0,260,0,260,0,260,0,260,0,260,0,260,0,260,0,260,0,260,0,260,0,260,0,260,0,260,0,260,0,260,0,260,0,260,0,260,0,260,0,260,0,260,0,260,0,260,0,260,0,260,0,260,0,260,0,260,0,260,0,260,0,260,0,260,0,260,0,260,0,260,4,260,0,260,0,260,6,260,3,260,0,260,0,260,0,260,0,260,0,260,0,260,0,260,0,260,0,260,0,260,0,260,0,260,0,260,0,260,0,260,0,260,0,260,0,260,0,260,0,260,0,260,0,260,0,260,0,260,0,260,0,260,0,260,0,260,0,260,0,260,0,260,0,260,0,260,0,260,0,260,0,260,0,260,0,260,0,260,0,260,0,260,0,260,0,260,0,260,0,260,0,260,0,260,0,260,0,260,0,260,0,260,0,260,0,260,0,260,0,260,0,260,0,260,0,260,0,260,0,260,0,260,0,260,0,260,0,260,0,260,0,260,0,260,0,260,0,260,0,260,0,260,0,260,0,260,0,260,0,260,0,260,0,260,0,260,0,260,0,260,0,260,0,260,0,260,0,260,0,260,0,260,0,260,0,260,0,260,0,260,0,260,0,260,0,260,0,260,0,260,0,260,0,260,0,260,0,260,0,260,0,260,0,260,0,260,0,260,0,260,0,260,0,260,0,260,0,260,0,260,0,260,0,260,0,260,0,260,0,260,0,260,0,260,0,260,0,260,0,260,0,260,0,260,0,260,0,260,0,260,0,260,0,260,0,260,0,260,0,260,0,260,0,260,0,260,0,260,0,260,0,260,0,260,0,260,0,260,0,260,0,260,0,260,0,260,0,260,0,260,0,260,0,260,0,260,0,260,0,260,0,260,0,260,0,260,0,260,0,260,0,260,0,260,0,260,0,260,0,260,0,260,0,260,0,260,0,260,0,260,0,260,0,260,0,260,0,260,0,260,0,260,0,260,0,260,0,260,0,260,0,260,0,260,0,260,0,260,0,260,0,260,0,260,0,260,0,260,0,260,0,260,0,260,0,260,0,260,0,260,0,260,0,260,0,260,0,260,0,260,0,260,0,260,0,260,0,260,0,260,0,260,0,260,0,260,0,260,0,260,0,260,0,260,0,260,0,260,0,260,0,260,0,260,0,260,0,260,0,260,0,260,0,260,0,260,0,260,0,260,0,260,0,260,0,260,0,260,0,260,0,260,0,260,0,260,0,260,0,260,0,260,0,260,0,260,0,260,0,260,0,260,0,260,0,260,0,260,0,260,0,260,0,260,0,260,0,260,0,260,0,260,0,260,0,260,0,260,0,260,0,260,0,260,0,260,0,260,0,260,0,260,0,260,0,260,0,260,0,260,0,260,0,260,0,260,0,260,0,260,0,260,0,260,0,260,0,260,0,260,0,260,0,260,0,260,0,260,0,260,0
,,261,0,261,0,261,0,261,0,261,0,261,0,261,0,261,0,261,0,261,0,261,0,261,0,261,0,261,0,261,0,261,0,261,0,261,0,261,0,261,0,261,0,261,0,261,0,261,0,261,0,261,0,261,0,261,0,261,0,261,0,261,0,261,0,261,0,261,0,261,0,261,0,261,0,261,0,261,0,261,0,261,0,261,0,261,0,261,0,261,0,261,0,261,0,261,0,261,0,261,0,261,0,261,0,261,0,261,0,261,0,261,0,261,0,261,0,261,0,261,0,261,0,261,0,261,0,261,0,261,0,261,0,261,0,261,0,261,0,261,0,261,0,261,0,261,0,261,0,261,0,261,0,261,0,261,0,261,0,261,0,261,0,261,0,261,0,261,0,261,0,261,0,261,0,261,0,261,0,261,0,261,0,261,0,261,0,261,0,261,0,261,0,261,0,261,0,261,0,261,0,261,0,261,0,261,0,261,0,261,0,261,0,261,0,261,0,261,0,261,0,261,0,261,0,261,0,261,0,261,0,261,0,261,0,261,0,261,0,261,0,261,0,261,0,261,0,261,0,261,0,261,0,261,0,261,0,261,0,261,0,261,0,261,0,261,0,261,0,261,0,261,0,261,0,261,0,261,0,261,0,261,0,261,0,261,1,261,0,261,0,261,0,261,0,261,0,261,0,261,0,261,0,261,0,261,0,261,0,261,0,261,0,261,0,261,0,261,0,261,0,261,0,261,0,261,0,261,0,261,0,261,0,261,0,261,0,261,0,261,0,261,0,261,0,261,0,261,0,261,0,261,0,261,0,261,0,261,0,261,0,261,0,261,0,261,0,261,0,261,0,261,0,261,0,261,0,261,0,261,0,261,0,261,2,261,0,261,0,261,5,261,0,261,0,261,0,261,0,261,0,261,0,261,0,261,0,261,0,261,0,261,0,261,0,261,0,261,0,261,0,261,0,261,0,261,0,261,0,261,0,261,0,261,0,261,0,261,0,261,0,261,0,261,0,261,0,261,0,261,0,261,0,261,0,261,0,261,0,261,0,261,0,261,0,261,0,261,0,261,0,261,0,261,0,261,0,261,0,261,0,261,0,261,0,261,0,261,0,261,0,261,0,261,0,261,0,261,0,261,0,261,0,261,0,261,0,261,0,261,0,261,0,261,0,261,0,261,0,261,0,261,0,261,0,261,0,261,5,261,0,261,0,261,8,261,4,261,0,261,0,261,0,261,0,261,0,261,0,261,0,261,0,261,0,261,0,261,0,261,0,261,0,261,0,261,0,261,0,261,0,261,0,261,0,261,0,261,0,261,0,261,0,261,0,261,0,261,0,261,0,261,0,261,0,261,0,261,0,261,0,261,0,261,0,261,0,261,0,261,0,261,0,261,0,261,0,261,0,261,0,261,0,261,0,261,0,261,0,261,0,261,0,261,0,261,0,261,0,261,0,261,0,261,0,261,0,261,0,261,0,261,0,261,0,261,0,261,0,261,0,261,0,261,0,261,0,261,0,261,0,261,0,261,0,261,0,261,0,261,0,261,0,261,0,261,0,261,0,261,0,261,0,261,0,261,0,261,0,261,0,261,0,261,0,261,0,261,0,261,0,261,0,261,0,261,0,261,0,261,0,261,0,261,0,261,0,261,0,261,0,261,0,261,0,261,0,261,0,261,0,261,0,261,0,261,0,261,0,261,0,261,0,261,0,261,0,261,0,261,0,261,0,261,0,261,0,261,0,261,0,261,0,261,0,261,0,261,0,261,0,261,0,261,0,261,0,261,0,261,0,261,0,261,0,261,0,261,0,261,0,261,0,261,0,261,0,261,0,261,0,261,0,261,0,261,0,261,0,261,0,261,0,261,0,261,0,261,0,261,0,261,0,261,0,261,0,261,0,261,0,261,0,261,0,261,0,261,0,261,0,261,0,261,0,261,0,261,0,261,0,261,0,261,0,261,0,261,0,261,0,261,0,261,0,261,0,261,0,261,0,261,0,261,0,261,0,261,0,261,0,261,0,261,0,261,0,261,0,261,0,261,0,261,0,261,0,261,0,261,0,261,0,261,0,261,0,261,0,261,0,261,0,261,0,261,0,261,0,261,0,261,0,261,0,261,0,261,0,261,0,261,0,261,0,261,0,261,0,261,0,261,0,261,0,261,0,261,0,261,0,261,0,261,0,261,0,261,0,261,0,261,0,261,0,261,0,261,0,261,0,261,0,261,0,261,0,261,0,261,0,261,0,261,0,261,0,261,0,261,0,261,0,261,0,261,0,261,0,261,0,261,0,261,0,261,0,261,0,261,0,261,0,261,0,261,0,261,0,261,0,261,0,261,0,261,0,261,0,261,0,261,0,261,0,261,0,261,0,261,0,261,0,261,0,261,0,261,0,261,0,261,0,261,0,261,0,261,0,261,0,261,0,261,0,261,0,261,0,261,0,261,0,261,0,261,0,261,0
,,262,0,262,0,262,0,262,0,262,0,262,0,262,0,262,0,262,0,262,0,262,0,262,0,262,0,262,0,262,0,262,0,262,0,262,0,262,0,262,0,262,0,262,0,262,0,262,0,262,0,262,0,262,0,262,0,262,0,262,0,262,0,262,0,262,0,262,0,262,0,262,0,262,0,262,0,262,0,262,0,262,0,262,0,262,0,262,0,262,0,262,0,262,0,262,0,262,0,262,0,262,0,262,0,262,0,262,0,262,0,262,0,262,0,262,0,262,0,262,0,262,0,262,0,262,0,262,0,262,0,262,0,262,0,262,0,262,0,262,0,262,0,262,0,262,0,262,0,262,0,262,0,262,0,262,0,262,0,262,0,262,0,262,0,262,0,262,0,262,0,262,0,262,0,262,0,262,0,262,0,262,0,262,0,262,0,262,0,262,0,262,0,262,0,262,0,262,0,262,0,262,0,262,0,262,0,262,0,262,0,262,0,262,0,262,0,262,0,262,0,262,0,262,0,262,0,262,0,262,0,262,0,262,0,262,0,262,0,262,0,262,0,262,0,262,0,262,0,262,0,262,0,262,0,262,0,262,0,262,0,262,0,262,0,262,0,262,0,262,0,262,0,262,0,262,0,262,0,262,0,262,0,262,0,262,0,262,0,262,0,262,0,262,0,262,0,262,0,262,0,262,0,262,0,262,0,262,0,262,0,262,0,262,0,262,0,262,0,262,0,262,0,262,0,262,0,262,0,262,0,262,0,262,0,262,0,262,0,262,0,262,0,262,0,262,0,262,0,262,0,262,0,262,0,262,0,262,0,262,0,262,0,262,0,262,0,262,0,262,0,262,0,262,0,262,0,262,0,262,0,262,0,262,7,262,0,262,0,262,4,262,0,262,0,262,0,262,0,262,0,262,0,262,0,262,0,262,0,262,0,262,0,262,0,262,0,262,0,262,0,262,0,262,0,262,0,262,0,262,0,262,0,262,0,262,0,262,0,262,0,262,0,262,0,262,0,262,0,262,0,262,0,262,0,262,0,262,0,262,0,262,0,262,0,262,0,262,0,262,0,262,0,262,0,262,0,262,0,262,0,262,0,262,0,262,0,262,0,262,0,262,0,262,0,262,0,262,0,262,0,262,0,262,0,262,0,262,0,262,0,262,0,262,0,262,0,262,0,262,0,262,0,262,0,262,0,262,4,262,0,262,0,262,8,262,8,262,0,262,0,262,0,262,0,262,0,262,0,262,0,262,0,262,0,262,0,262,0,262,0,262,0,262,0,262,0,262,0,262,0,262,0,262,0,262,0,262,0,262,0,262,0,262,0,262,0,262,0,262,0,262,0,262,0,262,0,262,0,262,0,262,0,262,0,262,0,262,0,262,0,262,0,262,0,262,0,262,0,262,0,262,0,262,0,262,0,262,0,262,0,262,0,262,0,262,0,262,0,262,0,262,0,262,0,262,0,262,0,262,0,262,0,262,0,262,0,262,0,262,0,262,0,262,0,262,0,262,0,262,0,262,0,262,0,262,0,262,0,262,0,262,0,262,0,262,0,262,0,262,0,262,0,262,0,262,0,262,0,262,0,262,0,262,0,262,0,262,0,262,0,262,0,262,0,262,0,262,0,262,0,262,0,262,0,262,0,262,0,262,0,262,0,262,0,262,0,262,0,262,0,262,0,262,0,262,0,262,0,262,0,262,0,262,0,262,0,262,0,262,0,262,0,262,0,262,0,262,0,262,0,262,0,262,0,262,0,262,0,262,0,262,0,262,0,262,0,262,0,262,0,262,0,262,0,262,0,262,0,262,0,262,0,262,0,262,0,262,0,262,0,262,0,262,0,262,0,262,0,262,0,262,0,262,0,262,0,262,0,262,0,262,0,262,0,262,0,262,0,262,0,262,0,262,0,262,0,262,0,262,0,262,0,262,0,262,0,262,0,262,0,262,0,262,0,262,0,262,0,262,0,262,0,262,0,262,0,262,0,262,0,262,0,262,0,262,0,262,0,262,0,262,0,262,0,262,0,262,0,262,0,262,0,262,0,262,0,262,0,262,0,262,0,262,0,262,0,262,0,262,0,262,0,262,0,262,0,262,0,262,0,262,0,262,0,262,0,262,0,262,0,262,0,262,0,262,0,262,0,262,0,262,0,262,0,262,0,262,0,262,0,262,0,262,0,262,0,262,0,262,0,262,0,262,0,262,0,262,0,262,0,262,0,262,0,262,0,262,0,262,0,262,0,262,0,262,0,262,0,262,0,262,0,262,0,262,0,262,0,262,0,262,0,262,0,262,0,262,0,262,0,262,0,262,0,262,0,262,0,262,0,262,0,262,0,262,0,262,0,262,0,262,0,262,0,262,0,262,0,262,0,262,0,262,0,262,0,262,0,262,0,262,0,262,0,262,0,262,0,262,0,262,0,262,0,262,0,262,0,262,0,262,0,262,0,262,0,262,0
,,263,0,263,0,263,0,263,0,263,0,263,0,263,0,263,0,263,0,263,0,263,0,263,0,263,0,263,0,263,0,263,0,263,0,263,0,263,0,263,0,263,0,263,0,263,0,263,0,263,0,263,0,263,0,263,0,263,0,263,0,263,0,263,0,263,0,263,0,263,0,263,0,263,0,263,0,263,0,263,0,263,0,263,0,263,0,263,0,263,0,263,0,263,0,263,0,263,0,263,0,263,0,263,0,263,0,263,0,263,0,263,0,263,0,263,0,263,0,263,0,263,0,263,0,263,0,263,0,263,0,263,0,263,0,263,0,263,0,263,0,263,0,263,0,263,0,263,0,263,0,263,0,263,0,263,0,263,0,263,0,263,0,263,0,263,0,263,0,263,0,263,0,263,0,263,0,263,0,263,0,263,0,263,0,263,0,263,0,263,0,263,0,263,0,263,0,263,0,263,0,263,0,263,0,263,0,263,0,263,0,263,0,263,0,263,0,263,0,263,0,263,0,263,0,263,0,263,0,263,0,263,0,263,0,263,0,263,0,263,0,263,0,263,0,263,0,263,0,263,0,263,0,263,0,263,0,263,0,263,0,263,0,263,0,263,0,263,0,263,0,263,0,263,0,263,0,263,0,263,0,263,0,263,0,263,2,263,0,263,0,263,0,263,0,263,0,263,0,263,0,263,0,263,0,263,0,263,0,263,0,263,0,263,0,263,0,263,0,263,0,263,0,263,0,263,0,263,0,263,0,263,0,263,0,263,0,263,0,263,0,263,0,263,0,263,0,263,0,263,0,263,0,263,0,263,0,263,0,263,0,263,0,263,0,263,0,263,0,263,0,263,0,263,0,263,0,263,0,263,0,263,0,263,6,263,0,263,0,263,10,263,0,263,0,263,0,263,0,263,0,263,0,263,0,263,0,263,0,263,0,263,0,263,0,263,0,263,0,263,0,263,0,263,0,263,0,263,0,263,0,263,0,263,0,263,0,263,0,263,0,263,0,263,0,263,0,263,0,263,0,263,0,263,0,263,0,263,0,263,0,263,0,263,0,263,0,263,0,263,0,263,0,263,0,263,0,263,0,263,0,263,0,263,0,263,0,263,0,263,0,263,0,263,0,263,0,263,0,263,0,263,0,263,0,263,0,263,0,263,0,263,0,263,0,263,0,263,0,263,0,263,0,263,0,263,0,263,2,263,0,263,0,263,8,263,0,263,0,263,0,263,0,263,0,263,0,263,0,263,0,263,0,263,0,263,0,263,0,263,0,263,0,263,0,263,0,263,0,263,0,263,0,263,0,263,0,263,0,263,0,263,0,263,0,263,0,263,0,263,0,263,0,263,0,263,0,263,0,263,0,263,0,263,0,263,0,263,0,263,0,263,0,263,0,263,0,263,0,263,0,263,0,263,0,263,0,263,0,263,0,263,0,263,0,263,0,263,0,263,0,263,0,263,0,263,0,263,0,263,0,263,0,263,0,263,0,263,0,263,0,263,0,263,0,263,0,263,0,263,0,263,0,263,0,263,0,263,0,263,0,263,0,263,0,263,0,263,0,263,0,263,0,263,0,263,0,263,0,263,0,263,0,263,0,263,0,263,0,263,0,263,0,263,0,263,0,263,0,263,0,263,0,263,0,263,0,263,0,263,0,263,0,263,0,263,0,263,0,263,0,263,0,263,0,263,0,263,0,263,0,263,0,263,0,263,0,263,0,263,0,263,0,263,0,263,0,263,0,263,0,263,0,263,0,263,0,263,0,263,0,263,0,263,0,263,0,263,0,263,0,263,0,263,0,263,0,263,0,263,0,263,0,263,0,263,0,263,0,263,0,263,0,263,0,263,0,263,0,263,0,263,0,263,0,263,0,263,0,263,0,263,0,263,0,263,0,263,0,263,0,263,0,263,0,263,0,263,0,263,0,263,0,263,0,263,0,263,0,263,0,263,0,263,0,263,0,263,0,263,0,263,0,263,0,263,0,263,0,263,0,263,0,263,0,263,0,263,0,263,0,263,0,263,0,263,0,263,0,263,0,263,0,263,0,263,0,263,0,263,0,263,0,263,0,263,0,263,0,263,0,263,0,263,0,263,0,263,0,263,0,263,0,263,0,263,0,263,0,263,0,263,0,263,0,263,0,263,0,263,0,263,0,263,0,263,0,263,0,263,0,263,0,263,0,263,0,263,0,263,0,263,0,263,0,263,0,263,0,263,0,263,0,263,0,263,0,263,0,263,0,263,0,263,0,263,0,263,0,263,0,263,0,263,0,263,0,263,0,263,0,263,0,263,0,263,0,263,0,263,0,263,0,263,0,263,0,263,0,263,0,263,0,263,0,263,0,263,0,263,0,263,0,263,0,263,0,263,0,263,0,263,0,263,0,263,0,263,0,263,0,263,0,263,0,263,0,263,0,263,0,263,0,263,0,263,0,263,0,263,0,263,0,263,0,263,0,263,0
,,264,0,264,0,264,0,264,0,264,0,264,0,264,0,264,0,264,0,264,0,264,0,264,0,264,0,264,0,264,0,264,0,264,0,264,0,264,0,264,0,264,0,264,0,264,0,264,0,264,0,264,0,264,0,264,0,264,0,264,0,264,0,264,0,264,0,264,0,264,0,264,0,264,0,264,0,264,0,264,0,264,0,264,0,264,0,264,0,264,0,264,0,264,0,264,0,264,0,264,0,264,0,264,0,264,0,264,0,264,0,264,0,264,0,264,0,264,0,264,0,264,0,264,0,264,0,264,0,264,0,264,0,264,0,264,0,264,0,264,0,264,0,264,0,264,0,264,0,264,0,264,0,264,0,264,0,264,0,264,0,264,0,264,0,264,0,264,0,264,0,264,0,264,0,264,0,264,0,264,0,264,0,264,0,264,0,264,0,264,0,264,0,264,0,264,0,264,0,264,0,264,0,264,0,264,0,264,0,264,0,264,0,264,0,264,0,264,0,264,0,264,0,264,0,264,0,264,0,264,0,264,0,264,0,264,0,264,0,264,0,264,0,264,0,264,0,264,0,264,0,264,0,264,0,264,0,264,0,264,0,264,0,264,0,264,0,264,0,264,0,264,0,264,0,264,0,264,0,264,0,264,0,264,0,264,1,264,0,264,0,264,0,264,0,264,0,264,0,264,0,264,0,264,0,264,0,264,0,264,0,264,0,264,0,264,0,264,0,264,0,264,0,264,0,264,0,264,0,264,0,264,0,264,0,264,0,264,0,264,0,264,0,264,0,264,0,264,0,264,0,264,0,264,0,264,0,264,0,264,0,264,0,264,0,264,0,264,0,264,0,264,0,264,0,264,0,264,0,264,0,264,0,264,3,264,0,264,0,264,2,264,0,264,0,264,0,264,0,264,0,264,0,264,0,264,0,264,0,264,0,264,0,264,0,264,0,264,0,264,0,264,0,264,0,264,0,264,0,264,0,264,0,264,0,264,0,264,0,264,0,264,0,264,0,264,0,264,0,264,0,264,0,264,0,264,0,264,0,264,0,264,0,264,0,264,0,264,0,264,0,264,0,264,0,264,0,264,0,264,0,264,0,264,0,264,0,264,0,264,0,264,0,264,0,264,0,264,0,264,0,264,0,264,0,264,0,264,0,264,0,264,0,264,0,264,0,264,0,264,0,264,0,264,0,264,0,264,3,264,0,264,0,264,10,264,5,264,0,264,0,264,0,264,0,264,0,264,0,264,0,264,0,264,0,264,0,264,0,264,0,264,0,264,0,264,0,264,0,264,0,264,0,264,0,264,0,264,0,264,0,264,0,264,0,264,0,264,0,264,0,264,0,264,0,264,0,264,0,264,0,264,0,264,0,264,0,264,0,264,0,264,0,264,0,264,0,264,0,264,0,264,0,264,0,264,0,264,0,264,0,264,0,264,0,264,0,264,0,264,0,264,0,264,0,264,0,264,0,264,0,264,0,264,0,264,0,264,0,264,0,264,0,264,0,264,0,264,0,264,0,264,0,264,0,264,0,264,0,264,0,264,0,264,0,264,0,264,0,264,0,264,0,264,0,264,0,264,0,264,0,264,0,264,0,264,0,264,0,264,0,264,0,264,0,264,0,264,0,264,0,264,0,264,0,264,0,264,0,264,0,264,0,264,0,264,0,264,0,264,0,264,0,264,0,264,0,264,0,264,0,264,0,264,0,264,0,264,0,264,0,264,0,264,0,264,0,264,0,264,0,264,0,264,0,264,0,264,0,264,0,264,0,264,0,264,0,264,0,264,0,264,0,264,0,264,0,264,0,264,0,264,0,264,0,264,0,264,0,264,0,264,0,264,0,264,0,264,0,264,0,264,0,264,0,264,0,264,0,264,0,264,0,264,0,264,0,264,0,264,0,264,0,264,0,264,0,264,0,264,0,264,0,264,0,264,0,264,0,264,0,264,0,264,0,264,0,264,0,264,0,264,0,264,0,264,0,264,0,264,0,264,0,264,0,264,0,264,0,264,0,264,0,264,0,264,0,264,0,264,0,264,0,264,0,264,0,264,0,264,0,264,0,264,0,264,0,264,0,264,0,264,0,264,0,264,0,264,0,264,0,264,0,264,0,264,0,264,0,264,0,264,0,264,0,264,0,264,0,264,0,264,0,264,0,264,0,264,0,264,0,264,0,264,0,264,0,264,0,264,0,264,0,264,0,264,0,264,0,264,0,264,0,264,0,264,0,264,0,264,0,264,0,264,0,264,0,264,0,264,0,264,0,264,0,264,0,264,0,264,0,264,0,264,0,264,0,264,0,264,0,264,0,264,0,264,0,264,0,264,0,264,0,264,0,264,0,264,0,264,0,264,0,264,0,264,0,264,0,264,0,264,0,264,0,264,0,264,0,264,0,264,0,264,0,264,0,264,0,264,0,264,0,264,0,264,0,264,0,264,0,264,0,264,0,264,0,264,0
,,265,0,265,0,265,0,265,0,265,0,265,0,265,0,265,0,265,0,265,0,265,0,265,0,265,0,265,0,265,0,265,0,265,0,265,0,265,0,265,0,265,0,265,0,265,0,265,0,265,0,265,0,265,0,265,0,265,0,265,0,265,0,265,0,265,0,265,0,265,0,265,0,265,0,265,0,265,0,265,0,265,0,265,0,265,0,265,0,265,0,265,0,265,0,265,0,265,0,265,0,265,0,265,0,265,0,265,0,265,0,265,0,265,0,265,0,265,0,265,0,265,0,265,0,265,0,265,0,265,0,265,0,265,0,265,0,265,0,265,0,265,0,265,0,265,0,265,0,265,0,265,0,265,0,265,0,265,0,265,0,265,0,265,0,265,0,265,0,265,0,265,0,265,0,265,0,265,0,265,0,265,0,265,0,265,0,265,0,265,0,265,0,265,0,265,0,265,0,265,0,265,0,265,0,265,0,265,0,265,0,265,0,265,0,265,0,265,0,265,0,265,0,265,0,265,0,265,0,265,0,265,0,265,0,265,0,265,0,265,0,265,0,265,0,265,0,265,0,265,0,265,0,265,0,265,0,265,0,265,0,265,0,265,0,265,0,265,0,265,0,265,0,265,0,265,0,265,0,265,0,265,0,265,0,265,0,265,0,265,0,265,0,265,0,265,0,265,0,265,0,265,0,265,0,265,0,265,0,265,0,265,0,265,0,265,0,265,0,265,0,265,0,265,0,265,0,265,0,265,0,265,0,265,0,265,0,265,0,265,0,265,0,265,0,265,0,265,0,265,0,265,0,265,0,265,0,265,0,265,0,265,0,265,0,265,0,265,0,265,0,265,0,265,0,265,1,265,0,265,0,265,0,265,4,265,0,265,0,265,0,265,2,265,0,265,0,265,0,265,0,265,0,265,0,265,0,265,0,265,0,265,0,265,0,265,0,265,0,265,0,265,0,265,0,265,0,265,0,265,0,265,0,265,0,265,0,265,0,265,0,265,0,265,0,265,0,265,0,265,0,265,0,265,0,265,0,265,0,265,0,265,0,265,0,265,0,265,0,265,0,265,0,265,0,265,0,265,0,265,0,265,0,265,0,265,0,265,0,265,0,265,0,265,0,265,0,265,0,265,0,265,0,265,0,265,0,265,0,265,0,265,0,265,0,265,0,265,0,265,0,265,0,265,0,265,0,265,6,265,0,265,0,265,4,265,14,265,0,265,0,265,0,265,0,265,0,265,0,265,0,265,0,265,0,265,0,265,0,265,0,265,0,265,0,265,0,265,0,265,0,265,0,265,0,265,0,265,0,265,0,265,0,265,0,265,0,265,0,265,0,265,0,265,0,265,0,265,0,265,0,265,0,265,0,265,0,265,0,265,0,265,0,265,0,265,0,265,0,265,0,265,0,265,0,265,0,265,0,265,0,265,0,265,0,265,0,265,0,265,0,265,0,265,0,265,0,265,0,265,0,265,0,265,0,265,0,265,0,265,0,265,0,265,0,265,0,265,0,265,0,265,0,265,0,265,0,265,0,265,0,265,0,265,0,265,0,265,0,265,0,265,0,265,0,265,0,265,0,265,0,265,0,265,0,265,0,265,0,265,0,265,0,265,0,265,0,265,0,265,0,265,0,265,0,265,0,265,0,265,0,265,0,265,0,265,0,265,0,265,0,265,0,265,0,265,0,265,0,265,0,265,0,265,0,265,0,265,0,265,0,265,0,265,0,265,0,265,0,265,0,265,0,265,0,265,0,265,0,265,0,265,0,265,0,265,0,265,0,265,0,265,0,265,0,265,0,265,0,265,0,265,0,265,0,265,0,265,0,265,0,265,0,265,0,265,0,265,0,265,0,265,0,265,0,265,0,265,0,265,0,265,0,265,0,265,0,265,0,265,0,265,0,265,0,265,0,265,0,265,0,265,0,265,0,265,0,265,0,265,0,265,0,265,0,265,0,265,0,265,0,265,0,265,0,265,0,265,0,265,0,265,0,265,0,265,0,265,0,265,0,265,0,265,0,265,0,265,0,265,0,265,0,265,0,265,0,265,0,265,0,265,0,265,0,265,0,265,0,265,0,265,0,265,0,265,0,265,0,265,0,265,0,265,0,265,0,265,0,265,0,265,0,265,0,265,0,265,0,265,0,265,0,265,0,265,0,265,0,265,0,265,0,265,0,265,0,265,0,265,0,265,0,265,0,265,0,265,0,265,0,265,0,265,0,265,0,265,0,265,0,265,0,265,0,265,0,265,0,265,0,265,0,265,0,265,0,265,0,265,0,265,0,265,0,265,0,265,0,265,0,265,0,265,0,265,0,265,0,265,0,265,0,265,0,265,0,265,0,265,0,265,0,265,0,265,0,265,0,265,0,265,0,265,0,265,0,265,0,265,0,265,0,265,0,265,0,265,0,265,0,265,0,265,0,265,0,265,0,265,0,265,0,265,0,265,0,265,0
,,266,0,266,0,266,0,266,0,266,0,266,0,266,0,266,0,266,0,266,0,266,0,266,0,266,0,266,0,266,0,266,0,266,0,266,0,266,0,266,0,266,0,266,0,266,0,266,0,266,0,266,0,266,0,266,0,266,0,266,0,266,0,266,0,266,0,266,0,266,0,266,0,266,0,266,0,266,0,266,0,266,0,266,0,266,0,266,0,266,0,266,0,266,0,266,0,266,0,266,0,266,0,266,0,266,0,266,0,266,0,266,0,266,0,266,0,266,0,266,0,266,0,266,0,266,0,266,0,266,0,266,0,266,0,266,0,266,0,266,0,266,0,266,0,266,0,266,0,266,0,266,0,266,0,266,0,266,0,266,0,266,0,266,0,266,0,266,0,266,0,266,0,266,0,266,0,266,0,266,0,266,0,266,0,266,0,266,0,266,0,266,0,266,0,266,0,266,0,266,0,266,0,266,0,266,0,266,0,266,0,266,0,266,0,266,0,266,0,266,0,266,0,266,0,266,0,266,0,266,0,266,0,266,0,266,0,266,0,266,0,266,0,266,0,266,0,266,0,266,0,266,0,266,0,266,0,266,0,266,0,266,0,266,0,266,0,266,0,266,0,266,0,266,0,266,0,266,0,266,0,266,0,266,0,266,0,266,0,266,0,266,0,266,0,266,0,266,0,266,0,266,0,266,0,266,0,266,0,266,0,266,0,266,0,266,0,266,0,266,0,266,0,266,0,266,0,266,0,266,0,266,0,266,0,266,0,266,0,266,0,266,0,266,0,266,0,266,0,266,0,266,0,266,0,266,0,266,0,266,0,266,0,266,0,266,0,266,0,266,0,266,0,266,0,266,1,266,0,266,0,266,0,266,9,266,0,266,0,266,3,266,2,266,0,266,0,266,0,266,0,266,0,266,0,266,0,266,0,266,0,266,0,266,0,266,0,266,0,266,0,266,0,266,0,266,0,266,0,266,0,266,0,266,0,266,0,266,0,266,0,266,0,266,0,266,0,266,0,266,0,266,0,266,0,266,0,266,0,266,0,266,0,266,0,266,0,266,0,266,0,266,0,266,0,266,0,266,0,266,0,266,0,266,0,266,0,266,0,266,0,266,0,266,0,266,0,266,0,266,0,266,0,266,0,266,0,266,0,266,0,266,0,266,0,266,0,266,0,266,0,266,0,266,0,266,0,266,1,266,0,266,0,266,6,266,9,266,0,266,0,266,0,266,0,266,0,266,0,266,0,266,0,266,0,266,0,266,0,266,0,266,0,266,0,266,0,266,0,266,0,266,0,266,0,266,0,266,0,266,0,266,0,266,0,266,0,266,0,266,0,266,0,266,0,266,0,266,0,266,0,266,0,266,0,266,0,266,0,266,0,266,0,266,0,266,0,266,0,266,0,266,0,266,0,266,0,266,0,266,0,266,0,266,0,266,0,266,0,266,0,266,0,266,0,266,0,266,0,266,0,266,0,266,0,266,0,266,0,266,0,266,0,266,0,266,0,266,0,266,0,266,0,266,0,266,0,266,0,266,0,266,0,266,0,266,0,266,0,266,0,266,0,266,0,266,0,266,0,266,0,266,0,266,0,266,0,266,0,266,0,266,0,266,0,266,0,266,0,266,0,266,0,266,0,266,0,266,0,266,0,266,0,266,0,266,0,266,0,266,0,266,0,266,0,266,0,266,0,266,0,266,0,266,0,266,0,266,0,266,0,266,0,266,0,266,0,266,0,266,0,266,0,266,0,266,0,266,0,266,0,266,0,266,0,266,0,266,0,266,0,266,0,266,0,266,0,266,0,266,0,266,0,266,0,266,0,266,0,266,0,266,0,266,0,266,0,266,0,266,0,266,0,266,0,266,0,266,0,266,0,266,0,266,0,266,0,266,0,266,0,266,0,266,0,266,0,266,0,266,0,266,0,266,0,266,0,266,0,266,0,266,0,266,0,266,0,266,0,266,0,266,0,266,0,266,0,266,0,266,0,266,0,266,0,266,0,266,0,266,0,266,0,266,0,266,0,266,0,266,0,266,0,266,0,266,0,266,0,266,0,266,0,266,0,266,0,266,0,266,0,266,0,266,0,266,0,266,0,266,0,266,0,266,0,266,0,266,0,266,0,266,0,266,0,266,0,266,0,266,0,266,0,266,0,266,0,266,0,266,0,266,0,266,0,266,0,266,0,266,0,266,0,266,0,266,0,266,0,266,0,266,0,266,0,266,0,266,0,266,0,266,0,266,0,266,0,266,0,266,0,266,0,266,0,266,0,266,0,266,0,266,0,266,0,266,0,266,0,266,0,266,0,266,0,266,0,266,0,266,0,266,0,266,0,266,0,266,0,266,0,266,0,266,0,266,0,266,0,266,0,266,0,266,0,266,0,266,0,266,0,266,0,266,0,266,0,266,0,266,0,266,0,266,0,266,0,266,0,266,0,266,0,266,0,266,0,266,0
,,267,0,267,0,267,0,267,0,267,0,267,0,267,0,267,0,267,0,267,0,267,0,267,0,267,0,267,0,267,0,267,0,267,0,267,0,267,0,267,0,267,0,267,0,267,0,267,0,267,0,267,0,267,0,267,0,267,0,267,0,267,0,267,0,267,0,267,0,267,0,267,0,267,0,267,0,267,0,267,0,267,0,267,0,267,0,267,0,267,0,267,0,267,0,267,0,267,0,267,0,267,0,267,0,267,0,267,0,267,0,267,0,267,0,267,0,267,0,267,0,267,0,267,0,267,0,267,0,267,0,267,0,267,0,267,0,267,0,267,0,267,0,267,0,267,0,267,0,267,0,267,0,267,0,267,0,267,0,267,0,267,0,267,0,267,0,267,0,267,0,267,0,267,0,267,0,267,0,267,0,267,0,267,0,267,0,267,0,267,0,267,0,267,0,267,0,267,0,267,0,267,0,267,0,267,0,267,0,267,0,267,0,267,0,267,0,267,0,267,0,267,0,267,0,267,0,267,1,267,0,267,0,267,0,267,0,267,0,267,0,267,0,267,0,267,0,267,0,267,0,267,0,267,0,267,0,267,0,267,0,267,0,267,0,267,0,267,0,267,0,267,0,267,0,267,0,267,0,267,0,267,0,267,0,267,0,267,0,267,0,267,0,267,0,267,0,267,0,267,0,267,0,267,0,267,0,267,0,267,0,267,0,267,0,267,0,267,0,267,0,267,0,267,0,267,0,267,0,267,0,267,0,267,0,267,0,267,0,267,0,267,0,267,0,267,0,267,0,267,0,267,0,267,0,267,0,267,0,267,0,267,0,267,0,267,0,267,0,267,0,267,0,267,0,267,3,267,0,267,0,267,0,267,2,267,0,267,0,267,0,267,2,267,0,267,0,267,0,267,0,267,0,267,0,267,0,267,0,267,0,267,0,267,0,267,0,267,0,267,0,267,0,267,0,267,0,267,0,267,0,267,0,267,0,267,0,267,0,267,0,267,0,267,0,267,0,267,0,267,0,267,0,267,0,267,0,267,0,267,0,267,0,267,0,267,0,267,0,267,0,267,0,267,0,267,0,267,0,267,0,267,0,267,0,267,0,267,0,267,0,267,0,267,0,267,0,267,0,267,0,267,0,267,0,267,0,267,0,267,0,267,0,267,0,267,0,267,0,267,0,267,0,267,0,267,0,267,3,267,0,267,0,267,1,267,25,267,0,267,0,267,0,267,0,267,0,267,0,267,0,267,0,267,0,267,0,267,0,267,0,267,0,267,0,267,0,267,0,267,0,267,0,267,0,267,0,267,0,267,0,267,0,267,0,267,0,267,0,267,0,267,0,267,0,267,0,267,0,267,0,267,0,267,0,267,0,267,0,267,0,267,0,267,0,267,0,267,0,267,0,267,0,267,0,267,0,267,0,267,0,267,0,267,0,267,0,267,0,267,0,267,0,267,0,267,0,267,0,267,0,267,0,267,0,267,0,267,0,267,0,267,0,267,0,267,0,267,0,267,0,267,0,267,0,267,0,267,0,267,0,267,0,267,0,267,0,267,0,267,0,267,0,267,0,267,0,267,0,267,0,267,0,267,0,267,0,267,0,267,0,267,0,267,0,267,0,267,0,267,0,267,0,267,0,267,0,267,0,267,0,267,0,267,0,267,0,267,0,267,0,267,0,267,0,267,0,267,0,267,0,267,0,267,0,267,0,267,0,267,0,267,0,267,0,267,0,267,0,267,0,267,0,267,0,267,0,267,0,267,0,267,0,267,0,267,0,267,0,267,0,267,0,267,0,267,0,267,0,267,0,267,0,267,0,267,0,267,0,267,0,267,0,267,0,267,0,267,0,267,0,267,0,267,0,267,0,267,0,267,0,267,0,267,0,267,0,267,0,267,0,267,0,267,0,267,0,267,0,267,0,267,0,267,0,267,0,267,0,267,0,267,0,267,0,267,0,267,0,267,0,267,0,267,0,267,0,267,0,267,0,267,0,267,0,267,0,267,0,267,0,267,0,267,0,267,0,267,0,267,0,267,0,267,0,267,0,267,0,267,0,267,0,267,0,267,0,267,0,267,0,267,0,267,0,267,0,267,0,267,0,267,0,267,0,267,0,267,0,267,0,267,0,267,0,267,0,267,0,267,0,267,0,267,0,267,0,267,0,267,0,267,0,267,0,267,0,267,0,267,0,267,0,267,0,267,0,267,0,267,0,267,0,267,0,267,0,267,0,267,0,267,0,267,0,267,0,267,0,267,0,267,0,267,0,267,0,267,0,267,0,267,0,267,0,267,0,267,0,267,0,267,0,267,0,267,0,267,0,267,0,267,0,267,0,267,0,267,0,267,0,267,0,267,0,267,0,267,0,267,0,267,0,267,0,267,0,267,0,267,0,267,0,267,0,267,0,267,0,267,0,267,0,267,0,267,0,267,0,267,0,267,0,267,0,267,0,267,0
,,268,0,268,0,268,0,268,0,268,0,268,0,268,0,268,0,268,0,268,0,268,0,268,0,268,0,268,0,268,0,268,0,268,0,268,0,268,0,268,0,268,0,268,0,268,0,268,0,268,0,268,0,268,0,268,0,268,0,268,0,268,0,268,0,268,0,268,0,268,0,268,0,268,0,268,0,268,0,268,0,268,0,268,0,268,0,268,0,268,0,268,0,268,0,268,0,268,0,268,0,268,0,268,0,268,0,268,0,268,0,268,0,268,0,268,0,268,0,268,0,268,0,268,0,268,0,268,0,268,0,268,0,268,0,268,0,268,0,268,0,268,0,268,0,268,0,268,0,268,0,268,0,268,0,268,0,268,0,268,0,268,0,268,0,268,0,268,0,268,0,268,0,268,0,268,0,268,0,268,0,268,0,268,0,268,0,268,0,268,0,268,0,268,0,268,0,268,0,268,0,268,0,268,0,268,0,268,0,268,0,268,0,268,0,268,0,268,0,268,0,268,0,268,0,268,0,268,14,268,0,268,0,268,0,268,1,268,5,268,0,268,0,268,10,268,0,268,0,268,0,268,0,268,0,268,0,268,0,268,0,268,0,268,0,268,0,268,0,268,0,268,0,268,0,268,0,268,0,268,0,268,0,268,0,268,0,268,0,268,0,268,0,268,0,268,0,268,0,268,0,268,0,268,0,268,0,268,0,268,0,268,0,268,0,268,0,268,0,268,0,268,0,268,0,268,0,268,0,268,0,268,0,268,0,268,0,268,0,268,0,268,0,268,0,268,0,268,0,268,0,268,0,268,0,268,0,268,0,268,0,268,0,268,0,268,0,268,0,268,0,268,0,268,0,268,0,268,0,268,0,268,0,268,0,268,0,268,0,268,0,268,0,268,0,268,0,268,0,268,0,268,0,268,0,268,0,268,0,268,0,268,0,268,0,268,0,268,0,268,0,268,0,268,0,268,0,268,0,268,0,268,0,268,0,268,0,268,0,268,0,268,0,268,0,268,0,268,0,268,0,268,0,268,0,268,0,268,0,268,0,268,0,268,0,268,0,268,0,268,0,268,0,268,0,268,0,268,0,268,0,268,0,268,0,268,0,268,0,268,0,268,0,268,0,268,0,268,0,268,0,268,0,268,0,268,0,268,0,268,0,268,0,268,0,268,0,268,0,268,0,268,0,268,0,268,0,268,0,268,0,268,0,268,0,268,1,268,0,268,0,268,0,268,0,268,0,268,0,268,0,268,0,268,0,268,0,268,0,268,0,268,0,268,0,268,0,268,0,268,0,268,0,268,0,268,0,268,0,268,0,268,0,268,0,268,0,268,0,268,0,268,0,268,0,268,0,268,0,268,0,268,0,268,0,268,0,268,0,268,0,268,0,268,0,268,0,268,0,268,0,268,0,268,0,268,0,268,0,268,0,268,0,268,0,268,0,268,0,268,0,268,0,268,0,268,0,268,0,268,0,268,0,268,0,268,0,268,0,268,0,268,0,268,0,268,0,268,0,268,0,268,0,268,0,268,0,268,0,268,0,268,0,268,0,268,0,268,0,268,0,268,0,268,0,268,0,268,0,268,0,268,0,268,0,268,0,268,0,268,0,268,0,268,0,268,0,268,0,268,0,268,0,268,0,268,0,268,0,268,0,268,0,268,0,268,0,268,0,268,0,268,0,268,0,268,0,268,0,268,0,268,0,268,0,268,0,268,0,268,0,268,0,268,0,268,0,268,0,268,0,268,0,268,0,268,0,268,0,268,0,268,0,268,0,268,0,268,0,268,0,268,0,268,0,268,0,268,0,268,0,268,0,268,0,268,0,268,0,268,0,268,0,268,0,268,0,268,0,268,0,268,0,268,0,268,0,268,0,268,0,268,0,268,0,268,0,268,0,268,2,268,0,268,0,268,0,268,0,268,0,268,0,268,0,268,0,268,0,268,0,268,0,268,0,268,0,268,0,268,0,268,0,268,0,268,0,268,0,268,0,268,0,268,0,268,0,268,0,268,0,268,0,268,0,268,0,268,0,268,0,268,0,268,0,268,0,268,0,268,0,268,0,268,0,268,0,268,0,268,0,268,0,268,0,268,0,268,0,268,0,268,0,268,0,268,0,268,0,268,0,268,0,268,0,268,0,268,0,268,0,268,0,268,0,268,0,268,0,268,0,268,0,268,0,268,0,268,0,268,0,268,0,268,0,268,0,268,0,268,0,268,0,268,0,268,0,268,0,268,0,268,0,268,0,268,0,268,0,268,0,268,0,268,0,268,0,268,0,268,0,268,0,268,0,268,0,268,0,268,0,268,0,268,0,268,0,268,0,268,0,268,0,268,0,268,0,268,0,268,0,268,0,268,0,268,0,268,0,268,0,268,0,268,0,268,0,268,0,268,0,268,0,268,0,268,0,268,0,268,0,268,0,268,0,268,0,268,0,268,0,268,0,268,0,268,0,268,0
,,269,0,269,0,269,0,269,0,269,0,269,0,269,0,269,0,269,0,269,0,269,0,269,0,269,0,269,0,269,0,269,0,269,0,269,0,269,0,269,0,269,0,269,0,269,0,269,0,269,0,269,0,269,0,269,0,269,0,269,0,269,0,269,0,269,0,269,0,269,0,269,0,269,0,269,0,269,0,269,0,269,0,269,0,269,0,269,0,269,0,269,0,269,0,269,0,269,0,269,0,269,0,269,0,269,0,269,0,269,0,269,0,269,0,269,0,269,0,269,0,269,0,269,0,269,0,269,0,269,0,269,0,269,0,269,0,269,0,269,0,269,0,269,0,269,0,269,0,269,0,269,0,269,0,269,0,269,0,269,0,269,0,269,0,269,0,269,0,269,0,269,0,269,0,269,0,269,0,269,0,269,0,269,0,269,0,269,0,269,0,269,0,269,0,269,0,269,0,269,0,269,0,269,0,269,0,269,0,269,0,269,0,269,0,269,0,269,0,269,0,269,0,269,0,269,0,269,14,269,0,269,0,269,0,269,10,269,8,269,0,269,0,269,8,269,0,269,0,269,0,269,0,269,0,269,0,269,0,269,0,269,0,269,0,269,0,269,0,269,0,269,0,269,0,269,0,269,0,269,0,269,0,269,0,269,0,269,0,269,0,269,0,269,0,269,0,269,0,269,0,269,0,269,0,269,0,269,0,269,0,269,0,269,0,269,0,269,0,269,0,269,0,269,0,269,0,269,0,269,0,269,0,269,0,269,0,269,0,269,0,269,0,269,0,269,0,269,0,269,0,269,0,269,0,269,0,269,0,269,0,269,0,269,0,269,0,269,0,269,0,269,0,269,0,269,0,269,0,269,0,269,0,269,0,269,0,269,0,269,0,269,0,269,0,269,0,269,0,269,0,269,0,269,0,269,0,269,0,269,0,269,0,269,0,269,0,269,0,269,0,269,0,269,0,269,0,269,0,269,0,269,0,269,0,269,0,269,0,269,0,269,0,269,0,269,0,269,0,269,0,269,0,269,0,269,0,269,0,269,0,269,0,269,0,269,0,269,0,269,0,269,0,269,0,269,0,269,0,269,0,269,0,269,0,269,0,269,0,269,0,269,0,269,0,269,0,269,0,269,0,269,0,269,0,269,0,269,0,269,0,269,0,269,0,269,0,269,0,269,0,269,0,269,0,269,0,269,0,269,0,269,0,269,0,269,0,269,0,269,0,269,0,269,0,269,0,269,0,269,0,269,0,269,0,269,0,269,0,269,0,269,0,269,0,269,0,269,0,269,0,269,0,269,0,269,0,269,0,269,0,269,0,269,0,269,0,269,0,269,0,269,0,269,0,269,0,269,0,269,0,269,0,269,0,269,0,269,0,269,0,269,0,269,0,269,0,269,0,269,0,269,0,269,0,269,0,269,0,269,0,269,0,269,0,269,0,269,0,269,0,269,0,269,0,269,0,269,0,269,0,269,0,269,0,269,0,269,0,269,0,269,0,269,0,269,0,269,0,269,0,269,0,269,0,269,0,269,0,269,0,269,0,269,0,269,0,269,0,269,0,269,0,269,0,269,0,269,0,269,0,269,0,269,0,269,0,269,0,269,0,269,0,269,0,269,0,269,0,269,0,269,0,269,0,269,0,269,0,269,0,269,0,269,0,269,0,269,0,269,0,269,0,269,0,269,0,269,0,269,0,269,0,269,0,269,0,269,0,269,0,269,0,269,0,269,0,269,0,269,0,269,0,269,0,269,0,269,0,269,0,269,0,269,0,269,0,269,0,269,0,269,0,269,0,269,0,269,0,269,0,269,0,269,0,269,0,269,0,269,0,269,0,269,0,269,0,269,0,269,0,269,0,269,0,269,0,269,0,269,0,269,0,269,0,269,0,269,0,269,1,269,0,269,0,269,0,269,0,269,0,269,0,269,0,269,0,269,0,269,0,269,0,269,0,269,0,269,0,269,0,269,0,269,0,269,0,269,0,269,0,269,0,269,0,269,0,269,0,269,0,269,0,269,0,269,0,269,0,269,0,269,0,269,0,269,0,269,0,269,0,269,0,269,0,269,0,269,0,269,0,269,0,269,0,269,0,269,0,269,0,269,0,269,0,269,0,269,0,269,0,269,0,269,0,269,0,269,0,269,0,269,0,269,0,269,0,269,0,269,0,269,0,269,0,269,0,269,0,269,0,269,0,269,0,269,0,269,0,269,0,269,0,269,0,269,0,269,0,269,0,269,0,269,0,269,0,269,0,269,0,269,0,269,0,269,0,269,0,269,0,269,0,269,0,269,0,269,0,269,0,269,0,269,0,269,0,269,0,269,0,269,0,269,0,269,0,269,0,269,0,269,0,269,0,269,0,269,0,269,0,269,0,269,0,269,0,269,0,269,0,269,0,269,0,269,0,269,0,269,0,269,0,269,0,269,0,269,0,269,0,269,0,269,0,269,0,269,0
,,270,0,270,0,270,0,270,0,270,0,270,0,270,0,270,0,270,0,270,0,270,0,270,0,270,0,270,0,270,0,270,0,270,0,270,0,270,0,270,0,270,0,270,0,270,0,270,0,270,0,270,0,270,0,270,0,270,0,270,0,270,0,270,0,270,0,270,0,270,0,270,0,270,0,270,0,270,0,270,0,270,0,270,0,270,0,270,0,270,0,270,0,270,0,270,0,270,0,270,0,270,0,270,0,270,0,270,0,270,0,270,0,270,0,270,0,270,0,270,0,270,0,270,0,270,0,270,0,270,0,270,0,270,0,270,0,270,0,270,0,270,0,270,0,270,0,270,0,270,0,270,0,270,0,270,0,270,0,270,0,270,0,270,0,270,0,270,0,270,0,270,0,270,0,270,0,270,0,270,0,270,0,270,0,270,0,270,0,270,0,270,0,270,0,270,0,270,0,270,0,270,0,270,0,270,0,270,0,270,0,270,0,270,0,270,0,270,0,270,0,270,0,270,0,270,0,270,14,270,0,270,0,270,0,270,9,270,9,270,0,270,0,270,10,270,0,270,0,270,0,270,0,270,0,270,0,270,0,270,0,270,0,270,0,270,0,270,0,270,0,270,0,270,0,270,0,270,0,270,0,270,0,270,0,270,0,270,0,270,0,270,0,270,0,270,0,270,0,270,0,270,0,270,0,270,0,270,0,270,0,270,0,270,0,270,0,270,0,270,0,270,0,270,0,270,0,270,0,270,0,270,0,270,0,270,0,270,0,270,0,270,0,270,0,270,0,270,0,270,0,270,0,270,0,270,0,270,0,270,0,270,0,270,0,270,0,270,0,270,0,270,0,270,0,270,0,270,0,270,0,270,0,270,0,270,0,270,0,270,0,270,0,270,0,270,0,270,0,270,0,270,0,270,0,270,0,270,0,270,0,270,0,270,0,270,0,270,0,270,0,270,0,270,0,270,0,270,0,270,0,270,0,270,0,270,0,270,0,270,0,270,0,270,0,270,0,270,0,270,0,270,0,270,0,270,0,270,0,270,0,270,0,270,0,270,0,270,0,270,0,270,0,270,0,270,0,270,0,270,0,270,0,270,0,270,0,270,0,270,0,270,0,270,0,270,0,270,0,270,0,270,0,270,0,270,0,270,0,270,0,270,0,270,0,270,0,270,0,270,0,270,0,270,0,270,0,270,0,270,0,270,0,270,0,270,0,270,0,270,0,270,0,270,0,270,0,270,0,270,0,270,0,270,0,270,0,270,0,270,0,270,0,270,0,270,0,270,0,270,0,270,0,270,0,270,0,270,0,270,0,270,0,270,0,270,0,270,0,270,0,270,0,270,0,270,0,270,0,270,0,270,0,270,0,270,0,270,0,270,0,270,0,270,0,270,0,270,0,270,0,270,0,270,0,270,0,270,0,270,0,270,0,270,0,270,0,270,0,270,0,270,0,270,0,270,0,270,0,270,0,270,0,270,0,270,0,270,0,270,0,270,0,270,0,270,0,270,0,270,0,270,0,270,0,270,0,270,0,270,0,270,0,270,0,270,0,270,0,270,0,270,0,270,0,270,0,270,0,270,0,270,0,270,0,270,0,270,0,270,0,270,0,270,0,270,0,270,0,270,0,270,0,270,0,270,0,270,0,270,0,270,0,270,0,270,0,270,0,270,0,270,0,270,0,270,0,270,0,270,0,270,0,270,0,270,0,270,0,270,0,270,0,270,0,270,0,270,0,270,0,270,0,270,0,270,0,270,0,270,0,270,0,270,0,270,0,270,0,270,0,270,0,270,0,270,0,270,0,270,0,270,0,270,0,270,0,270,0,270,0,270,0,270,0,270,0,270,0,270,0,270,0,270,0,270,0,270,0,270,0,270,0,270,0,270,0,270,0,270,0,270,0,270,0,270,0,270,0,270,0,270,0,270,0,270,0,270,0,270,0,270,0,270,0,270,0,270,0,270,0,270,0,270,0,270,0,270,0,270,0,270,0,270,0,270,0,270,0,270,0,270,0,270,0,270,0,270,0,270,0,270,0,270,0,270,0,270,0,270,0,270,0,270,0,270,0,270,0,270,0,270,0,270,0,270,0,270,0,270,0,270,0,270,0,270,0,270,0,270,0,270,0,270,0,270,0,270,0,270,0,270,0,270,0,270,0,270,0,270,0,270,0,270,0,270,0,270,0,270,0,270,0,270,0,270,0,270,0,270,0,270,0,270,0,270,0,270,0,270,0,270,0,270,0,270,0,270,0,270,0,270,0,270,0,270,0,270,0,270,0,270,0,270,0,270,0,270,0,270,0,270,0,270,0,270,0,270,0,270,0,270,0,270,0,270,0,270,0,270,0,270,0,270,0,270,0,270,0,270,0,270,0,270,0,270,0,270,0,270,0,270,0,270,0,270,0,270,0,270,0,270,0,270,0,270,0,270,0,270,0,270,0,270,0,270,0,270,0
,,271,0,271,0,271,0,271,0,271,0,271,0,271,0,271,0,271,0,271,0,271,0,271,0,271,0,271,0,271,0,271,0,271,0,271,0,271,0,271,0,271,0,271,0,271,0,271,0,271,0,271,0,271,0,271,0,271,0,271,0,271,0,271,0,271,0,271,0,271,0,271,0,271,0,271,0,271,0,271,0,271,0,271,0,271,0,271,0,271,0,271,0,271,0,271,0,271,0,271,0,271,0,271,0,271,0,271,0,271,0,271,0,271,0,271,0,271,0,271,0,271,0,271,0,271,0,271,0,271,0,271,0,271,0,271,0,271,0,271,0,271,0,271,0,271,0,271,0,271,0,271,0,271,0,271,0,271,0,271,0,271,0,271,0,271,0,271,0,271,0,271,0,271,0,271,0,271,0,271,0,271,0,271,0,271,0,271,0,271,0,271,0,271,0,271,0,271,0,271,0,271,0,271,0,271,0,271,0,271,0,271,0,271,0,271,0,271,0,271,0,271,0,271,0,271,0,271,4,271,0,271,0,271,0,271,0,271,0,271,0,271,0,271,22,271,0,271,0,271,0,271,0,271,0,271,0,271,0,271,0,271,0,271,0,271,0,271,0,271,0,271,0,271,0,271,0,271,0,271,0,271,0,271,0,271,0,271,0,271,0,271,0,271,0,271,0,271,0,271,0,271,0,271,0,271,0,271,0,271,0,271,0,271,0,271,0,271,0,271,0,271,0,271,0,271,0,271,0,271,0,271,0,271,0,271,0,271,0,271,0,271,0,271,0,271,0,271,0,271,0,271,0,271,0,271,0,271,0,271,0,271,0,271,0,271,0,271,0,271,0,271,0,271,0,271,0,271,0,271,0,271,0,271,0,271,0,271,0,271,0,271,0,271,0,271,0,271,0,271,0,271,0,271,0,271,0,271,0,271,0,271,0,271,0,271,0,271,0,271,0,271,0,271,0,271,0,271,0,271,0,271,0,271,0,271,0,271,0,271,0,271,0,271,0,271,0,271,0,271,0,271,0,271,0,271,0,271,0,271,0,271,0,271,0,271,0,271,0,271,0,271,0,271,0,271,0,271,0,271,0,271,0,271,0,271,0,271,0,271,0,271,0,271,0,271,0,271,0,271,0,271,0,271,0,271,0,271,0,271,0,271,0,271,0,271,0,271,0,271,0,271,0,271,0,271,0,271,0,271,0,271,0,271,0,271,3,271,0,271,0,271,0,271,0,271,0,271,0,271,0,271,0,271,0,271,0,271,0,271,0,271,0,271,0,271,0,271,0,271,0,271,0,271,0,271,0,271,0,271,0,271,0,271,0,271,0,271,0,271,0,271,0,271,0,271,0,271,0,271,0,271,0,271,0,271,0,271,0,271,0,271,0,271,0,271,0,271,0,271,0,271,0,271,0,271,0,271,0,271,0,271,0,271,0,271,0,271,0,271,0,271,0,271,0,271,0,271,0,271,0,271,0,271,0,271,0,271,0,271,0,271,0,271,0,271,0,271,0,271,0,271,0,271,0,271,0,271,0,271,0,271,0,271,0,271,0,271,0,271,0,271,0,271,0,271,0,271,0,271,0,271,0,271,0,271,0,271,0,271,0,271,0,271,0,271,0,271,0,271,0,271,0,271,0,271,0,271,0,271,0,271,0,271,0,271,0,271,0,271,0,271,0,271,0,271,0,271,0,271,0,271,0,271,0,271,0,271,0,271,0,271,0,271,0,271,0,271,0,271,0,271,0,271,0,271,0,271,0,271,0,271,0,271,0,271,0,271,0,271,0,271,0,271,0,271,0,271,0,271,0,271,0,271,0,271,0,271,0,271,0,271,0,271,0,271,0,271,0,271,0,271,0,271,0,271,0,271,0,271,0,271,0,271,0,271,0,271,0,271,10,271,0,271,0,271,0,271,0,271,0,271,0,271,0,271,0,271,0,271,0,271,0,271,0,271,0,271,0,271,0,271,0,271,0,271,0,271,0,271,0,271,0,271,0,271,0,271,0,271,0,271,0,271,0,271,0,271,0,271,0,271,0,271,0,271,0,271,0,271,0,271,0,271,0,271,0,271,0,271,0,271,0,271,0,271,0,271,0,271,0,271,0,271,0,271,0,271,0,271,0,271,0,271,0,271,0,271,0,271,0,271,0,271,0,271,0,271,0,271,0,271,0,271,0,271,0,271,0,271,0,271,0,271,0,271,0,271,0,271,0,271,0,271,0,271,0,271,0,271,0,271,0,271,0,271,0,271,0,271,0,271,0,271,0,271,0,271,0,271,0,271,0,271,0,271,0,271,0,271,0,271,0,271,0,271,0,271,0,271,0,271,0,271,0,271,0,271,0,271,0,271,0,271,0,271,0,271,0,271,0,271,0,271,0,271,0,271,0,271,0,271,0,271,0,271,0,271,0,271,0,271,0,271,0,271,0,271,0,271,0,271,0,271,0,271,0,271,0
,,272,0,272,0,272,0,272,0,272,0,272,0,272,0,272,0,272,0,272,0,272,0,272,0,272,0,272,0,272,0,272,0,272,0,272,0,272,0,272,0,272,0,272,0,272,0,272,0,272,0,272,0,272,0,272,0,272,0,272,0,272,0,272,0,272,0,272,0,272,0,272,0,272,0,272,0,272,0,272,0,272,0,272,0,272,0,272,0,272,0,272,0,272,0,272,0,272,0,272,0,272,0,272,0,272,0,272,0,272,0,272,0,272,0,272,0,272,0,272,0,272,0,272,0,272,0,272,0,272,0,272,0,272,0,272,0,272,0,272,0,272,0,272,0,272,0,272,0,272,0,272,0,272,0,272,0,272,0,272,0,272,0,272,0,272,0,272,0,272,0,272,0,272,0,272,0,272,0,272,0,272,0,272,0,272,0,272,0,272,0,272,0,272,0,272,0,272,0,272,0,272,0,272,0,272,0,272,0,272,0,272,0,272,0,272,0,272,0,272,0,272,0,272,0,272,0,272,10,272,0,272,0,272,0,272,0,272,2,272,0,272,0,272,16,272,0,272,0,272,0,272,0,272,0,272,0,272,0,272,0,272,0,272,0,272,0,272,0,272,0,272,0,272,0,272,0,272,0,272,0,272,0,272,0,272,0,272,0,272,0,272,0,272,0,272,0,272,0,272,0,272,0,272,0,272,0,272,0,272,0,272,0,272,0,272,0,272,0,272,0,272,0,272,0,272,0,272,0,272,0,272,0,272,0,272,0,272,0,272,0,272,0,272,0,272,0,272,0,272,0,272,0,272,0,272,0,272,0,272,0,272,0,272,0,272,0,272,0,272,0,272,0,272,0,272,0,272,0,272,0,272,0,272,0,272,0,272,0,272,0,272,0,272,0,272,0,272,0,272,0,272,0,272,0,272,0,272,0,272,0,272,0,272,0,272,0,272,0,272,0,272,0,272,0,272,0,272,0,272,0,272,0,272,0,272,0,272,0,272,0,272,0,272,0,272,0,272,0,272,0,272,0,272,0,272,0,272,0,272,0,272,0,272,0,272,0,272,0,272,0,272,0,272,0,272,0,272,0,272,0,272,0,272,0,272,0,272,0,272,0,272,0,272,0,272,0,272,0,272,0,272,0,272,0,272,0,272,0,272,0,272,0,272,0,272,0,272,0,272,0,272,0,272,0,272,0,272,0,272,0,272,0,272,0,272,4,272,0,272,0,272,0,272,0,272,0,272,0,272,0,272,0,272,0,272,0,272,0,272,0,272,0,272,0,272,0,272,0,272,0,272,0,272,0,272,0,272,0,272,0,272,0,272,0,272,0,272,0,272,0,272,0,272,0,272,0,272,0,272,0,272,0,272,0,272,0,272,0,272,0,272,0,272,0,272,0,272,0,272,0,272,0,272,0,272,0,272,0,272,0,272,0,272,0,272,0,272,0,272,0,272,0,272,0,272,0,272,0,272,0,272,0,272,0,272,0,272,0,272,0,272,0,272,0,272,0,272,0,272,0,272,0,272,0,272,0,272,0,272,0,272,0,272,0,272,0,272,0,272,0,272,0,272,0,272,0,272,0,272,0,272,0,272,0,272,0,272,0,272,0,272,0,272,0,272,0,272,0,272,0,272,0,272,0,272,0,272,0,272,0,272,0,272,0,272,0,272,0,272,0,272,0,272,0,272,0,272,0,272,0,272,0,272,0,272,0,272,0,272,0,272,0,272,0,272,0,272,0,272,0,272,0,272,0,272,0,272,0,272,0,272,0,272,0,272,0,272,0,272,0,272,0,272,0,272,0,272,0,272,0,272,0,272,0,272,0,272,0,272,0,272,0,272,0,272,0,272,0,272,0,272,0,272,0,272,0,272,0,272,0,272,0,272,0,272,0,272,0,272,4,272,0,272,0,272,0,272,0,272,0,272,0,272,0,272,0,272,0,272,0,272,0,272,0,272,0,272,0,272,0,272,0,272,0,272,0,272,0,272,0,272,0,272,0,272,0,272,0,272,0,272,0,272,0,272,0,272,0,272,0,272,0,272,0,272,0,272,0,272,0,272,0,272,0,272,0,272,0,272,0,272,0,272,0,272,0,272,0,272,0,272,0,272,0,272,0,272,0,272,0,272,0,272,0,272,0,272,0,272,0,272,0,272,0,272,0,272,0,272,0,272,0,272,0,272,0,272,0,272,0,272,0,272,0,272,0,272,0,272,0,272,0,272,0,272,0,272,0,272,0,272,0,272,0,272,0,272,0,272,0,272,0,272,0,272,0,272,0,272,0,272,0,272,0,272,0,272,0,272,0,272,0,272,0,272,0,272,0,272,0,272,0,272,0,272,0,272,0,272,0,272,0,272,0,272,0,272,0,272,0,272,0,272,0,272,0,272,0,272,0,272,0,272,0,272,0,272,0,272,0,272,0,272,0,272,0,272,0,272,0,272,0,272,0,272,0,272,0
,,273,0,273,0,273,0,273,0,273,0,273,0,273,0,273,0,273,0,273,0,273,0,273,0,273,0,273,0,273,0,273,0,273,0,273,0,273,0,273,0,273,0,273,0,273,0,273,0,273,0,273,0,273,0,273,0,273,0,273,0,273,0,273,0,273,0,273,0,273,0,273,0,273,0,273,0,273,0,273,0,273,0,273,0,273,0,273,0,273,0,273,0,273,0,273,0,273,0,273,0,273,0,273,0,273,0,273,0,273,0,273,0,273,0,273,0,273,0,273,0,273,0,273,0,273,0,273,0,273,0,273,0,273,0,273,0,273,0,273,0,273,0,273,0,273,0,273,0,273,0,273,0,273,0,273,0,273,0,273,0,273,0,273,0,273,0,273,0,273,0,273,0,273,0,273,0,273,0,273,0,273,0,273,0,273,0,273,0,273,0,273,0,273,0,273,0,273,0,273,0,273,0,273,0,273,0,273,0,273,0,273,0,273,0,273,0,273,0,273,0,273,0,273,0,273,0,273,10,273,0,273,0,273,0,273,0,273,0,273,0,273,0,273,15,273,0,273,0,273,0,273,0,273,0,273,0,273,0,273,0,273,0,273,0,273,0,273,0,273,0,273,0,273,0,273,0,273,0,273,0,273,0,273,0,273,0,273,0,273,0,273,0,273,0,273,0,273,0,273,0,273,0,273,0,273,0,273,0,273,0,273,0,273,0,273,0,273,0,273,0,273,0,273,0,273,0,273,0,273,0,273,0,273,0,273,0,273,0,273,0,273,0,273,0,273,0,273,0,273,0,273,0,273,0,273,0,273,0,273,0,273,0,273,0,273,0,273,0,273,0,273,0,273,0,273,0,273,0,273,0,273,0,273,0,273,0,273,0,273,0,273,0,273,0,273,0,273,0,273,0,273,0,273,0,273,0,273,0,273,0,273,0,273,0,273,0,273,0,273,0,273,0,273,0,273,0,273,0,273,0,273,0,273,0,273,0,273,0,273,0,273,0,273,0,273,0,273,0,273,0,273,0,273,0,273,0,273,0,273,0,273,0,273,0,273,0,273,0,273,0,273,0,273,0,273,0,273,0,273,0,273,0,273,0,273,0,273,0,273,0,273,0,273,0,273,0,273,0,273,0,273,0,273,0,273,0,273,0,273,0,273,0,273,0,273,0,273,0,273,0,273,0,273,0,273,0,273,0,273,0,273,0,273,0,273,4,273,0,273,0,273,0,273,0,273,0,273,0,273,0,273,0,273,0,273,0,273,0,273,0,273,0,273,0,273,0,273,0,273,0,273,0,273,0,273,0,273,0,273,0,273,0,273,0,273,0,273,0,273,0,273,0,273,0,273,0,273,0,273,0,273,0,273,0,273,0,273,0,273,0,273,0,273,0,273,0,273,0,273,0,273,0,273,0,273,0,273,0,273,0,273,0,273,0,273,0,273,0,273,0,273,0,273,0,273,0,273,0,273,0,273,0,273,0,273,0,273,0,273,0,273,0,273,0,273,0,273,0,273,0,273,0,273,0,273,0,273,0,273,0,273,0,273,0,273,0,273,0,273,0,273,0,273,0,273,0,273,0,273,0,273,0,273,0,273,0,273,0,273,0,273,0,273,0,273,0,273,0,273,0,273,0,273,0,273,0,273,0,273,0,273,0,273,0,273,0,273,0,273,0,273,0,273,0,273,0,273,0,273,0,273,0,273,0,273,0,273,0,273,0,273,0,273,0,273,0,273,0,273,0,273,0,273,0,273,0,273,0,273,0,273,0,273,0,273,0,273,0,273,0,273,0,273,0,273,0,273,0,273,0,273,0,273,0,273,0,273,0,273,0,273,0,273,0,273,0,273,0,273,0,273,0,273,0,273,0,273,0,273,0,273,0,273,0,273,0,273,0,273,8,273,0,273,0,273,0,273,0,273,0,273,0,273,0,273,0,273,0,273,0,273,0,273,0,273,0,273,0,273,0,273,0,273,0,273,0,273,0,273,0,273,0,273,0,273,0,273,0,273,0,273,0,273,0,273,0,273,0,273,0,273,0,273,0,273,0,273,0,273,0,273,0,273,0,273,0,273,0,273,0,273,0,273,0,273,0,273,0,273,0,273,0,273,0,273,0,273,0,273,0,273,0,273,0,273,0,273,0,273,0,273,0,273,0,273,0,273,0,273,0,273,0,273,0,273,0,273,0,273,0,273,0,273,0,273,0,273,0,273,0,273,0,273,0,273,0,273,0,273,0,273,0,273,0,273,0,273,0,273,0,273,0,273,0,273,0,273,0,273,0,273,0,273,0,273,0,273,0,273,0,273,0,273,0,273,0,273,0,273,0,273,0,273,0,273,0,273,0,273,0,273,0,273,0,273,0,273,0,273,0,273,0,273,0,273,0,273,0,273,0,273,0,273,0,273,0,273,0,273,0,273,0,273,0,273,0,273,0,273,0,273,0,273,0,273,0,273,0
,,274,0,274,0,274,0,274,0,274,0,274,0,274,0,274,0,274,0,274,0,274,0,274,0,274,0,274,0,274,0,274,0,274,0,274,0,274,0,274,0,274,0,274,0,274,0,274,0,274,0,274,0,274,0,274,0,274,0,274,0,274,0,274,0,274,0,274,0,274,0,274,0,274,0,274,0,274,0,274,0,274,0,274,0,274,0,274,0,274,0,274,0,274,0,274,0,274,0,274,0,274,0,274,0,274,0,274,0,274,0,274,0,274,0,274,0,274,0,274,0,274,0,274,0,274,0,274,0,274,0,274,0,274,0,274,0,274,0,274,0,274,0,274,0,274,0,274,0,274,0,274,0,274,0,274,0,274,0,274,0,274,0,274,0,274,0,274,0,274,0,274,0,274,0,274,0,274,0,274,0,274,0,274,0,274,0,274,0,274,0,274,0,274,0,274,0,274,0,274,0,274,0,274,0,274,0,274,0,274,0,274,0,274,0,274,0,274,0,274,0,274,0,274,0,274,0,274,10,274,0,274,0,274,0,274,6,274,3,274,0,274,0,274,12,274,0,274,0,274,0,274,0,274,0,274,0,274,0,274,0,274,0,274,0,274,0,274,0,274,0,274,0,274,0,274,0,274,0,274,0,274,0,274,0,274,0,274,0,274,0,274,0,274,0,274,0,274,0,274,0,274,0,274,0,274,0,274,0,274,0,274,0,274,0,274,0,274,0,274,0,274,0,274,0,274,0,274,0,274,0,274,0,274,0,274,0,274,0,274,0,274,0,274,0,274,0,274,0,274,0,274,0,274,0,274,0,274,0,274,0,274,0,274,0,274,0,274,0,274,0,274,0,274,0,274,0,274,0,274,0,274,0,274,0,274,0,274,0,274,0,274,0,274,0,274,0,274,0,274,0,274,0,274,0,274,0,274,0,274,0,274,0,274,0,274,0,274,0,274,0,274,0,274,0,274,0,274,0,274,0,274,0,274,0,274,0,274,0,274,0,274,0,274,0,274,0,274,0,274,0,274,0,274,0,274,0,274,0,274,0,274,0,274,0,274,0,274,0,274,0,274,0,274,0,274,0,274,0,274,0,274,0,274,0,274,0,274,0,274,0,274,0,274,0,274,0,274,0,274,0,274,0,274,0,274,0,274,0,274,0,274,0,274,0,274,0,274,0,274,0,274,0,274,0,274,0,274,0,274,0,274,0,274,0,274,1,274,0,274,0,274,0,274,0,274,0,274,0,274,0,274,0,274,0,274,0,274,0,274,0,274,0,274,0,274,0,274,0,274,0,274,0,274,0,274,0,274,0,274,0,274,0,274,0,274,0,274,0,274,0,274,0,274,0,274,0,274,0,274,0,274,0,274,0,274,0,274,0,274,0,274,0,274,0,274,0,274,0,274,0,274,0,274,0,274,0,274,0,274,0,274,0,274,0,274,0,274,0,274,0,274,0,274,0,274,0,274,0,274,0,274,0,274,0,274,0,274,0,274,0,274,0,274,0,274,0,274,0,274,0,274,0,274,0,274,0,274,0,274,0,274,0,274,0,274,0,274,0,274,0,274,0,274,0,274,0,274,0,274,0,274,0,274,0,274,0,274,0,274,0,274,0,274,0,274,0,274,0,274,0,274,0,274,0,274,0,274,0,274,0,274,0,274,0,274,0,274,0,274,0,274,0,274,0,274,0,274,0,274,0,274,0,274,0,274,0,274,0,274,0,274,0,274,0,274,0,274,0,274,0,274,0,274,0,274,0,274,0,274,0,274,0,274,0,274,0,274,0,274,0,274,0,274,0,274,0,274,0,274,0,274,0,274,0,274,0,274,0,274,0,274,0,274,0,274,0,274,0,274,0,274,0,274,0,274,0,274,0,274,0,274,0,274,0,274,0,274,0,274,5,274,0,274,0,274,0,274,0,274,0,274,0,274,0,274,0,274,0,274,0,274,0,274,0,274,0,274,0,274,0,274,0,274,0,274,0,274,0,274,0,274,0,274,0,274,0,274,0,274,0,274,0,274,0,274,0,274,0,274,0,274,0,274,0,274,0,274,0,274,0,274,0,274,0,274,0,274,0,274,0,274,0,274,0,274,0,274,0,274,0,274,0,274,0,274,0,274,0,274,0,274,0,274,0,274,0,274,0,274,0,274,0,274,0,274,0,274,0,274,0,274,0,274,0,274,0,274,0,274,0,274,0,274,0,274,0,274,0,274,0,274,0,274,0,274,0,274,0,274,0,274,0,274,0,274,0,274,0,274,0,274,0,274,0,274,0,274,0,274,0,274,0,274,0,274,0,274,0,274,0,274,0,274,0,274,0,274,0,274,0,274,0,274,0,274,0,274,0,274,0,274,0,274,0,274,0,274,0,274,0,274,0,274,0,274,0,274,0,274,0,274,0,274,0,274,0,274,0,274,0,274,0,274,0,274,0,274,0,274,0,274,0,274,0,274,0,274,0
,,275,0,275,0,275,0,275,0,275,0,275,0,275,0,275,0,275,0,275,0,275,0,275,0,275,0,275,0,275,0,275,0,275,0,275,0,275,0,275,0,275,0,275,0,275,0,275,0,275,0,275,0,275,0,275,0,275,0,275,0,275,0,275,0,275,0,275,0,275,0,275,0,275,0,275,0,275,0,275,0,275,0,275,0,275,0,275,0,275,0,275,0,275,0,275,0,275,0,275,0,275,0,275,0,275,0,275,0,275,0,275,0,275,0,275,0,275,0,275,0,275,0,275,0,275,0,275,0,275,0,275,0,275,0,275,0,275,0,275,0,275,0,275,0,275,0,275,0,275,0,275,0,275,0,275,0,275,0,275,0,275,0,275,0,275,0,275,0,275,0,275,0,275,0,275,0,275,0,275,0,275,0,275,0,275,0,275,0,275,0,275,0,275,0,275,0,275,0,275,0,275,0,275,0,275,0,275,0,275,0,275,0,275,0,275,0,275,0,275,0,275,0,275,0,275,0,275,0,275,0,275,0,275,0,275,0,275,0,275,0,275,0,275,0,275,0,275,0,275,0,275,0,275,0,275,0,275,0,275,0,275,0,275,0,275,0,275,0,275,0,275,0,275,0,275,0,275,0,275,0,275,0,275,0,275,0,275,0,275,0,275,0,275,0,275,0,275,0,275,0,275,0,275,0,275,0,275,0,275,0,275,0,275,0,275,0,275,0,275,0,275,0,275,0,275,0,275,0,275,0,275,0,275,0,275,0,275,0,275,0,275,0,275,0,275,0,275,0,275,0,275,0,275,0,275,0,275,0,275,0,275,0,275,0,275,0,275,0,275,0,275,0,275,0,275,0,275,0,275,0,275,0,275,0,275,0,275,0,275,0,275,0,275,0,275,0,275,0,275,0,275,0,275,0,275,0,275,0,275,0,275,0,275,0,275,0,275,0,275,0,275,0,275,0,275,0,275,0,275,0,275,0,275,0,275,0,275,0,275,0,275,0,275,0,275,0,275,0,275,0,275,0,275,0,275,0,275,0,275,0,275,0,275,0,275,0,275,0,275,0,275,0,275,0,275,0,275,0,275,0,275,0,275,0,275,0,275,0,275,0,275,0,275,0,275,0,275,0,275,0,275,0,275,0,275,0,275,0,275,0,275,0,275,0,275,0,275,0,275,0,275,0,275,0,275,0,275,0,275,11,275,0,275,0,275,0,275,10,275,0,275,0,275,0,275,0,275,0,275,0,275,0,275,0,275,0,275,0,275,0,275,0,275,0,275,0,275,0,275,0,275,0,275,0,275,0,275,0,275,0,275,0,275,0,275,0,275,0,275,0,275,0,275,0,275,0,275,0,275,0,275,0,275,0,275,0,275,0,275,0,275,0,275,0,275,0,275,0,275,0,275,0,275,0,275,0,275,0,275,0,275,0,275,0,275,0,275,0,275,0,275,0,275,0,275,0,275,0,275,0,275,0,275,0,275,0,275,0,275,0,275,0,275,0,275,0,275,0,275,0,275,0,275,0,275,0,275,0,275,0,275,0,275,0,275,0,275,0,275,0,275,0,275,0,275,0,275,0,275,0,275,0,275,0,275,0,275,0,275,0,275,0,275,0,275,0,275,0,275,0,275,0,275,0,275,0,275,0,275,0,275,0,275,0,275,0,275,0,275,0,275,0,275,0,275,0,275,0,275,0,275,0,275,0,275,0,275,0,275,0,275,0,275,0,275,0,275,0,275,0,275,0,275,0,275,0,275,0,275,0,275,0,275,0,275,0,275,0,275,0,275,0,275,0,275,0,275,0,275,0,275,0,275,0,275,0,275,0,275,0,275,0,275,0,275,0,275,0,275,0,275,0,275,0,275,0,275,0,275,0,275,0,275,9,275,0,275,0,275,11,275,6,275,0,275,0,275,0,275,0,275,0,275,0,275,0,275,0,275,0,275,0,275,0,275,0,275,0,275,0,275,0,275,0,275,0,275,0,275,0,275,0,275,0,275,0,275,0,275,0,275,0,275,0,275,0,275,0,275,0,275,0,275,0,275,0,275,0,275,0,275,0,275,0,275,0,275,0,275,0,275,0,275,0,275,0,275,0,275,0,275,0,275,0,275,0,275,0,275,0,275,0,275,0,275,0,275,0,275,0,275,0,275,0,275,0,275,0,275,0,275,0,275,0,275,0,275,0,275,0,275,0,275,0,275,0,275,0,275,0,275,0,275,0,275,0,275,0,275,0,275,0,275,0,275,0,275,0,275,0,275,0,275,0,275,0,275,0,275,0,275,0,275,0,275,0,275,0,275,0,275,0,275,0,275,0,275,0,275,0,275,0,275,0,275,0,275,0,275,0,275,0,275,0,275,0,275,0,275,0,275,0,275,0,275,0,275,0,275,0,275,0,275,0,275,0,275,0,275,0,275,0,275,0,275,0,275,0,275,0,275,0,275,0,275,0,275,0
,,276,0,276,0,276,0,276,0,276,0,276,0,276,0,276,0,276,0,276,0,276,0,276,0,276,0,276,0,276,0,276,0,276,0,276,0,276,0,276,0,276,0,276,0,276,0,276,0,276,0,276,0,276,0,276,0,276,0,276,0,276,0,276,0,276,0,276,0,276,0,276,0,276,0,276,0,276,0,276,0,276,0,276,0,276,0,276,0,276,0,276,0,276,0,276,0,276,0,276,0,276,0,276,0,276,0,276,0,276,0,276,0,276,0,276,0,276,0,276,0,276,0,276,0,276,0,276,0,276,0,276,0,276,0,276,0,276,0,276,0,276,0,276,0,276,0,276,0,276,0,276,0,276,0,276,0,276,0,276,0,276,0,276,0,276,0,276,0,276,0,276,0,276,0,276,0,276,0,276,0,276,0,276,0,276,0,276,0,276,0,276,0,276,0,276,0,276,0,276,0,276,0,276,0,276,0,276,0,276,0,276,0,276,0,276,0,276,0,276,0,276,0,276,0,276,0,276,0,276,0,276,0,276,0,276,0,276,0,276,0,276,0,276,7,276,0,276,0,276,0,276,0,276,0,276,0,276,0,276,0,276,0,276,0,276,0,276,0,276,0,276,0,276,0,276,0,276,0,276,0,276,0,276,0,276,0,276,0,276,0,276,0,276,0,276,0,276,0,276,0,276,0,276,0,276,0,276,0,276,0,276,0,276,0,276,0,276,0,276,0,276,0,276,0,276,0,276,0,276,0,276,0,276,0,276,0,276,0,276,0,276,0,276,0,276,0,276,0,276,0,276,0,276,0,276,0,276,0,276,0,276,0,276,0,276,0,276,0,276,0,276,0,276,0,276,0,276,0,276,0,276,0,276,0,276,0,276,0,276,0,276,0,276,0,276,0,276,0,276,0,276,0,276,0,276,0,276,0,276,0,276,0,276,0,276,0,276,0,276,0,276,0,276,0,276,0,276,0,276,0,276,0,276,0,276,0,276,0,276,0,276,0,276,0,276,0,276,0,276,0,276,0,276,0,276,0,276,0,276,0,276,0,276,0,276,0,276,0,276,0,276,0,276,0,276,0,276,0,276,0,276,0,276,0,276,0,276,0,276,0,276,0,276,0,276,0,276,0,276,0,276,0,276,0,276,0,276,0,276,0,276,0,276,0,276,0,276,0,276,0,276,0,276,0,276,0,276,0,276,2,276,0,276,0,276,1,276,5,276,0,276,0,276,0,276,0,276,0,276,0,276,0,276,0,276,0,276,0,276,0,276,0,276,0,276,0,276,0,276,0,276,0,276,0,276,0,276,0,276,0,276,0,276,0,276,0,276,0,276,0,276,0,276,0,276,0,276,0,276,0,276,0,276,0,276,0,276,0,276,0,276,0,276,0,276,0,276,0,276,0,276,0,276,0,276,0,276,0,276,0,276,0,276,0,276,0,276,0,276,0,276,0,276,0,276,0,276,0,276,0,276,0,276,0,276,0,276,0,276,0,276,0,276,0,276,0,276,0,276,0,276,0,276,0,276,0,276,0,276,0,276,0,276,0,276,0,276,0,276,0,276,0,276,0,276,0,276,0,276,0,276,0,276,0,276,0,276,0,276,0,276,0,276,0,276,0,276,0,276,0,276,0,276,0,276,0,276,0,276,0,276,0,276,0,276,0,276,0,276,0,276,0,276,0,276,0,276,0,276,0,276,0,276,0,276,0,276,0,276,0,276,0,276,0,276,0,276,0,276,0,276,0,276,0,276,0,276,0,276,0,276,0,276,0,276,0,276,0,276,0,276,0,276,0,276,0,276,0,276,0,276,0,276,0,276,0,276,0,276,0,276,0,276,0,276,0,276,0,276,0,276,0,276,0,276,0,276,0,276,0,276,1,276,21,276,0,276,0,276,13,276,0,276,0,276,0,276,0,276,0,276,0,276,0,276,0,276,0,276,0,276,0,276,0,276,0,276,0,276,0,276,0,276,0,276,0,276,0,276,0,276,0,276,0,276,0,276,0,276,0,276,0,276,0,276,0,276,0,276,0,276,0,276,0,276,0,276,0,276,0,276,0,276,0,276,0,276,0,276,0,276,0,276,0,276,0,276,0,276,0,276,0,276,0,276,0,276,0,276,0,276,0,276,0,276,0,276,0,276,0,276,0,276,0,276,0,276,0,276,0,276,0,276,0,276,0,276,0,276,0,276,0,276,0,276,0,276,0,276,0,276,0,276,0,276,0,276,0,276,0,276,0,276,0,276,0,276,0,276,0,276,0,276,0,276,0,276,0,276,0,276,0,276,0,276,0,276,0,276,0,276,0,276,0,276,0,276,0,276,0,276,0,276,0,276,0,276,0,276,0,276,0,276,0,276,0,276,0,276,0,276,0,276,0,276,0,276,0,276,0,276,0,276,0,276,0,276,0,276,0,276,0,276,0,276,0,276,0,276,0,276,0,276,0,276,0,276,0
,,277,0,277,0,277,0,277,0,277,0,277,0,277,0,277,0,277,0,277,0,277,0,277,0,277,0,277,0,277,0,277,0,277,0,277,0,277,0,277,0,277,0,277,0,277,0,277,0,277,0,277,0,277,0,277,0,277,0,277,0,277,0,277,0,277,0,277,0,277,0,277,0,277,0,277,0,277,0,277,0,277,0,277,0,277,0,277,0,277,0,277,0,277,0,277,0,277,0,277,0,277,0,277,0,277,0,277,0,277,0,277,0,277,0,277,0,277,0,277,0,277,0,277,0,277,0,277,0,277,0,277,0,277,0,277,0,277,0,277,0,277,0,277,0,277,0,277,0,277,0,277,0,277,0,277,0,277,0,277,0,277,0,277,0,277,0,277,0,277,0,277,0,277,0,277,0,277,0,277,0,277,0,277,0,277,0,277,0,277,0,277,0,277,0,277,0,277,0,277,0,277,0,277,0,277,0,277,0,277,0,277,0,277,0,277,0,277,0,277,0,277,0,277,0,277,0,277,1,277,0,277,0,277,0,277,0,277,0,277,0,277,0,277,0,277,0,277,0,277,0,277,0,277,0,277,0,277,0,277,0,277,0,277,0,277,0,277,0,277,0,277,0,277,0,277,0,277,0,277,0,277,0,277,0,277,0,277,0,277,0,277,0,277,0,277,0,277,0,277,0,277,0,277,0,277,0,277,0,277,0,277,0,277,0,277,0,277,0,277,0,277,0,277,0,277,0,277,0,277,0,277,0,277,0,277,0,277,0,277,0,277,0,277,0,277,0,277,0,277,0,277,0,277,0,277,0,277,0,277,0,277,0,277,0,277,0,277,0,277,0,277,0,277,0,277,0,277,0,277,0,277,0,277,0,277,0,277,0,277,0,277,0,277,0,277,0,277,0,277,0,277,0,277,0,277,0,277,0,277,0,277,0,277,0,277,0,277,0,277,0,277,0,277,0,277,0,277,0,277,0,277,0,277,0,277,0,277,0,277,0,277,0,277,0,277,0,277,0,277,0,277,0,277,0,277,0,277,0,277,0,277,0,277,0,277,0,277,0,277,0,277,0,277,0,277,0,277,0,277,0,277,0,277,0,277,0,277,0,277,0,277,0,277,0,277,0,277,0,277,0,277,0,277,0,277,0,277,0,277,0,277,0,277,0,277,0,277,0,277,0,277,0,277,0,277,0,277,0,277,8,277,0,277,0,277,0,277,2,277,0,277,0,277,0,277,0,277,0,277,0,277,0,277,0,277,0,277,0,277,0,277,0,277,0,277,0,277,0,277,0,277,0,277,0,277,0,277,0,277,0,277,0,277,0,277,0,277,0,277,0,277,0,277,0,277,0,277,0,277,0,277,0,277,0,277,0,277,0,277,0,277,0,277,0,277,0,277,0,277,0,277,0,277,0,277,0,277,0,277,0,277,0,277,0,277,0,277,0,277,0,277,0,277,0,277,0,277,0,277,0,277,0,277,0,277,0,277,0,277,0,277,0,277,0,277,0,277,0,277,0,277,0,277,0,277,0,277,0,277,0,277,0,277,0,277,0,277,0,277,0,277,0,277,0,277,0,277,0,277,0,277,0,277,0,277,0,277,0,277,0,277,0,277,0,277,0,277,0,277,0,277,0,277,0,277,0,277,0,277,0,277,0,277,0,277,0,277,0,277,0,277,0,277,0,277,0,277,0,277,0,277,0,277,0,277,0,277,0,277,0,277,0,277,0,277,0,277,0,277,0,277,0,277,0,277,0,277,0,277,0,277,0,277,0,277,0,277,0,277,0,277,0,277,0,277,0,277,0,277,0,277,0,277,0,277,0,277,0,277,0,277,0,277,0,277,0,277,0,277,0,277,0,277,0,277,0,277,0,277,0,277,0,277,6,277,0,277,0,277,20,277,4,277,0,277,0,277,0,277,0,277,0,277,0,277,0,277,0,277,0,277,0,277,0,277,0,277,0,277,0,277,0,277,0,277,0,277,0,277,0,277,0,277,0,277,0,277,0,277,0,277,0,277,0,277,0,277,0,277,0,277,0,277,0,277,0,277,0,277,0,277,0,277,0,277,0,277,0,277,0,277,0,277,0,277,0,277,0,277,0,277,0,277,0,277,0,277,0,277,0,277,0,277,0,277,0,277,0,277,0,277,0,277,0,277,0,277,0,277,0,277,0,277,0,277,0,277,0,277,0,277,0,277,0,277,0,277,0,277,0,277,0,277,0,277,0,277,0,277,0,277,0,277,0,277,0,277,0,277,0,277,0,277,0,277,0,277,0,277,0,277,0,277,0,277,0,277,0,277,0,277,0,277,0,277,0,277,0,277,0,277,0,277,0,277,0,277,0,277,0,277,0,277,0,277,0,277,0,277,0,277,0,277,0,277,0,277,0,277,0,277,0,277,0,277,0,277,0,277,0,277,0,277,0,277,0,277,0,277,0,277,0,277,0,277,0,277,0
,,278,0,278,0,278,0,278,0,278,0,278,0,278,0,278,0,278,0,278,0,278,0,278,0,278,0,278,0,278,0,278,0,278,0,278,0,278,0,278,0,278,0,278,0,278,0,278,0,278,0,278,0,278,0,278,0,278,0,278,0,278,0,278,0,278,0,278,0,278,0,278,0,278,0,278,0,278,0,278,0,278,0,278,0,278,0,278,0,278,0,278,0,278,0,278,0,278,0,278,0,278,0,278,0,278,0,278,0,278,0,278,0,278,0,278,0,278,0,278,0,278,0,278,0,278,0,278,0,278,0,278,0,278,0,278,0,278,0,278,0,278,0,278,0,278,0,278,0,278,0,278,0,278,0,278,0,278,0,278,0,278,0,278,0,278,0,278,0,278,0,278,0,278,0,278,0,278,0,278,0,278,0,278,0,278,0,278,0,278,0,278,0,278,0,278,0,278,0,278,0,278,0,278,0,278,0,278,0,278,0,278,0,278,0,278,0,278,0,278,0,278,0,278,0,278,0,278,0,278,0,278,0,278,0,278,0,278,0,278,0,278,0,278,0,278,0,278,0,278,0,278,0,278,0,278,0,278,0,278,0,278,0,278,0,278,0,278,0,278,0,278,0,278,0,278,0,278,0,278,0,278,0,278,0,278,0,278,0,278,0,278,0,278,0,278,0,278,0,278,0,278,0,278,0,278,0,278,0,278,0,278,0,278,0,278,0,278,0,278,0,278,0,278,0,278,0,278,0,278,0,278,0,278,0,278,0,278,0,278,0,278,0,278,0,278,0,278,0,278,0,278,0,278,0,278,0,278,0,278,0,278,0,278,0,278,0,278,0,278,0,278,0,278,0,278,0,278,0,278,0,278,0,278,0,278,0,278,0,278,0,278,0,278,0,278,0,278,0,278,0,278,0,278,0,278,0,278,0,278,0,278,0,278,0,278,0,278,0,278,0,278,0,278,0,278,0,278,0,278,0,278,0,278,0,278,0,278,0,278,0,278,0,278,0,278,0,278,0,278,0,278,0,278,0,278,0,278,0,278,0,278,0,278,0,278,0,278,0,278,0,278,0,278,0,278,0,278,0,278,0,278,0,278,0,278,0,278,0,278,0,278,0,278,0,278,0,278,0,278,0,278,0,278,0,278,0,278,0,278,0,278,0,278,0,278,0,278,0,278,0,278,0,278,0,278,0,278,0,278,4,278,0,278,0,278,0,278,7,278,0,278,0,278,0,278,0,278,0,278,0,278,0,278,0,278,0,278,0,278,0,278,0,278,0,278,0,278,0,278,0,278,0,278,0,278,0,278,0,278,0,278,0,278,0,278,0,278,0,278,0,278,0,278,0,278,0,278,0,278,0,278,0,278,0,278,0,278,0,278,0,278,0,278,0,278,0,278,0,278,0,278,0,278,0,278,0,278,0,278,0,278,0,278,0,278,0,278,0,278,0,278,0,278,0,278,0,278,0,278,0,278,0,278,0,278,0,278,0,278,0,278,0,278,0,278,0,278,0,278,0,278,0,278,0,278,0,278,0,278,0,278,0,278,0,278,0,278,0,278,0,278,0,278,0,278,0,278,0,278,0,278,0,278,0,278,0,278,0,278,0,278,0,278,0,278,0,278,0,278,0,278,0,278,0,278,0,278,0,278,0,278,0,278,0,278,0,278,0,278,0,278,0,278,0,278,0,278,0,278,0,278,0,278,0,278,0,278,0,278,0,278,0,278,0,278,0,278,0,278,0,278,0,278,0,278,0,278,0,278,0,278,0,278,0,278,0,278,0,278,0,278,0,278,0,278,0,278,0,278,0,278,0,278,0,278,0,278,0,278,0,278,2,278,0,278,0,278,0,278,0,278,0,278,0,278,0,278,0,278,0,278,0,278,22,278,0,278,0,278,7,278,5,278,0,278,0,278,0,278,0,278,0,278,0,278,0,278,0,278,0,278,0,278,0,278,0,278,0,278,0,278,0,278,0,278,0,278,0,278,0,278,0,278,0,278,0,278,0,278,0,278,0,278,0,278,0,278,0,278,0,278,0,278,0,278,0,278,0,278,0,278,0,278,0,278,0,278,0,278,0,278,0,278,0,278,0,278,0,278,0,278,0,278,0,278,0,278,0,278,0,278,0,278,0,278,0,278,0,278,0,278,0,278,0,278,0,278,0,278,0,278,0,278,0,278,0,278,0,278,0,278,0,278,0,278,0,278,0,278,0,278,0,278,0,278,0,278,0,278,0,278,0,278,0,278,0,278,0,278,0,278,0,278,0,278,0,278,0,278,0,278,0,278,0,278,0,278,0,278,0,278,0,278,0,278,0,278,0,278,0,278,0,278,0,278,0,278,0,278,0,278,0,278,0,278,0,278,0,278,0,278,0,278,0,278,0,278,0,278,0,278,0,278,0,278,0,278,0,278,0,278,0,278,0,278,0,278,0,278,0,278,0,278,0,278,0,278,0
,,279,0,279,0,279,0,279,0,279,0,279,0,279,0,279,0,279,0,279,0,279,0,279,0,279,0,279,0,279,0,279,0,279,0,279,0,279,0,279,0,279,0,279,0,279,0,279,0,279,0,279,0,279,0,279,0,279,0,279,0,279,0,279,0,279,0,279,0,279,0,279,0,279,0,279,0,279,0,279,0,279,0,279,0,279,0,279,0,279,0,279,0,279,0,279,0,279,0,279,0,279,0,279,0,279,0,279,0,279,0,279,0,279,0,279,0,279,0,279,0,279,0,279,0,279,0,279,0,279,0,279,0,279,0,279,0,279,0,279,0,279,0,279,0,279,0,279,0,279,0,279,0,279,0,279,0,279,0,279,0,279,0,279,0,279,0,279,0,279,0,279,0,279,0,279,0,279,0,279,0,279,0,279,0,279,0,279,0,279,0,279,0,279,0,279,0,279,0,279,0,279,0,279,0,279,0,279,0,279,0,279,0,279,0,279,0,279,0,279,0,279,0,279,0,279,0,279,0,279,0,279,0,279,0,279,0,279,0,279,0,279,0,279,5,279,0,279,0,279,0,279,0,279,0,279,0,279,0,279,0,279,0,279,0,279,0,279,0,279,0,279,0,279,0,279,0,279,0,279,0,279,0,279,0,279,0,279,0,279,0,279,0,279,0,279,0,279,0,279,0,279,0,279,0,279,0,279,0,279,0,279,0,279,0,279,0,279,0,279,0,279,0,279,0,279,0,279,0,279,0,279,0,279,0,279,0,279,0,279,0,279,0,279,0,279,0,279,0,279,0,279,0,279,0,279,0,279,0,279,0,279,0,279,0,279,0,279,0,279,0,279,0,279,0,279,0,279,0,279,0,279,0,279,0,279,0,279,0,279,0,279,0,279,0,279,0,279,0,279,0,279,0,279,0,279,0,279,0,279,0,279,0,279,0,279,0,279,0,279,0,279,0,279,0,279,0,279,0,279,0,279,0,279,0,279,0,279,0,279,0,279,0,279,0,279,0,279,0,279,0,279,0,279,0,279,0,279,0,279,0,279,0,279,0,279,0,279,0,279,0,279,0,279,0,279,0,279,0,279,0,279,0,279,0,279,0,279,0,279,0,279,0,279,0,279,0,279,0,279,0,279,0,279,0,279,0,279,0,279,0,279,0,279,0,279,0,279,0,279,0,279,0,279,0,279,0,279,0,279,0,279,0,279,0,279,0,279,0,279,0,279,0,279,8,279,0,279,0,279,11,279,3,279,0,279,0,279,0,279,0,279,0,279,0,279,0,279,0,279,0,279,0,279,0,279,0,279,0,279,0,279,0,279,0,279,0,279,0,279,0,279,0,279,0,279,0,279,0,279,0,279,0,279,0,279,0,279,0,279,0,279,0,279,0,279,0,279,0,279,0,279,0,279,0,279,0,279,0,279,0,279,0,279,0,279,0,279,0,279,0,279,0,279,0,279,0,279,0,279,0,279,0,279,0,279,0,279,0,279,0,279,0,279,0,279,0,279,0,279,0,279,0,279,0,279,0,279,0,279,0,279,0,279,0,279,0,279,0,279,0,279,0,279,0,279,0,279,0,279,0,279,0,279,0,279,0,279,0,279,0,279,0,279,0,279,0,279,0,279,0,279,0,279,0,279,0,279,0,279,0,279,0,279,0,279,0,279,0,279,0,279,0,279,0,279,0,279,0,279,0,279,0,279,0,279,0,279,0,279,0,279,0,279,0,279,0,279,0,279,0,279,0,279,0,279,0,279,0,279,0,279,0,279,0,279,0,279,0,279,0,279,0,279,0,279,0,279,0,279,0,279,0,279,0,279,0,279,0,279,0,279,0,279,0,279,0,279,0,279,0,279,0,279,0,279,0,279,0,279,0,279,0,279,25,279,0,279,0,279,0,279,0,279,0,279,0,279,0,279,0,279,0,279,0,279,0,279,0,279,0,279,0,279,0,279,0,279,0,279,0,279,0,279,0,279,0,279,0,279,0,279,0,279,0,279,0,279,0,279,0,279,0,279,0,279,0,279,0,279,0,279,0,279,0,279,0,279,0,279,0,279,0,279,0,279,0,279,0,279,0,279,0,279,0,279,0,279,0,279,0,279,0,279,0,279,0,279,0,279,0,279,0,279,0,279,0,279,0,279,0,279,0,279,0,279,0,279,0,279,0,279,0,279,0,279,0,279,0,279,0,279,0,279,0,279,0,279,0,279,0,279,0,279,0,279,0,279,0,279,0,279,0,279,0,279,0,279,0,279,0,279,0,279,0,279,0,279,0,279,0,279,0,279,0,279,0,279,0,279,0,279,0,279,0,279,0,279,0,279,0,279,0,279,0,279,0,279,0,279,0,279,0,279,0,279,0,279,0,279,0,279,0,279,0,279,0,279,0,279,0,279,0,279,0,279,0,279,0,279,0,279,0,279,0,279,0,279,0,279,0,279,0,279,0,279,0,279,0
,,280,0,280,0,280,0,280,0,280,0,280,0,280,0,280,0,280,0,280,0,280,0,280,0,280,0,280,0,280,0,280,0,280,0,280,0,280,0,280,0,280,0,280,0,280,0,280,0,280,0,280,0,280,0,280,0,280,0,280,0,280,0,280,0,280,0,280,0,280,0,280,0,280,0,280,0,280,0,280,0,280,0,280,0,280,0,280,0,280,0,280,0,280,0,280,0,280,0,280,0,280,0,280,0,280,0,280,0,280,0,280,0,280,0,280,0,280,0,280,0,280,0,280,0,280,0,280,0,280,0,280,0,280,0,280,0,280,0,280,0,280,0,280,0,280,0,280,0,280,0,280,0,280,0,280,0,280,0,280,0,280,0,280,0,280,0,280,0,280,0,280,0,280,0,280,0,280,0,280,0,280,0,280,0,280,0,280,0,280,0,280,0,280,0,280,0,280,0,280,0,280,0,280,0,280,0,280,0,280,0,280,0,280,0,280,0,280,0,280,0,280,0,280,0,280,0,280,0,280,0,280,0,280,0,280,0,280,0,280,0,280,0,280,12,280,0,280,0,280,0,280,0,280,0,280,0,280,0,280,0,280,0,280,0,280,0,280,0,280,0,280,0,280,0,280,0,280,0,280,0,280,0,280,0,280,0,280,0,280,0,280,0,280,0,280,0,280,0,280,0,280,0,280,0,280,0,280,0,280,0,280,0,280,0,280,0,280,0,280,0,280,0,280,0,280,0,280,0,280,0,280,0,280,0,280,0,280,0,280,0,280,0,280,0,280,0,280,0,280,0,280,0,280,0,280,0,280,0,280,0,280,0,280,0,280,0,280,0,280,0,280,0,280,0,280,0,280,0,280,0,280,0,280,0,280,0,280,0,280,0,280,0,280,0,280,0,280,0,280,0,280,0,280,0,280,0,280,0,280,0,280,0,280,0,280,0,280,0,280,0,280,0,280,0,280,0,280,0,280,0,280,0,280,0,280,0,280,0,280,0,280,0,280,0,280,0,280,0,280,0,280,0,280,0,280,0,280,0,280,0,280,0,280,0,280,0,280,0,280,0,280,0,280,0,280,0,280,0,280,0,280,0,280,0,280,0,280,0,280,0,280,0,280,0,280,0,280,0,280,0,280,0,280,0,280,0,280,0,280,0,280,0,280,0,280,0,280,0,280,0,280,0,280,0,280,0,280,0,280,0,280,0,280,0,280,0,280,4,280,0,280,0,280,4,280,0,280,0,280,1,280,0,280,0,280,0,280,0,280,0,280,0,280,0,280,0,280,0,280,0,280,0,280,0,280,0,280,0,280,0,280,0,280,0,280,0,280,0,280,0,280,0,280,0,280,0,280,0,280,0,280,0,280,0,280,0,280,0,280,0,280,0,280,0,280,0,280,0,280,0,280,0,280,0,280,0,280,0,280,0,280,0,280,0,280,0,280,0,280,0,280,0,280,0,280,0,280,0,280,0,280,0,280,0,280,0,280,0,280,0,280,0,280,0,280,0,280,0,280,0,280,0,280,0,280,0,280,0,280,0,280,0,280,0,280,0,280,0,280,0,280,0,280,0,280,0,280,0,280,0,280,0,280,0,280,0,280,0,280,0,280,0,280,0,280,0,280,0,280,0,280,0,280,0,280,0,280,0,280,0,280,0,280,0,280,0,280,0,280,0,280,0,280,0,280,0,280,0,280,0,280,0,280,0,280,0,280,0,280,0,280,0,280,0,280,0,280,0,280,0,280,0,280,0,280,0,280,0,280,0,280,0,280,0,280,0,280,0,280,0,280,0,280,0,280,0,280,0,280,0,280,0,280,0,280,0,280,0,280,0,280,0,280,0,280,0,280,0,280,0,280,0,280,0,280,0,280,0,280,0,280,0,280,21,280,0,280,0,280,1,280,0,280,0,280,0,280,0,280,0,280,0,280,0,280,0,280,0,280,0,280,0,280,0,280,0,280,0,280,0,280,0,280,0,280,0,280,0,280,0,280,0,280,0,280,0,280,0,280,0,280,0,280,0,280,0,280,0,280,0,280,0,280,0,280,0,280,0,280,0,280,0,280,0,280,0,280,0,280,0,280,0,280,0,280,0,280,0,280,0,280,0,280,0,280,0,280,0,280,0,280,0,280,0,280,0,280,0,280,0,280,0,280,0,280,0,280,0,280,0,280,0,280,0,280,0,280,0,280,0,280,0,280,0,280,0,280,0,280,0,280,0,280,0,280,0,280,0,280,0,280,0,280,0,280,0,280,0,280,0,280,0,280,0,280,0,280,0,280,0,280,0,280,0,280,0,280,0,280,0,280,0,280,0,280,0,280,0,280,0,280,0,280,0,280,0,280,0,280,0,280,0,280,0,280,0,280,0,280,0,280,0,280,0,280,0,280,0,280,0,280,0,280,0,280,0,280,0,280,0,280,0,280,0,280,0,280,0,280,0,280,0,280,0,280,0,280,0
,,281,0,281,0,281,0,281,0,281,0,281,0,281,0,281,0,281,0,281,0,281,0,281,0,281,0,281,0,281,0,281,0,281,0,281,0,281,0,281,0,281,0,281,0,281,0,281,0,281,0,281,0,281,0,281,0,281,0,281,0,281,0,281,0,281,0,281,0,281,0,281,0,281,0,281,0,281,0,281,0,281,0,281,0,281,0,281,0,281,0,281,0,281,0,281,0,281,0,281,0,281,0,281,0,281,0,281,0,281,0,281,0,281,0,281,0,281,0,281,0,281,0,281,0,281,0,281,0,281,0,281,0,281,0,281,0,281,0,281,0,281,0,281,0,281,0,281,0,281,0,281,0,281,0,281,0,281,0,281,0,281,0,281,0,281,0,281,0,281,0,281,0,281,0,281,0,281,0,281,0,281,0,281,0,281,0,281,0,281,0,281,0,281,0,281,0,281,0,281,0,281,0,281,0,281,0,281,0,281,0,281,0,281,0,281,0,281,0,281,0,281,0,281,0,281,0,281,0,281,0,281,0,281,0,281,0,281,0,281,0,281,0,281,9,281,0,281,0,281,0,281,0,281,0,281,0,281,0,281,0,281,0,281,0,281,0,281,0,281,0,281,0,281,0,281,0,281,0,281,0,281,0,281,0,281,0,281,0,281,0,281,0,281,0,281,0,281,0,281,0,281,0,281,0,281,0,281,0,281,0,281,0,281,0,281,0,281,0,281,0,281,0,281,0,281,0,281,0,281,0,281,0,281,0,281,0,281,0,281,0,281,0,281,0,281,0,281,0,281,0,281,0,281,0,281,0,281,0,281,0,281,0,281,0,281,0,281,0,281,0,281,0,281,0,281,0,281,0,281,0,281,0,281,0,281,0,281,0,281,0,281,0,281,0,281,0,281,0,281,0,281,0,281,0,281,0,281,0,281,0,281,0,281,0,281,0,281,0,281,0,281,0,281,0,281,0,281,0,281,0,281,0,281,0,281,0,281,0,281,0,281,0,281,0,281,0,281,0,281,0,281,0,281,0,281,0,281,0,281,0,281,0,281,0,281,0,281,0,281,0,281,0,281,0,281,0,281,0,281,0,281,0,281,0,281,0,281,0,281,0,281,0,281,0,281,0,281,0,281,0,281,0,281,0,281,0,281,0,281,0,281,0,281,0,281,0,281,0,281,0,281,0,281,0,281,0,281,0,281,0,281,0,281,0,281,0,281,4,281,0,281,0,281,0,281,0,281,0,281,0,281,0,281,0,281,0,281,0,281,0,281,0,281,0,281,0,281,0,281,0,281,0,281,0,281,0,281,0,281,0,281,0,281,0,281,0,281,0,281,0,281,0,281,0,281,0,281,0,281,0,281,0,281,0,281,0,281,0,281,0,281,0,281,0,281,0,281,0,281,0,281,0,281,0,281,0,281,0,281,0,281,0,281,0,281,0,281,0,281,0,281,0,281,0,281,0,281,0,281,0,281,0,281,0,281,0,281,0,281,0,281,0,281,0,281,0,281,0,281,0,281,0,281,0,281,0,281,0,281,0,281,0,281,0,281,0,281,0,281,0,281,0,281,0,281,0,281,0,281,0,281,0,281,0,281,0,281,0,281,0,281,0,281,0,281,0,281,0,281,0,281,0,281,0,281,0,281,0,281,0,281,0,281,0,281,0,281,0,281,0,281,0,281,0,281,0,281,0,281,0,281,0,281,0,281,0,281,0,281,0,281,0,281,0,281,0,281,0,281,0,281,0,281,0,281,0,281,0,281,0,281,0,281,0,281,0,281,0,281,0,281,0,281,0,281,0,281,0,281,0,281,0,281,0,281,0,281,0,281,0,281,0,281,0,281,0,281,0,281,0,281,0,281,0,281,0,281,0,281,0,281,1,281,26,281,0,281,0,281,8,281,0,281,0,281,0,281,0,281,0,281,0,281,0,281,0,281,0,281,0,281,0,281,0,281,0,281,0,281,0,281,0,281,0,281,0,281,0,281,0,281,0,281,0,281,0,281,0,281,0,281,0,281,0,281,0,281,0,281,0,281,0,281,0,281,0,281,0,281,0,281,0,281,0,281,0,281,0,281,0,281,0,281,0,281,0,281,0,281,0,281,0,281,0,281,0,281,0,281,0,281,0,281,0,281,0,281,0,281,0,281,0,281,0,281,0,281,0,281,0,281,0,281,0,281,0,281,0,281,0,281,0,281,0,281,0,281,0,281,0,281,0,281,0,281,0,281,0,281,0,281,0,281,0,281,0,281,0,281,0,281,0,281,0,281,0,281,0,281,0,281,0,281,0,281,0,281,0,281,0,281,0,281,0,281,0,281,0,281,0,281,0,281,0,281,0,281,0,281,0,281,0,281,0,281,0,281,0,281,0,281,0,281,0,281,0,281,0,281,0,281,0,281,0,281,0,281,0,281,0,281,0,281,0,281,0,281,0,281,0,281,0,281,0,281,0,281,0
,,282,0,282,0,282,0,282,0,282,0,282,0,282,0,282,0,282,0,282,0,282,0,282,0,282,0,282,0,282,0,282,0,282,0,282,0,282,0,282,0,282,0,282,0,282,0,282,0,282,0,282,0,282,0,282,0,282,0,282,0,282,0,282,0,282,0,282,0,282,0,282,0,282,0,282,0,282,0,282,0,282,0,282,0,282,0,282,0,282,0,282,0,282,0,282,0,282,0,282,0,282,0,282,0,282,0,282,0,282,0,282,0,282,0,282,0,282,0,282,0,282,0,282,0,282,0,282,0,282,0,282,0,282,0,282,0,282,0,282,0,282,0,282,0,282,0,282,0,282,0,282,0,282,0,282,0,282,0,282,0,282,0,282,0,282,0,282,0,282,0,282,0,282,0,282,0,282,0,282,0,282,0,282,0,282,0,282,0,282,0,282,0,282,0,282,0,282,0,282,0,282,0,282,0,282,0,282,0,282,0,282,0,282,0,282,0,282,0,282,0,282,0,282,0,282,0,282,0,282,0,282,0,282,0,282,0,282,0,282,0,282,0,282,6,282,0,282,0,282,0,282,0,282,0,282,0,282,0,282,0,282,0,282,0,282,0,282,0,282,0,282,0,282,0,282,0,282,0,282,0,282,0,282,0,282,0,282,0,282,0,282,0,282,0,282,0,282,0,282,0,282,0,282,0,282,0,282,0,282,0,282,0,282,0,282,0,282,0,282,0,282,0,282,0,282,0,282,0,282,0,282,0,282,0,282,0,282,0,282,0,282,0,282,0,282,0,282,0,282,0,282,0,282,0,282,0,282,0,282,0,282,0,282,0,282,0,282,0,282,0,282,0,282,0,282,0,282,0,282,0,282,0,282,0,282,0,282,0,282,0,282,0,282,0,282,0,282,0,282,0,282,0,282,0,282,0,282,0,282,0,282,0,282,0,282,0,282,0,282,0,282,0,282,0,282,0,282,0,282,0,282,0,282,0,282,0,282,0,282,0,282,0,282,0,282,0,282,0,282,0,282,0,282,0,282,0,282,0,282,0,282,0,282,0,282,0,282,0,282,0,282,0,282,0,282,0,282,0,282,0,282,0,282,0,282,0,282,0,282,0,282,0,282,0,282,0,282,0,282,0,282,0,282,0,282,0,282,0,282,0,282,0,282,0,282,0,282,0,282,0,282,0,282,0,282,0,282,0,282,2,282,0,282,0,282,1,282,7,282,0,282,0,282,0,282,0,282,0,282,0,282,0,282,0,282,0,282,0,282,0,282,0,282,0,282,0,282,0,282,0,282,0,282,0,282,0,282,0,282,0,282,0,282,0,282,0,282,0,282,0,282,0,282,0,282,0,282,0,282,0,282,0,282,0,282,0,282,0,282,0,282,0,282,0,282,0,282,0,282,0,282,0,282,0,282,0,282,0,282,0,282,0,282,0,282,0,282,0,282,0,282,0,282,0,282,0,282,0,282,0,282,0,282,0,282,0,282,0,282,0,282,0,282,0,282,0,282,0,282,0,282,0,282,0,282,0,282,0,282,0,282,0,282,0,282,0,282,0,282,0,282,0,282,0,282,0,282,0,282,0,282,0,282,0,282,0,282,0,282,0,282,0,282,0,282,0,282,0,282,0,282,0,282,0,282,0,282,0,282,0,282,0,282,0,282,0,282,0,282,0,282,0,282,0,282,0,282,0,282,0,282,0,282,0,282,0,282,0,282,0,282,0,282,0,282,0,282,0,282,0,282,0,282,0,282,0,282,0,282,0,282,0,282,0,282,0,282,0,282,0,282,0,282,0,282,0,282,0,282,0,282,0,282,0,282,0,282,0,282,0,282,0,282,0,282,0,282,0,282,0,282,0,282,0,282,0,282,0,282,0,282,0,282,16,282,0,282,0,282,14,282,0,282,0,282,0,282,0,282,0,282,0,282,0,282,0,282,0,282,0,282,0,282,0,282,0,282,0,282,0,282,0,282,0,282,0,282,0,282,0,282,0,282,0,282,0,282,0,282,0,282,0,282,0,282,0,282,0,282,0,282,0,282,0,282,0,282,0,282,0,282,0,282,0,282,0,282,0,282,0,282,0,282,0,282,0,282,0,282,0,282,0,282,0,282,0,282,0,282,0,282,0,282,0,282,0,282,0,282,0,282,0,282,0,282,0,282,0,282,0,282,0,282,0,282,0,282,0,282,0,282,0,282,0,282,0,282,0,282,0,282,0,282,0,282,0,282,0,282,0,282,0,282,0,282,0,282,0,282,0,282,0,282,0,282,0,282,0,282,0,282,0,282,0,282,0,282,0,282,0,282,0,282,0,282,0,282,0,282,0,282,0,282,0,282,0,282,0,282,0,282,0,282,0,282,0,282,0,282,0,282,0,282,0,282,0,282,0,282,0,282,0,282,0,282,0,282,0,282,0,282,0,282,0,282,0,282,0,282,0,282,0,282,0,282,0,282,0
,,283,0,283,0,283,0,283,0,283,0,283,0,283,0,283,0,283,0,283,0,283,0,283,0,283,0,283,0,283,0,283,0,283,0,283,0,283,0,283,0,283,0,283,0,283,0,283,0,283,0,283,0,283,0,283,0,283,0,283,0,283,0,283,0,283,0,283,0,283,0,283,0,283,0,283,0,283,0,283,0,283,0,283,0,283,0,283,0,283,0,283,0,283,0,283,0,283,0,283,0,283,0,283,0,283,0,283,0,283,0,283,0,283,0,283,0,283,0,283,0,283,0,283,0,283,0,283,0,283,0,283,0,283,0,283,0,283,0,283,0,283,0,283,0,283,0,283,0,283,0,283,0,283,0,283,0,283,0,283,0,283,0,283,0,283,0,283,0,283,0,283,0,283,0,283,0,283,0,283,0,283,0,283,0,283,0,283,0,283,0,283,0,283,0,283,0,283,0,283,0,283,0,283,0,283,0,283,0,283,0,283,0,283,0,283,0,283,0,283,0,283,0,283,0,283,0,283,0,283,0,283,0,283,0,283,0,283,0,283,0,283,0,283,1,283,0,283,0,283,0,283,0,283,0,283,0,283,0,283,0,283,0,283,0,283,0,283,0,283,0,283,0,283,0,283,0,283,0,283,0,283,0,283,0,283,0,283,0,283,0,283,0,283,0,283,0,283,0,283,0,283,0,283,0,283,0,283,0,283,0,283,0,283,0,283,0,283,0,283,0,283,0,283,0,283,0,283,0,283,0,283,0,283,0,283,0,283,0,283,0,283,0,283,0,283,0,283,0,283,0,283,0,283,0,283,0,283,0,283,0,283,0,283,0,283,0,283,0,283,0,283,0,283,0,283,0,283,0,283,0,283,0,283,0,283,0,283,0,283,0,283,0,283,0,283,0,283,0,283,0,283,0,283,0,283,0,283,0,283,0,283,0,283,0,283,0,283,0,283,0,283,0,283,0,283,0,283,0,283,0,283,0,283,0,283,0,283,0,283,0,283,0,283,0,283,0,283,0,283,0,283,0,283,0,283,0,283,0,283,0,283,0,283,0,283,0,283,0,283,0,283,0,283,0,283,0,283,0,283,0,283,0,283,0,283,0,283,0,283,0,283,0,283,0,283,0,283,0,283,0,283,0,283,0,283,0,283,0,283,0,283,0,283,0,283,0,283,0,283,0,283,0,283,0,283,0,283,0,283,3,283,0,283,0,283,0,283,9,283,0,283,0,283,0,283,0,283,0,283,0,283,0,283,0,283,0,283,0,283,0,283,0,283,0,283,0,283,0,283,0,283,0,283,0,283,0,283,0,283,0,283,0,283,0,283,0,283,0,283,0,283,0,283,0,283,0,283,0,283,0,283,0,283,0,283,0,283,0,283,0,283,0,283,0,283,0,283,0,283,0,283,0,283,0,283,0,283,0,283,0,283,0,283,0,283,0,283,0,283,0,283,0,283,0,283,0,283,0,283,0,283,0,283,0,283,0,283,0,283,0,283,0,283,0,283,0,283,0,283,0,283,0,283,0,283,0,283,0,283,0,283,0,283,0,283,0,283,0,283,0,283,0,283,0,283,0,283,0,283,0,283,0,283,0,283,0,283,0,283,0,283,0,283,0,283,0,283,0,283,0,283,0,283,0,283,0,283,0,283,0,283,0,283,0,283,0,283,0,283,0,283,0,283,0,283,0,283,0,283,0,283,0,283,0,283,0,283,0,283,0,283,0,283,0,283,0,283,0,283,0,283,0,283,0,283,0,283,0,283,0,283,0,283,0,283,0,283,0,283,0,283,0,283,0,283,0,283,0,283,0,283,0,283,0,283,0,283,0,283,0,283,0,283,0,283,0,283,0,283,0,283,0,283,0,283,0,283,0,283,0,283,0,283,19,283,0,283,0,283,11,283,0,283,0,283,0,283,0,283,0,283,0,283,0,283,0,283,0,283,0,283,0,283,0,283,0,283,0,283,0,283,0,283,0,283,0,283,0,283,0,283,0,283,0,283,0,283,0,283,0,283,0,283,0,283,0,283,0,283,0,283,0,283,0,283,0,283,0,283,0,283,0,283,0,283,0,283,0,283,0,283,0,283,0,283,0,283,0,283,0,283,0,283,0,283,0,283,0,283,0,283,0,283,0,283,0,283,0,283,0,283,0,283,0,283,0,283,0,283,0,283,0,283,0,283,0,283,0,283,0,283,0,283,0,283,0,283,0,283,0,283,0,283,0,283,0,283,0,283,0,283,0,283,0,283,0,283,0,283,0,283,0,283,0,283,0,283,0,283,0,283,0,283,0,283,0,283,0,283,0,283,0,283,0,283,0,283,0,283,0,283,0,283,0,283,0,283,0,283,0,283,0,283,0,283,0,283,0,283,0,283,0,283,0,283,0,283,0,283,0,283,0,283,0,283,0,283,0,283,0,283,0,283,0,283,0,283,0,283,0,283,0,283,0,283,0,283,0
,,284,0,284,0,284,0,284,0,284,0,284,0,284,0,284,0,284,0,284,0,284,0,284,0,284,0,284,0,284,0,284,0,284,0,284,0,284,0,284,0,284,0,284,0,284,0,284,0,284,0,284,0,284,0,284,0,284,0,284,0,284,0,284,0,284,0,284,0,284,0,284,0,284,0,284,0,284,0,284,0,284,0,284,0,284,0,284,0,284,0,284,0,284,0,284,0,284,0,284,0,284,0,284,0,284,0,284,0,284,0,284,0,284,0,284,0,284,0,284,0,284,0,284,0,284,0,284,0,284,0,284,0,284,0,284,0,284,0,284,0,284,0,284,0,284,0,284,0,284,0,284,0,284,0,284,0,284,0,284,0,284,0,284,0,284,0,284,0,284,0,284,0,284,0,284,0,284,0,284,0,284,0,284,0,284,0,284,0,284,0,284,0,284,0,284,0,284,0,284,0,284,0,284,0,284,0,284,0,284,0,284,0,284,0,284,0,284,0,284,0,284,0,284,0,284,0,284,0,284,0,284,0,284,0,284,0,284,0,284,0,284,0,284,4,284,0,284,0,284,0,284,0,284,0,284,0,284,0,284,0,284,0,284,0,284,0,284,0,284,0,284,0,284,0,284,0,284,0,284,0,284,0,284,0,284,0,284,0,284,0,284,0,284,0,284,0,284,0,284,0,284,0,284,0,284,0,284,0,284,0,284,0,284,0,284,0,284,0,284,0,284,0,284,0,284,0,284,0,284,0,284,0,284,0,284,0,284,0,284,0,284,0,284,0,284,0,284,0,284,0,284,0,284,0,284,0,284,0,284,0,284,0,284,0,284,0,284,0,284,0,284,0,284,0,284,0,284,0,284,0,284,0,284,0,284,0,284,0,284,0,284,0,284,0,284,0,284,0,284,0,284,0,284,0,284,0,284,0,284,0,284,0,284,0,284,0,284,0,284,0,284,0,284,0,284,0,284,0,284,0,284,0,284,0,284,0,284,0,284,0,284,0,284,0,284,0,284,0,284,0,284,0,284,0,284,0,284,0,284,0,284,0,284,0,284,0,284,0,284,0,284,0,284,0,284,0,284,0,284,0,284,0,284,0,284,0,284,0,284,0,284,0,284,0,284,0,284,0,284,0,284,0,284,0,284,0,284,0,284,0,284,0,284,0,284,0,284,0,284,0,284,0,284,0,284,0,284,0,284,0,284,0,284,0,284,0,284,0,284,0,284,0,284,9,284,1,284,0,284,3,284,0,284,0,284,0,284,0,284,0,284,0,284,0,284,0,284,0,284,0,284,0,284,0,284,0,284,0,284,0,284,0,284,0,284,0,284,0,284,0,284,0,284,0,284,0,284,0,284,0,284,0,284,0,284,0,284,0,284,0,284,0,284,0,284,0,284,0,284,0,284,0,284,0,284,0,284,0,284,0,284,0,284,0,284,0,284,0,284,0,284,0,284,0,284,0,284,0,284,0,284,0,284,0,284,0,284,0,284,0,284,0,284,0,284,0,284,0,284,0,284,0,284,0,284,0,284,0,284,0,284,0,284,0,284,0,284,0,284,0,284,0,284,0,284,0,284,0,284,0,284,0,284,0,284,0,284,0,284,0,284,0,284,0,284,0,284,0,284,0,284,0,284,0,284,0,284,0,284,0,284,0,284,0,284,0,284,0,284,0,284,0,284,0,284,0,284,0,284,0,284,0,284,0,284,0,284,0,284,0,284,0,284,0,284,0,284,0,284,0,284,0,284,0,284,0,284,0,284,0,284,0,284,0,284,0,284,0,284,0,284,0,284,0,284,0,284,0,284,0,284,0,284,0,284,0,284,0,284,0,284,0,284,0,284,0,284,0,284,0,284,0,284,0,284,0,284,0,284,0,284,0,284,28,284,0,284,0,284,0,284,0,284,0,284,0,284,0,284,0,284,0,284,0,284,0,284,0,284,0,284,0,284,0,284,0,284,0,284,0,284,0,284,0,284,0,284,0,284,0,284,0,284,0,284,0,284,0,284,0,284,0,284,0,284,0,284,0,284,0,284,0,284,0,284,0,284,0,284,0,284,0,284,0,284,0,284,0,284,0,284,0,284,0,284,0,284,0,284,0,284,0,284,0,284,0,284,0,284,0,284,0,284,0,284,0,284,0,284,0,284,0,284,0,284,0,284,0,284,0,284,0,284,0,284,0,284,0,284,0,284,0,284,0,284,0,284,0,284,0,284,0,284,0,284,0,284,0,284,0,284,0,284,0,284,0,284,0,284,0,284,0,284,0,284,0,284,0,284,0,284,0,284,0,284,0,284,0,284,0,284,0,284,0,284,0,284,0,284,0,284,0,284,0,284,0,284,0,284,0,284,0,284,0,284,0,284,0,284,0,284,0,284,0,284,0,284,0,284,0,284,0,284,0,284,0,284,0,284,0,284,0,284,0,284,0,284,0,284,0,284,0,284,0,284,0,284,0
,,285,0,285,0,285,0,285,0,285,0,285,0,285,0,285,0,285,0,285,0,285,0,285,0,285,0,285,0,285,0,285,0,285,0,285,0,285,0,285,0,285,0,285,0,285,0,285,0,285,0,285,0,285,0,285,0,285,0,285,0,285,0,285,0,285,0,285,0,285,0,285,0,285,0,285,0,285,0,285,0,285,0,285,0,285,0,285,0,285,0,285,0,285,0,285,0,285,0,285,0,285,0,285,0,285,0,285,0,285,0,285,0,285,0,285,0,285,0,285,0,285,0,285,0,285,0,285,0,285,0,285,0,285,0,285,0,285,0,285,0,285,0,285,0,285,0,285,0,285,0,285,0,285,0,285,0,285,0,285,0,285,0,285,0,285,0,285,0,285,0,285,0,285,0,285,0,285,0,285,0,285,0,285,0,285,0,285,0,285,0,285,0,285,0,285,0,285,0,285,0,285,0,285,0,285,0,285,0,285,0,285,0,285,0,285,0,285,0,285,0,285,0,285,0,285,0,285,0,285,0,285,0,285,0,285,0,285,0,285,0,285,0,285,10,285,0,285,0,285,0,285,0,285,0,285,0,285,0,285,0,285,0,285,0,285,0,285,0,285,0,285,0,285,0,285,0,285,0,285,0,285,0,285,0,285,0,285,0,285,0,285,0,285,0,285,0,285,0,285,0,285,0,285,0,285,0,285,0,285,0,285,0,285,0,285,0,285,0,285,0,285,0,285,0,285,0,285,0,285,0,285,0,285,0,285,0,285,0,285,0,285,0,285,0,285,0,285,0,285,0,285,0,285,0,285,0,285,0,285,0,285,0,285,0,285,0,285,0,285,0,285,0,285,0,285,0,285,0,285,0,285,0,285,0,285,0,285,0,285,0,285,0,285,0,285,0,285,0,285,0,285,0,285,0,285,0,285,0,285,0,285,0,285,0,285,0,285,0,285,0,285,0,285,0,285,0,285,0,285,0,285,0,285,0,285,0,285,0,285,0,285,0,285,0,285,0,285,0,285,0,285,0,285,0,285,0,285,0,285,0,285,0,285,0,285,0,285,0,285,0,285,0,285,0,285,0,285,0,285,0,285,0,285,0,285,0,285,0,285,0,285,0,285,0,285,0,285,0,285,0,285,0,285,0,285,0,285,0,285,0,285,0,285,0,285,0,285,0,285,0,285,0,285,0,285,0,285,0,285,0,285,0,285,0,285,0,285,6,285,0,285,0,285,0,285,0,285,0,285,0,285,0,285,0,285,0,285,0,285,0,285,0,285,0,285,0,285,0,285,0,285,0,285,0,285,0,285,0,285,0,285,0,285,0,285,0,285,0,285,0,285,0,285,0,285,0,285,0,285,0,285,0,285,0,285,0,285,0,285,0,285,0,285,0,285,0,285,0,285,0,285,0,285,0,285,0,285,0,285,0,285,0,285,0,285,0,285,0,285,0,285,0,285,0,285,0,285,0,285,0,285,0,285,0,285,0,285,0,285,0,285,0,285,0,285,0,285,0,285,0,285,0,285,0,285,0,285,0,285,0,285,0,285,0,285,0,285,0,285,0,285,0,285,0,285,0,285,0,285,0,285,0,285,0,285,0,285,0,285,0,285,0,285,0,285,0,285,0,285,0,285,0,285,0,285,0,285,0,285,0,285,0,285,0,285,0,285,0,285,0,285,0,285,0,285,0,285,0,285,0,285,0,285,0,285,0,285,0,285,0,285,0,285,0,285,0,285,0,285,0,285,0,285,0,285,0,285,0,285,0,285,0,285,0,285,0,285,0,285,0,285,0,285,0,285,0,285,0,285,0,285,0,285,0,285,0,285,0,285,0,285,0,285,0,285,0,285,0,285,0,285,0,285,0,285,0,285,0,285,0,285,0,285,18,285,0,285,0,285,10,285,0,285,0,285,0,285,0,285,0,285,0,285,0,285,0,285,0,285,0,285,0,285,0,285,0,285,0,285,0,285,0,285,0,285,0,285,0,285,0,285,0,285,0,285,0,285,0,285,0,285,0,285,0,285,0,285,0,285,0,285,0,285,0,285,0,285,0,285,0,285,0,285,0,285,0,285,0,285,0,285,0,285,0,285,0,285,0,285,0,285,0,285,0,285,0,285,0,285,0,285,0,285,0,285,0,285,0,285,0,285,0,285,0,285,0,285,0,285,0,285,0,285,0,285,0,285,0,285,0,285,0,285,0,285,0,285,0,285,0,285,0,285,0,285,0,285,0,285,0,285,0,285,0,285,0,285,0,285,0,285,0,285,0,285,0,285,0,285,0,285,0,285,0,285,0,285,0,285,0,285,0,285,0,285,0,285,0,285,0,285,0,285,0,285,0,285,0,285,0,285,0,285,0,285,0,285,0,285,0,285,0,285,0,285,0,285,0,285,0,285,0,285,0,285,0,285,0,285,0,285,0,285,0,285,0,285,0,285,0,285,0,285,0,285,0,285,0
,,286,0,286,0,286,0,286,0,286,0,286,0,286,0,286,0,286,0,286,0,286,0,286,0,286,0,286,0,286,0,286,0,286,0,286,0,286,0,286,0,286,0,286,0,286,0,286,0,286,0,286,0,286,0,286,0,286,0,286,0,286,0,286,0,286,0,286,0,286,0,286,0,286,0,286,0,286,0,286,0,286,0,286,0,286,0,286,0,286,0,286,0,286,0,286,0,286,0,286,0,286,0,286,0,286,0,286,0,286,0,286,0,286,0,286,0,286,0,286,0,286,0,286,0,286,0,286,0,286,0,286,0,286,0,286,0,286,0,286,0,286,0,286,0,286,0,286,0,286,0,286,0,286,0,286,0,286,0,286,0,286,0,286,0,286,0,286,0,286,0,286,0,286,0,286,0,286,0,286,0,286,0,286,0,286,0,286,0,286,0,286,0,286,0,286,0,286,0,286,0,286,0,286,0,286,0,286,0,286,0,286,0,286,0,286,0,286,0,286,0,286,0,286,0,286,0,286,0,286,0,286,0,286,0,286,0,286,0,286,0,286,0,286,7,286,0,286,0,286,0,286,0,286,0,286,0,286,0,286,0,286,0,286,0,286,0,286,0,286,0,286,0,286,0,286,0,286,0,286,0,286,0,286,0,286,0,286,0,286,0,286,0,286,0,286,0,286,0,286,0,286,0,286,0,286,0,286,0,286,0,286,0,286,0,286,0,286,0,286,0,286,0,286,0,286,0,286,0,286,0,286,0,286,0,286,0,286,0,286,0,286,0,286,0,286,0,286,0,286,0,286,0,286,0,286,0,286,0,286,0,286,0,286,0,286,0,286,0,286,0,286,0,286,0,286,0,286,0,286,0,286,0,286,0,286,0,286,0,286,0,286,0,286,0,286,0,286,0,286,0,286,0,286,0,286,0,286,0,286,0,286,0,286,0,286,0,286,0,286,0,286,0,286,0,286,0,286,0,286,0,286,0,286,0,286,0,286,0,286,0,286,0,286,0,286,0,286,0,286,0,286,0,286,0,286,0,286,0,286,0,286,0,286,0,286,0,286,0,286,0,286,0,286,0,286,0,286,0,286,0,286,0,286,0,286,0,286,0,286,0,286,0,286,0,286,0,286,0,286,0,286,0,286,0,286,0,286,0,286,0,286,0,286,0,286,0,286,0,286,0,286,0,286,0,286,0,286,0,286,0,286,0,286,0,286,0,286,10,286,0,286,0,286,3,286,0,286,0,286,0,286,0,286,0,286,0,286,0,286,0,286,0,286,0,286,0,286,0,286,0,286,0,286,0,286,0,286,0,286,0,286,0,286,0,286,0,286,0,286,0,286,0,286,0,286,0,286,0,286,0,286,0,286,0,286,0,286,0,286,0,286,0,286,0,286,0,286,0,286,0,286,0,286,0,286,0,286,0,286,0,286,0,286,0,286,0,286,0,286,0,286,0,286,0,286,0,286,0,286,0,286,0,286,0,286,0,286,0,286,0,286,0,286,0,286,0,286,0,286,0,286,0,286,0,286,0,286,0,286,0,286,0,286,0,286,0,286,0,286,0,286,0,286,0,286,0,286,0,286,0,286,0,286,0,286,0,286,0,286,0,286,0,286,0,286,0,286,0,286,0,286,0,286,0,286,0,286,0,286,0,286,0,286,0,286,0,286,0,286,0,286,0,286,0,286,0,286,0,286,0,286,0,286,0,286,0,286,0,286,0,286,0,286,0,286,0,286,0,286,0,286,0,286,0,286,0,286,0,286,0,286,0,286,0,286,0,286,0,286,0,286,0,286,0,286,0,286,0,286,0,286,0,286,0,286,0,286,0,286,0,286,0,286,0,286,0,286,0,286,0,286,0,286,0,286,0,286,0,286,0,286,0,286,24,286,0,286,0,286,3,286,0,286,0,286,0,286,0,286,0,286,0,286,0,286,0,286,0,286,0,286,0,286,0,286,0,286,0,286,0,286,0,286,0,286,0,286,0,286,0,286,0,286,0,286,0,286,0,286,0,286,0,286,0,286,0,286,0,286,0,286,0,286,0,286,0,286,0,286,0,286,0,286,0,286,0,286,0,286,0,286,0,286,0,286,0,286,0,286,0,286,0,286,0,286,0,286,0,286,0,286,0,286,0,286,0,286,0,286,0,286,0,286,0,286,0,286,0,286,0,286,0,286,0,286,0,286,0,286,0,286,0,286,0,286,0,286,0,286,0,286,0,286,0,286,0,286,0,286,0,286,0,286,0,286,0,286,0,286,0,286,0,286,0,286,0,286,0,286,0,286,0,286,0,286,0,286,0,286,0,286,0,286,0,286,0,286,0,286,0,286,0,286,0,286,0,286,0,286,0,286,0,286,0,286,0,286,0,286,0,286,0,286,0,286,0,286,0,286,0,286,0,286,0,286,0,286,0,286,0,286,0,286,0,286,0,286,0,286,0,286,0,286,0,286,0,286,0
,,287,0,287,0,287,0,287,0,287,0,287,0,287,0,287,0,287,0,287,0,287,0,287,0,287,0,287,0,287,0,287,0,287,0,287,0,287,0,287,0,287,0,287,0,287,0,287,0,287,0,287,0,287,0,287,0,287,0,287,0,287,0,287,0,287,0,287,0,287,0,287,0,287,0,287,0,287,0,287,0,287,0,287,0,287,0,287,0,287,0,287,0,287,0,287,0,287,0,287,0,287,0,287,0,287,0,287,0,287,0,287,0,287,0,287,0,287,0,287,0,287,0,287,0,287,0,287,0,287,0,287,0,287,0,287,0,287,0,287,0,287,0,287,0,287,0,287,0,287,0,287,0,287,0,287,0,287,0,287,0,287,0,287,0,287,0,287,0,287,0,287,0,287,0,287,0,287,0,287,0,287,0,287,0,287,0,287,0,287,0,287,0,287,0,287,0,287,0,287,0,287,0,287,0,287,0,287,0,287,0,287,0,287,0,287,0,287,0,287,0,287,0,287,0,287,0,287,0,287,0,287,0,287,0,287,0,287,0,287,0,287,0,287,5,287,0,287,0,287,0,287,0,287,0,287,0,287,0,287,0,287,0,287,0,287,0,287,0,287,0,287,0,287,0,287,0,287,0,287,0,287,0,287,0,287,0,287,0,287,0,287,0,287,0,287,0,287,0,287,0,287,0,287,0,287,0,287,0,287,0,287,0,287,0,287,0,287,0,287,0,287,0,287,0,287,0,287,0,287,0,287,0,287,0,287,0,287,0,287,0,287,0,287,0,287,0,287,0,287,0,287,0,287,0,287,0,287,0,287,0,287,0,287,0,287,0,287,0,287,0,287,0,287,0,287,0,287,0,287,0,287,0,287,0,287,0,287,0,287,0,287,0,287,0,287,0,287,0,287,0,287,0,287,0,287,0,287,0,287,0,287,0,287,0,287,0,287,0,287,0,287,0,287,0,287,0,287,0,287,0,287,0,287,0,287,0,287,0,287,0,287,0,287,0,287,0,287,0,287,0,287,0,287,0,287,0,287,0,287,0,287,0,287,0,287,0,287,0,287,0,287,0,287,0,287,0,287,0,287,0,287,0,287,0,287,0,287,0,287,0,287,0,287,0,287,0,287,0,287,0,287,0,287,0,287,0,287,0,287,0,287,0,287,0,287,0,287,0,287,0,287,0,287,0,287,0,287,0,287,0,287,0,287,0,287,0,287,0,287,0,287,0,287,3,287,0,287,0,287,8,287,5,287,0,287,0,287,0,287,0,287,0,287,0,287,0,287,0,287,0,287,0,287,0,287,0,287,0,287,0,287,0,287,0,287,0,287,0,287,0,287,0,287,0,287,0,287,0,287,0,287,0,287,0,287,0,287,0,287,0,287,0,287,0,287,0,287,0,287,0,287,0,287,0,287,0,287,0,287,0,287,0,287,0,287,0,287,0,287,0,287,0,287,0,287,0,287,0,287,0,287,0,287,0,287,0,287,0,287,0,287,0,287,0,287,0,287,0,287,0,287,0,287,0,287,0,287,0,287,0,287,0,287,0,287,0,287,0,287,0,287,0,287,0,287,0,287,0,287,0,287,0,287,0,287,0,287,0,287,0,287,0,287,0,287,0,287,0,287,0,287,0,287,0,287,0,287,0,287,0,287,0,287,0,287,0,287,0,287,0,287,0,287,0,287,0,287,0,287,0,287,0,287,0,287,0,287,0,287,0,287,0,287,0,287,0,287,0,287,0,287,0,287,0,287,0,287,0,287,0,287,0,287,0,287,0,287,0,287,0,287,0,287,0,287,0,287,0,287,0,287,0,287,0,287,0,287,0,287,0,287,0,287,0,287,0,287,0,287,0,287,0,287,0,287,0,287,0,287,0,287,0,287,34,287,0,287,0,287,0,287,0,287,0,287,0,287,0,287,0,287,0,287,0,287,0,287,0,287,0,287,0,287,0,287,0,287,0,287,0,287,0,287,0,287,0,287,0,287,0,287,0,287,0,287,0,287,0,287,0,287,0,287,0,287,0,287,0,287,0,287,0,287,0,287,0,287,0,287,0,287,0,287,0,287,0,287,0,287,0,287,0,287,0,287,0,287,0,287,0,287,0,287,0,287,0,287,0,287,0,287,0,287,0,287,0,287,0,287,0,287,0,287,0,287,0,287,0,287,0,287,0,287,0,287,0,287,0,287,0,287,0,287,0,287,0,287,0,287,0,287,0,287,0,287,0,287,0,287,0,287,0,287,0,287,0,287,0,287,0,287,0,287,0,287,0,287,0,287,0,287,0,287,0,287,0,287,0,287,0,287,0,287,0,287,0,287,0,287,0,287,0,287,0,287,0,287,0,287,0,287,0,287,0,287,0,287,0,287,0,287,0,287,0,287,0,287,0,287,0,287,0,287,0,287,0,287,0,287,0,287,0,287,0,287,0,287,0,287,0,287,0,287,0,287,0,287,0
,,288,0,288,0,288,0,288,0,288,0,288,0,288,0,288,0,288,0,288,0,288,0,288,0,288,0,288,0,288,0,288,0,288,0,288,0,288,0,288,0,288,0,288,0,288,0,288,0,288,0,288,0,288,0,288,0,288,0,288,0,288,0,288,0,288,0,288,0,288,0,288,0,288,0,288,0,288,0,288,0,288,0,288,0,288,0,288,0,288,0,288,0,288,0,288,0,288,0,288,0,288,0,288,0,288,0,288,0,288,0,288,0,288,0,288,0,288,0,288,0,288,0,288,0,288,0,288,0,288,0,288,0,288,0,288,0,288,0,288,0,288,0,288,0,288,0,288,0,288,0,288,0,288,0,288,0,288,0,288,0,288,0,288,0,288,0,288,0,288,0,288,0,288,0,288,0,288,0,288,0,288,0,288,0,288,0,288,0,288,0,288,0,288,0,288,0,288,0,288,0,288,0,288,0,288,0,288,0,288,0,288,0,288,0,288,0,288,0,288,0,288,0,288,0,288,0,288,0,288,0,288,0,288,0,288,0,288,0,288,0,288,0,288,8,288,0,288,0,288,0,288,0,288,0,288,0,288,0,288,0,288,0,288,0,288,0,288,0,288,0,288,0,288,0,288,0,288,0,288,0,288,0,288,0,288,0,288,0,288,0,288,0,288,0,288,0,288,0,288,0,288,0,288,0,288,0,288,0,288,0,288,0,288,0,288,0,288,0,288,0,288,0,288,0,288,0,288,0,288,0,288,0,288,0,288,0,288,0,288,0,288,0,288,0,288,0,288,0,288,0,288,0,288,0,288,0,288,0,288,0,288,0,288,0,288,0,288,0,288,0,288,0,288,0,288,0,288,0,288,0,288,0,288,0,288,0,288,0,288,0,288,0,288,0,288,0,288,0,288,0,288,0,288,0,288,0,288,0,288,0,288,0,288,0,288,0,288,0,288,0,288,0,288,0,288,0,288,0,288,0,288,0,288,0,288,0,288,0,288,0,288,0,288,0,288,0,288,0,288,0,288,0,288,0,288,0,288,0,288,0,288,0,288,0,288,0,288,0,288,0,288,0,288,0,288,0,288,0,288,0,288,0,288,0,288,0,288,0,288,0,288,0,288,0,288,0,288,0,288,0,288,0,288,0,288,0,288,0,288,0,288,0,288,0,288,0,288,0,288,0,288,0,288,0,288,0,288,0,288,0,288,0,288,0,288,0,288,1,288,0,288,0,288,4,288,0,288,0,288,3,288,0,288,0,288,0,288,0,288,0,288,0,288,0,288,0,288,0,288,0,288,0,288,0,288,0,288,0,288,0,288,0,288,0,288,0,288,0,288,0,288,0,288,0,288,0,288,0,288,0,288,0,288,0,288,0,288,0,288,0,288,0,288,0,288,0,288,0,288,0,288,0,288,0,288,0,288,0,288,0,288,0,288,0,288,0,288,0,288,0,288,0,288,0,288,0,288,0,288,0,288,0,288,0,288,0,288,0,288,0,288,0,288,0,288,0,288,0,288,0,288,0,288,0,288,0,288,0,288,0,288,0,288,0,288,0,288,0,288,0,288,0,288,0,288,0,288,0,288,0,288,0,288,0,288,0,288,0,288,0,288,0,288,0,288,0,288,0,288,0,288,0,288,0,288,0,288,0,288,0,288,0,288,0,288,0,288,0,288,0,288,0,288,0,288,0,288,0,288,0,288,0,288,0,288,0,288,0,288,0,288,0,288,0,288,0,288,0,288,0,288,0,288,0,288,0,288,0,288,0,288,0,288,0,288,0,288,0,288,0,288,0,288,0,288,0,288,0,288,0,288,0,288,0,288,0,288,0,288,0,288,0,288,0,288,0,288,0,288,0,288,0,288,0,288,0,288,0,288,0,288,0,288,32,288,0,288,0,288,0,288,0,288,0,288,0,288,0,288,0,288,0,288,0,288,0,288,0,288,0,288,0,288,0,288,0,288,0,288,0,288,0,288,0,288,0,288,0,288,0,288,0,288,0,288,0,288,0,288,0,288,0,288,0,288,0,288,0,288,0,288,0,288,0,288,0,288,0,288,0,288,0,288,0,288,0,288,0,288,0,288,0,288,0,288,0,288,0,288,0,288,0,288,0,288,0,288,0,288,0,288,0,288,0,288,0,288,0,288,0,288,0,288,0,288,0,288,0,288,0,288,0,288,0,288,0,288,0,288,0,288,0,288,0,288,0,288,0,288,0,288,0,288,0,288,0,288,0,288,0,288,0,288,0,288,0,288,0,288,0,288,0,288,0,288,0,288,0,288,0,288,0,288,0,288,0,288,0,288,0,288,0,288,0,288,0,288,0,288,0,288,0,288,0,288,0,288,0,288,0,288,0,288,0,288,0,288,0,288,0,288,0,288,0,288,0,288,0,288,0,288,0,288,0,288,0,288,0,288,0,288,0,288,0,288,0,288,0,288,0,288,0,288,0,288,0,288,0
,,289,0,289,0,289,0,289,0,289,0,289,0,289,0,289,0,289,0,289,0,289,0,289,0,289,0,289,0,289,0,289,0,289,0,289,0,289,0,289,0,289,0,289,0,289,0,289,0,289,0,289,0,289,0,289,0,289,0,289,0,289,0,289,0,289,0,289,0,289,0,289,0,289,0,289,0,289,0,289,0,289,0,289,0,289,0,289,0,289,0,289,0,289,0,289,0,289,0,289,0,289,0,289,0,289,0,289,0,289,0,289,0,289,0,289,0,289,0,289,0,289,0,289,0,289,0,289,0,289,0,289,0,289,0,289,0,289,0,289,0,289,0,289,0,289,0,289,0,289,0,289,0,289,0,289,0,289,0,289,0,289,0,289,0,289,0,289,0,289,0,289,0,289,0,289,0,289,0,289,0,289,0,289,0,289,0,289,0,289,0,289,0,289,0,289,0,289,0,289,0,289,0,289,0,289,0,289,0,289,0,289,0,289,0,289,0,289,0,289,0,289,0,289,0,289,0,289,0,289,0,289,0,289,0,289,0,289,0,289,0,289,0,289,5,289,0,289,0,289,0,289,0,289,0,289,0,289,0,289,0,289,0,289,0,289,0,289,0,289,0,289,0,289,0,289,0,289,0,289,0,289,0,289,0,289,0,289,0,289,0,289,0,289,0,289,0,289,0,289,0,289,0,289,0,289,0,289,0,289,0,289,0,289,0,289,0,289,0,289,0,289,0,289,0,289,0,289,0,289,0,289,0,289,0,289,0,289,0,289,0,289,0,289,0,289,0,289,0,289,0,289,0,289,0,289,0,289,0,289,0,289,0,289,0,289,0,289,0,289,0,289,0,289,0,289,0,289,0,289,0,289,0,289,0,289,0,289,0,289,0,289,0,289,0,289,0,289,0,289,0,289,0,289,0,289,0,289,0,289,0,289,0,289,0,289,0,289,0,289,0,289,0,289,0,289,0,289,0,289,0,289,0,289,0,289,0,289,0,289,0,289,0,289,0,289,0,289,0,289,0,289,0,289,0,289,0,289,0,289,0,289,0,289,0,289,0,289,0,289,0,289,0,289,0,289,0,289,0,289,0,289,0,289,0,289,0,289,0,289,0,289,0,289,0,289,0,289,0,289,0,289,0,289,0,289,0,289,0,289,0,289,0,289,0,289,0,289,0,289,0,289,0,289,0,289,0,289,0,289,2,289,0,289,0,289,0,289,8,289,0,289,0,289,0,289,0,289,0,289,0,289,0,289,0,289,0,289,0,289,0,289,0,289,0,289,0,289,0,289,0,289,0,289,0,289,0,289,0,289,0,289,0,289,0,289,0,289,0,289,0,289,0,289,0,289,0,289,0,289,0,289,0,289,0,289,0,289,0,289,0,289,0,289,0,289,0,289,0,289,0,289,0,289,0,289,0,289,0,289,0,289,0,289,0,289,0,289,0,289,0,289,0,289,0,289,0,289,0,289,0,289,0,289,0,289,0,289,0,289,0,289,0,289,0,289,0,289,0,289,0,289,0,289,0,289,0,289,0,289,0,289,0,289,0,289,0,289,0,289,0,289,0,289,0,289,0,289,0,289,0,289,0,289,0,289,0,289,0,289,0,289,0,289,0,289,0,289,0,289,0,289,0,289,0,289,0,289,0,289,0,289,0,289,0,289,0,289,0,289,0,289,0,289,0,289,0,289,0,289,0,289,0,289,0,289,0,289,0,289,0,289,0,289,0,289,0,289,0,289,0,289,0,289,0,289,0,289,0,289,0,289,0,289,0,289,0,289,0,289,0,289,0,289,0,289,0,289,0,289,0,289,0,289,0,289,0,289,0,289,0,289,0,289,0,289,0,289,0,289,0,289,0,289,0,289,0,289,0,289,0,289,0,289,20,289,0,289,0,289,12,289,0,289,0,289,0,289,0,289,0,289,0,289,0,289,0,289,0,289,0,289,0,289,0,289,0,289,0,289,0,289,0,289,0,289,0,289,0,289,0,289,0,289,0,289,0,289,0,289,0,289,0,289,0,289,0,289,0,289,0,289,0,289,0,289,0,289,0,289,0,289,0,289,0,289,0,289,0,289,0,289,0,289,0,289,0,289,0,289,0,289,0,289,0,289,0,289,0,289,0,289,0,289,0,289,0,289,0,289,0,289,0,289,0,289,0,289,0,289,0,289,0,289,0,289,0,289,0,289,0,289,0,289,0,289,0,289,0,289,0,289,0,289,0,289,0,289,0,289,0,289,0,289,0,289,0,289,0,289,0,289,0,289,0,289,0,289,0,289,0,289,0,289,0,289,0,289,0,289,0,289,0,289,0,289,0,289,0,289,0,289,0,289,0,289,0,289,0,289,0,289,0,289,0,289,0,289,0,289,0,289,0,289,0,289,0,289,0,289,0,289,0,289,0,289,0,289,0,289,0,289,0,289,0,289,0,289,0,289,0,289,0,289,0,289,0,289,0
,,290,0,290,0,290,0,290,0,290,0,290,0,290,0,290,0,290,0,290,0,290,0,290,0,290,0,290,0,290,0,290,0,290,0,290,0,290,0,290,0,290,0,290,0,290,0,290,0,290,0,290,0,290,0,290,0,290,0,290,0,290,0,290,0,290,0,290,0,290,0,290,0,290,0,290,0,290,0,290,0,290,0,290,0,290,0,290,0,290,0,290,0,290,0,290,0,290,0,290,0,290,0,290,0,290,0,290,0,290,0,290,0,290,0,290,0,290,0,290,0,290,0,290,0,290,0,290,0,290,0,290,0,290,0,290,0,290,0,290,0,290,0,290,0,290,0,290,0,290,0,290,0,290,0,290,0,290,0,290,0,290,0,290,0,290,0,290,0,290,0,290,0,290,0,290,0,290,0,290,0,290,0,290,0,290,0,290,0,290,0,290,0,290,0,290,0,290,0,290,0,290,0,290,0,290,0,290,0,290,0,290,0,290,0,290,0,290,0,290,0,290,0,290,0,290,0,290,0,290,0,290,0,290,0,290,0,290,0,290,0,290,0,290,8,290,0,290,0,290,0,290,0,290,0,290,0,290,0,290,0,290,0,290,0,290,0,290,0,290,0,290,0,290,0,290,0,290,0,290,0,290,0,290,0,290,0,290,0,290,0,290,0,290,0,290,0,290,0,290,0,290,0,290,0,290,0,290,0,290,0,290,0,290,0,290,0,290,0,290,0,290,0,290,0,290,0,290,0,290,0,290,0,290,0,290,0,290,0,290,0,290,0,290,0,290,0,290,0,290,0,290,0,290,0,290,0,290,0,290,0,290,0,290,0,290,0,290,0,290,0,290,0,290,0,290,0,290,0,290,0,290,0,290,0,290,0,290,0,290,0,290,0,290,0,290,0,290,0,290,0,290,0,290,0,290,0,290,0,290,0,290,0,290,0,290,0,290,0,290,0,290,0,290,0,290,0,290,0,290,0,290,0,290,0,290,0,290,0,290,0,290,0,290,0,290,0,290,0,290,0,290,0,290,0,290,0,290,0,290,0,290,0,290,0,290,0,290,0,290,0,290,0,290,0,290,0,290,0,290,0,290,0,290,0,290,0,290,0,290,0,290,0,290,0,290,0,290,0,290,0,290,0,290,0,290,0,290,0,290,0,290,0,290,0,290,0,290,0,290,0,290,0,290,0,290,0,290,0,290,0,290,0,290,0,290,0,290,5,290,0,290,0,290,3,290,0,290,0,290,1,290,0,290,0,290,0,290,0,290,0,290,0,290,0,290,0,290,0,290,0,290,0,290,0,290,0,290,0,290,0,290,0,290,0,290,0,290,0,290,0,290,0,290,0,290,0,290,0,290,0,290,0,290,0,290,0,290,0,290,0,290,0,290,0,290,0,290,0,290,0,290,0,290,0,290,0,290,0,290,0,290,0,290,0,290,0,290,0,290,0,290,0,290,0,290,0,290,0,290,0,290,0,290,0,290,0,290,0,290,0,290,0,290,0,290,0,290,0,290,0,290,0,290,0,290,0,290,0,290,0,290,0,290,0,290,0,290,0,290,0,290,0,290,0,290,0,290,0,290,0,290,0,290,0,290,0,290,0,290,0,290,0,290,0,290,0,290,0,290,0,290,0,290,0,290,0,290,0,290,0,290,0,290,0,290,0,290,0,290,0,290,0,290,0,290,0,290,0,290,0,290,0,290,0,290,0,290,0,290,0,290,0,290,0,290,0,290,0,290,0,290,0,290,0,290,0,290,0,290,0,290,0,290,0,290,0,290,0,290,0,290,0,290,0,290,0,290,0,290,0,290,0,290,0,290,0,290,0,290,0,290,0,290,0,290,0,290,0,290,0,290,0,290,0,290,0,290,0,290,0,290,0,290,26,290,0,290,0,290,2,290,0,290,0,290,0,290,0,290,0,290,0,290,0,290,0,290,0,290,0,290,0,290,0,290,0,290,0,290,0,290,0,290,0,290,0,290,0,290,0,290,0,290,0,290,0,290,0,290,0,290,0,290,0,290,0,290,0,290,0,290,0,290,0,290,0,290,0,290,0,290,0,290,0,290,0,290,0,290,0,290,0,290,0,290,0,290,0,290,0,290,0,290,0,290,0,290,0,290,0,290,0,290,0,290,0,290,0,290,0,290,0,290,0,290,0,290,0,290,0,290,0,290,0,290,0,290,0,290,0,290,0,290,0,290,0,290,0,290,0,290,0,290,0,290,0,290,0,290,0,290,0,290,0,290,0,290,0,290,0,290,0,290,0,290,0,290,0,290,0,290,0,290,0,290,0,290,0,290,0,290,0,290,0,290,0,290,0,290,0,290,0,290,0,290,0,290,0,290,0,290,0,290,0,290,0,290,0,290,0,290,0,290,0,290,0,290,0,290,0,290,0,290,0,290,0,290,0,290,0,290,0,290,0,290,0,290,0,290,0,290,0,290,0,290,0,290,0
,,291,0,291,0,291,0,291,0,291,0,291,0,291,0,291,0,291,0,291,0,291,0,291,0,291,0,291,0,291,0,291,0,291,0,291,0,291,0,291,0,291,0,291,0,291,0,291,0,291,0,291,0,291,0,291,0,291,0,291,0,291,0,291,0,291,0,291,0,291,0,291,0,291,0,291,0,291,0,291,0,291,0,291,0,291,0,291,0,291,0,291,0,291,0,291,0,291,0,291,0,291,0,291,0,291,0,291,0,291,0,291,0,291,0,291,0,291,0,291,0,291,0,291,0,291,0,291,0,291,0,291,0,291,0,291,0,291,0,291,0,291,0,291,0,291,0,291,0,291,0,291,0,291,0,291,0,291,0,291,0,291,0,291,0,291,0,291,0,291,0,291,0,291,0,291,0,291,0,291,0,291,0,291,0,291,0,291,0,291,0,291,0,291,0,291,0,291,0,291,0,291,0,291,0,291,0,291,0,291,0,291,0,291,0,291,0,291,0,291,0,291,0,291,0,291,0,291,0,291,0,291,0,291,0,291,0,291,0,291,0,291,0,291,7,291,0,291,0,291,0,291,0,291,0,291,0,291,0,291,0,291,0,291,0,291,0,291,0,291,0,291,0,291,0,291,0,291,0,291,0,291,0,291,0,291,0,291,0,291,0,291,0,291,0,291,0,291,0,291,0,291,0,291,0,291,0,291,0,291,0,291,0,291,0,291,0,291,0,291,0,291,0,291,0,291,0,291,0,291,0,291,0,291,0,291,0,291,0,291,0,291,0,291,0,291,0,291,0,291,0,291,0,291,0,291,0,291,0,291,0,291,0,291,0,291,0,291,0,291,0,291,0,291,0,291,0,291,0,291,0,291,0,291,0,291,0,291,0,291,0,291,0,291,0,291,0,291,0,291,0,291,0,291,0,291,0,291,0,291,0,291,0,291,0,291,0,291,0,291,0,291,0,291,0,291,0,291,0,291,0,291,0,291,0,291,0,291,0,291,0,291,0,291,0,291,0,291,0,291,0,291,0,291,0,291,0,291,0,291,0,291,0,291,0,291,0,291,0,291,0,291,0,291,0,291,0,291,0,291,0,291,0,291,0,291,0,291,0,291,0,291,0,291,0,291,0,291,0,291,0,291,0,291,0,291,0,291,0,291,0,291,0,291,0,291,0,291,0,291,0,291,0,291,0,291,0,291,0,291,0,291,0,291,0,291,0,291,1,291,0,291,0,291,7,291,0,291,0,291,7,291,1,291,0,291,0,291,0,291,0,291,0,291,0,291,0,291,0,291,0,291,0,291,0,291,0,291,0,291,0,291,0,291,0,291,0,291,0,291,0,291,0,291,0,291,0,291,0,291,0,291,0,291,0,291,0,291,0,291,0,291,0,291,0,291,0,291,0,291,0,291,0,291,0,291,0,291,0,291,0,291,0,291,0,291,0,291,0,291,0,291,0,291,0,291,0,291,0,291,0,291,0,291,0,291,0,291,0,291,0,291,0,291,0,291,0,291,0,291,0,291,0,291,0,291,0,291,0,291,0,291,0,291,0,291,0,291,0,291,0,291,0,291,0,291,0,291,0,291,0,291,0,291,0,291,0,291,0,291,0,291,0,291,0,291,0,291,0,291,0,291,0,291,0,291,0,291,0,291,0,291,0,291,0,291,0,291,0,291,0,291,0,291,0,291,0,291,0,291,0,291,0,291,0,291,0,291,0,291,0,291,0,291,0,291,0,291,0,291,0,291,0,291,0,291,0,291,0,291,0,291,0,291,0,291,0,291,0,291,0,291,0,291,0,291,0,291,0,291,0,291,0,291,0,291,0,291,0,291,0,291,0,291,0,291,0,291,0,291,0,291,0,291,0,291,0,291,0,291,0,291,0,291,32,291,0,291,0,291,0,291,0,291,0,291,0,291,0,291,0,291,0,291,0,291,0,291,0,291,0,291,0,291,0,291,0,291,0,291,0,291,0,291,0,291,0,291,0,291,0,291,0,291,0,291,0,291,0,291,0,291,0,291,0,291,0,291,0,291,0,291,0,291,0,291,0,291,0,291,0,291,0,291,0,291,0,291,0,291,0,291,0,291,0,291,0,291,0,291,0,291,0,291,0,291,0,291,0,291,0,291,0,291,0,291,0,291,0,291,0,291,0,291,0,291,0,291,0,291,0,291,0,291,0,291,0,291,0,291,0,291,0,291,0,291,0,291,0,291,0,291,0,291,0,291,0,291,0,291,0,291,0,291,0,291,0,291,0,291,0,291,0,291,0,291,0,291,0,291,0,291,0,291,0,291,0,291,0,291,0,291,0,291,0,291,0,291,0,291,0,291,0,291,0,291,0,291,0,291,0,291,0,291,0,291,0,291,0,291,0,291,0,291,0,291,0,291,0,291,0,291,0,291,0,291,0,291,0,291,0,291,0,291,0,291,0,291,0,291,0,291,0,291,0,291,0,291,0
,,292,0,292,0,292,0,292,0,292,0,292,0,292,0,292,0,292,0,292,0,292,0,292,0,292,0,292,0,292,0,292,0,292,0,292,0,292,0,292,0,292,0,292,0,292,0,292,0,292,0,292,0,292,0,292,0,292,0,292,0,292,0,292,0,292,0,292,0,292,0,292,0,292,0,292,0,292,0,292,0,292,0,292,0,292,0,292,0,292,0,292,0,292,0,292,0,292,0,292,0,292,0,292,0,292,0,292,0,292,0,292,0,292,0,292,0,292,0,292,0,292,0,292,0,292,0,292,0,292,0,292,0,292,0,292,0,292,0,292,0,292,0,292,0,292,0,292,0,292,0,292,0,292,0,292,0,292,0,292,0,292,0,292,0,292,0,292,0,292,0,292,0,292,0,292,0,292,0,292,0,292,0,292,0,292,0,292,0,292,0,292,0,292,0,292,0,292,0,292,0,292,0,292,0,292,0,292,0,292,0,292,0,292,0,292,0,292,0,292,0,292,0,292,0,292,0,292,0,292,0,292,0,292,0,292,0,292,0,292,0,292,0,292,10,292,0,292,0,292,0,292,0,292,0,292,0,292,0,292,0,292,0,292,0,292,0,292,0,292,0,292,0,292,0,292,0,292,0,292,0,292,0,292,0,292,0,292,0,292,0,292,0,292,0,292,0,292,0,292,0,292,0,292,0,292,0,292,0,292,0,292,0,292,0,292,0,292,0,292,0,292,0,292,0,292,0,292,0,292,0,292,0,292,0,292,0,292,0,292,0,292,0,292,0,292,0,292,0,292,0,292,0,292,0,292,0,292,0,292,0,292,0,292,0,292,0,292,0,292,0,292,0,292,0,292,0,292,0,292,0,292,0,292,0,292,0,292,0,292,0,292,0,292,0,292,0,292,0,292,0,292,0,292,0,292,0,292,0,292,0,292,0,292,0,292,0,292,0,292,0,292,0,292,0,292,0,292,0,292,0,292,0,292,0,292,0,292,0,292,0,292,0,292,0,292,0,292,0,292,0,292,0,292,0,292,0,292,0,292,0,292,0,292,0,292,0,292,0,292,0,292,0,292,0,292,0,292,0,292,0,292,0,292,0,292,0,292,0,292,0,292,0,292,0,292,0,292,0,292,0,292,0,292,0,292,0,292,0,292,0,292,0,292,0,292,0,292,0,292,0,292,0,292,0,292,0,292,0,292,0,292,0,292,0,292,0,292,3,292,0,292,0,292,1,292,0,292,0,292,0,292,0,292,0,292,0,292,0,292,0,292,0,292,0,292,0,292,0,292,0,292,0,292,0,292,0,292,0,292,0,292,0,292,0,292,0,292,0,292,0,292,0,292,0,292,0,292,0,292,0,292,0,292,0,292,0,292,0,292,0,292,0,292,0,292,0,292,0,292,0,292,0,292,0,292,0,292,0,292,0,292,0,292,0,292,0,292,0,292,0,292,0,292,0,292,0,292,0,292,0,292,0,292,0,292,0,292,0,292,0,292,0,292,0,292,0,292,0,292,0,292,0,292,0,292,0,292,0,292,0,292,0,292,0,292,0,292,0,292,0,292,0,292,0,292,0,292,0,292,0,292,0,292,0,292,0,292,0,292,0,292,0,292,0,292,0,292,0,292,0,292,0,292,0,292,0,292,0,292,0,292,0,292,0,292,0,292,0,292,0,292,0,292,0,292,0,292,0,292,0,292,0,292,0,292,0,292,0,292,0,292,0,292,0,292,0,292,0,292,0,292,0,292,0,292,0,292,0,292,0,292,0,292,0,292,0,292,0,292,0,292,0,292,0,292,0,292,0,292,0,292,0,292,0,292,0,292,0,292,0,292,0,292,0,292,0,292,0,292,0,292,0,292,0,292,0,292,0,292,0,292,0,292,24,292,0,292,0,292,7,292,0,292,0,292,0,292,0,292,0,292,0,292,0,292,0,292,0,292,0,292,0,292,0,292,0,292,0,292,0,292,0,292,0,292,0,292,0,292,0,292,0,292,0,292,0,292,0,292,0,292,0,292,0,292,0,292,0,292,0,292,0,292,0,292,0,292,0,292,0,292,0,292,0,292,0,292,0,292,0,292,0,292,0,292,0,292,0,292,0,292,0,292,0,292,0,292,0,292,0,292,0,292,0,292,0,292,0,292,0,292,0,292,0,292,0,292,0,292,0,292,0,292,0,292,0,292,0,292,0,292,0,292,0,292,0,292,0,292,0,292,0,292,0,292,0,292,0,292,0,292,0,292,0,292,0,292,0,292,0,292,0,292,0,292,0,292,0,292,0,292,0,292,0,292,0,292,0,292,0,292,0,292,0,292,0,292,0,292,0,292,0,292,0,292,0,292,0,292,0,292,0,292,0,292,0,292,0,292,0,292,0,292,0,292,0,292,0,292,0,292,0,292,0,292,0,292,0,292,0,292,0,292,0,292,0,292,0,292,0,292,0,292,0,292,0,292,0
,,293,0,293,0,293,0,293,0,293,0,293,0,293,0,293,0,293,0,293,0,293,0,293,0,293,0,293,0,293,0,293,0,293,0,293,0,293,0,293,0,293,0,293,0,293,0,293,0,293,0,293,0,293,0,293,0,293,0,293,0,293,0,293,0,293,0,293,0,293,0,293,0,293,0,293,0,293,0,293,0,293,0,293,0,293,0,293,0,293,0,293,0,293,0,293,0,293,0,293,0,293,0,293,0,293,0,293,0,293,0,293,0,293,0,293,0,293,0,293,0,293,0,293,0,293,0,293,0,293,0,293,0,293,0,293,0,293,0,293,0,293,0,293,0,293,0,293,0,293,0,293,0,293,0,293,0,293,0,293,0,293,0,293,0,293,0,293,0,293,0,293,0,293,0,293,0,293,0,293,0,293,0,293,0,293,0,293,0,293,0,293,0,293,0,293,0,293,0,293,0,293,0,293,0,293,0,293,0,293,0,293,0,293,0,293,0,293,0,293,0,293,0,293,0,293,0,293,0,293,0,293,0,293,0,293,0,293,0,293,0,293,0,293,8,293,0,293,0,293,0,293,0,293,0,293,0,293,0,293,0,293,0,293,0,293,0,293,0,293,0,293,0,293,0,293,0,293,0,293,0,293,0,293,0,293,0,293,0,293,0,293,0,293,0,293,0,293,0,293,0,293,0,293,0,293,0,293,0,293,0,293,0,293,0,293,0,293,0,293,0,293,0,293,0,293,0,293,0,293,0,293,0,293,0,293,0,293,0,293,0,293,0,293,0,293,0,293,0,293,0,293,0,293,0,293,0,293,0,293,0,293,0,293,0,293,0,293,0,293,0,293,0,293,0,293,0,293,0,293,0,293,0,293,0,293,0,293,0,293,0,293,0,293,0,293,0,293,0,293,0,293,0,293,0,293,0,293,0,293,0,293,0,293,0,293,0,293,0,293,0,293,0,293,0,293,0,293,0,293,0,293,0,293,0,293,0,293,0,293,0,293,0,293,0,293,0,293,0,293,0,293,0,293,0,293,0,293,0,293,0,293,0,293,0,293,0,293,0,293,0,293,0,293,0,293,0,293,0,293,0,293,0,293,0,293,0,293,0,293,0,293,0,293,0,293,0,293,0,293,0,293,0,293,0,293,0,293,0,293,0,293,0,293,0,293,0,293,0,293,0,293,0,293,0,293,0,293,0,293,0,293,0,293,0,293,0,293,0,293,0,293,0,293,4,293,0,293,0,293,9,293,2,293,0,293,0,293,0,293,0,293,0,293,0,293,0,293,0,293,0,293,0,293,0,293,0,293,0,293,0,293,0,293,0,293,0,293,0,293,0,293,0,293,0,293,0,293,0,293,0,293,0,293,0,293,0,293,0,293,0,293,0,293,0,293,0,293,0,293,0,293,0,293,0,293,0,293,0,293,0,293,0,293,0,293,0,293,0,293,0,293,0,293,0,293,0,293,0,293,0,293,0,293,0,293,0,293,0,293,0,293,0,293,0,293,0,293,0,293,0,293,0,293,0,293,0,293,0,293,0,293,0,293,0,293,0,293,0,293,0,293,0,293,0,293,0,293,0,293,0,293,0,293,0,293,0,293,0,293,0,293,0,293,0,293,0,293,0,293,0,293,0,293,0,293,0,293,0,293,0,293,0,293,0,293,0,293,0,293,0,293,0,293,0,293,0,293,0,293,0,293,0,293,0,293,0,293,0,293,0,293,0,293,0,293,0,293,0,293,0,293,0,293,0,293,0,293,0,293,0,293,0,293,0,293,0,293,0,293,0,293,0,293,0,293,0,293,0,293,0,293,0,293,0,293,0,293,0,293,0,293,0,293,0,293,0,293,0,293,0,293,0,293,0,293,0,293,0,293,0,293,0,293,29,293,0,293,0,293,0,293,0,293,0,293,0,293,0,293,0,293,0,293,0,293,0,293,0,293,0,293,0,293,0,293,0,293,0,293,0,293,0,293,0,293,0,293,0,293,0,293,0,293,0,293,0,293,0,293,0,293,0,293,0,293,0,293,0,293,0,293,0,293,0,293,0,293,0,293,0,293,0,293,0,293,0,293,0,293,0,293,0,293,0,293,0,293,0,293,0,293,0,293,0,293,0,293,0,293,0,293,0,293,0,293,0,293,0,293,0,293,0,293,0,293,0,293,0,293,0,293,0,293,0,293,0,293,0,293,0,293,0,293,0,293,0,293,0,293,0,293,0,293,0,293,0,293,0,293,0,293,0,293,0,293,0,293,0,293,0,293,0,293,0,293,0,293,0,293,0,293,0,293,0,293,0,293,0,293,0,293,0,293,0,293,0,293,0,293,0,293,0,293,0,293,0,293,0,293,0,293,0,293,0,293,0,293,0,293,0,293,0,293,0,293,0,293,0,293,0,293,0,293,0,293,0,293,0,293,0,293,0,293,0,293,0,293,0,293,0,293,0,293,0,293,0,293,0
,,294,0,294,0,294,0,294,0,294,0,294,0,294,0,294,0,294,0,294,0,294,0,294,0,294,0,294,0,294,0,294,0,294,0,294,0,294,0,294,0,294,0,294,0,294,0,294,0,294,0,294,0,294,0,294,0,294,0,294,0,294,0,294,0,294,0,294,0,294,0,294,0,294,0,294,0,294,0,294,0,294,0,294,0,294,0,294,0,294,0,294,0,294,0,294,0,294,0,294,0,294,0,294,0,294,0,294,0,294,0,294,0,294,0,294,0,294,0,294,0,294,0,294,0,294,0,294,0,294,0,294,0,294,0,294,0,294,0,294,0,294,0,294,0,294,0,294,0,294,0,294,0,294,0,294,0,294,0,294,0,294,0,294,0,294,0,294,0,294,0,294,0,294,0,294,0,294,0,294,0,294,0,294,0,294,0,294,0,294,0,294,0,294,0,294,0,294,0,294,0,294,0,294,0,294,0,294,0,294,0,294,0,294,0,294,0,294,0,294,0,294,0,294,0,294,0,294,0,294,0,294,0,294,0,294,0,294,0,294,0,294,0,294,2,294,0,294,0,294,0,294,0,294,0,294,0,294,0,294,0,294,0,294,0,294,0,294,0,294,0,294,0,294,0,294,0,294,0,294,0,294,0,294,0,294,0,294,0,294,0,294,0,294,0,294,0,294,0,294,0,294,0,294,0,294,0,294,0,294,0,294,0,294,0,294,0,294,0,294,0,294,0,294,0,294,0,294,0,294,0,294,0,294,0,294,0,294,0,294,0,294,0,294,0,294,0,294,0,294,0,294,0,294,0,294,0,294,0,294,0,294,0,294,0,294,0,294,0,294,0,294,0,294,0,294,0,294,0,294,0,294,0,294,0,294,0,294,0,294,0,294,0,294,0,294,0,294,0,294,0,294,0,294,0,294,0,294,0,294,0,294,0,294,0,294,0,294,0,294,0,294,0,294,0,294,0,294,0,294,0,294,0,294,0,294,0,294,0,294,0,294,0,294,0,294,0,294,0,294,0,294,0,294,0,294,0,294,0,294,0,294,0,294,0,294,0,294,0,294,0,294,0,294,0,294,0,294,0,294,0,294,0,294,0,294,0,294,0,294,0,294,0,294,0,294,0,294,0,294,0,294,0,294,0,294,0,294,0,294,0,294,0,294,0,294,0,294,0,294,0,294,0,294,0,294,0,294,0,294,4,294,0,294,0,294,1,294,5,294,0,294,0,294,0,294,0,294,0,294,0,294,0,294,0,294,0,294,0,294,0,294,0,294,0,294,0,294,0,294,0,294,0,294,0,294,0,294,0,294,0,294,0,294,0,294,0,294,0,294,0,294,0,294,0,294,0,294,0,294,0,294,0,294,0,294,0,294,0,294,0,294,0,294,0,294,0,294,0,294,0,294,0,294,0,294,0,294,0,294,0,294,0,294,0,294,0,294,0,294,0,294,0,294,0,294,0,294,0,294,0,294,0,294,0,294,0,294,0,294,0,294,0,294,0,294,0,294,0,294,0,294,0,294,0,294,0,294,0,294,0,294,0,294,0,294,0,294,0,294,0,294,0,294,0,294,0,294,0,294,0,294,0,294,0,294,0,294,0,294,0,294,0,294,0,294,0,294,0,294,0,294,0,294,0,294,0,294,0,294,0,294,0,294,0,294,0,294,0,294,0,294,0,294,0,294,0,294,0,294,0,294,0,294,0,294,0,294,0,294,0,294,0,294,0,294,0,294,0,294,0,294,0,294,0,294,0,294,0,294,0,294,0,294,0,294,0,294,0,294,0,294,0,294,0,294,0,294,0,294,0,294,0,294,0,294,0,294,0,294,0,294,0,294,0,294,0,294,0,294,0,294,0,294,0,294,0,294,0,294,0,294,0,294,16,294,0,294,0,294,16,294,2,294,0,294,0,294,0,294,0,294,0,294,0,294,0,294,0,294,0,294,0,294,0,294,0,294,0,294,0,294,0,294,0,294,0,294,0,294,0,294,0,294,0,294,0,294,0,294,0,294,0,294,0,294,0,294,0,294,0,294,0,294,0,294,0,294,0,294,0,294,0,294,0,294,0,294,0,294,0,294,0,294,0,294,0,294,0,294,0,294,0,294,0,294,0,294,0,294,0,294,0,294,0,294,0,294,0,294,0,294,0,294,0,294,0,294,0,294,0,294,0,294,0,294,0,294,0,294,0,294,0,294,0,294,0,294,0,294,0,294,0,294,0,294,0,294,0,294,0,294,0,294,0,294,0,294,0,294,0,294,0,294,0,294,0,294,0,294,0,294,0,294,0,294,0,294,0,294,0,294,0,294,0,294,0,294,0,294,0,294,0,294,0,294,0,294,0,294,0,294,0,294,0,294,0,294,0,294,0,294,0,294,0,294,0,294,0,294,0,294,0,294,0,294,0,294,0,294,0,294,0,294,0,294,0,294,0,294,0,294,0,294,0,294,0,294,0
,,295,0,295,0,295,0,295,0,295,0,295,0,295,0,295,0,295,0,295,0,295,0,295,0,295,0,295,0,295,0,295,0,295,0,295,0,295,0,295,0,295,0,295,0,295,0,295,0,295,0,295,0,295,0,295,0,295,0,295,0,295,0,295,0,295,0,295,0,295,0,295,0,295,0,295,0,295,0,295,0,295,0,295,0,295,0,295,0,295,0,295,0,295,0,295,0,295,0,295,0,295,0,295,0,295,0,295,0,295,0,295,0,295,0,295,0,295,0,295,0,295,0,295,0,295,0,295,0,295,0,295,0,295,0,295,0,295,0,295,0,295,0,295,0,295,0,295,0,295,0,295,0,295,0,295,0,295,0,295,0,295,0,295,0,295,0,295,0,295,0,295,0,295,0,295,0,295,0,295,0,295,0,295,0,295,0,295,0,295,0,295,0,295,0,295,0,295,0,295,0,295,0,295,0,295,0,295,0,295,0,295,0,295,0,295,0,295,0,295,0,295,0,295,0,295,0,295,0,295,0,295,0,295,0,295,0,295,0,295,0,295,0,295,0,295,0,295,0,295,0,295,0,295,0,295,0,295,0,295,0,295,0,295,0,295,0,295,0,295,0,295,0,295,0,295,0,295,0,295,0,295,0,295,0,295,0,295,0,295,0,295,0,295,0,295,0,295,0,295,0,295,0,295,0,295,0,295,0,295,0,295,0,295,0,295,0,295,0,295,0,295,0,295,0,295,0,295,0,295,0,295,0,295,0,295,0,295,0,295,0,295,0,295,0,295,0,295,0,295,0,295,0,295,0,295,0,295,0,295,0,295,0,295,0,295,0,295,0,295,0,295,0,295,0,295,0,295,0,295,0,295,0,295,0,295,0,295,0,295,0,295,0,295,0,295,0,295,0,295,0,295,0,295,0,295,0,295,0,295,0,295,0,295,0,295,0,295,0,295,0,295,0,295,0,295,0,295,0,295,0,295,0,295,0,295,0,295,0,295,0,295,0,295,0,295,0,295,0,295,0,295,0,295,0,295,0,295,0,295,0,295,0,295,0,295,0,295,0,295,0,295,0,295,0,295,0,295,0,295,0,295,0,295,0,295,0,295,0,295,0,295,0,295,0,295,0,295,0,295,0,295,0,295,0,295,0,295,0,295,0,295,0,295,0,295,0,295,0,295,0,295,0,295,0,295,0,295,0,295,7,295,0,295,0,295,1,295,5,295,0,295,0,295,0,295,0,295,0,295,0,295,0,295,0,295,0,295,0,295,0,295,0,295,0,295,0,295,0,295,0,295,0,295,0,295,0,295,0,295,0,295,0,295,0,295,0,295,0,295,0,295,0,295,0,295,0,295,0,295,0,295,0,295,0,295,0,295,0,295,0,295,0,295,0,295,0,295,0,295,0,295,0,295,0,295,0,295,0,295,0,295,0,295,0,295,0,295,0,295,0,295,0,295,0,295,0,295,0,295,0,295,0,295,0,295,0,295,0,295,0,295,0,295,0,295,0,295,0,295,0,295,0,295,0,295,0,295,0,295,0,295,0,295,0,295,0,295,0,295,0,295,0,295,0,295,0,295,0,295,0,295,0,295,0,295,0,295,0,295,0,295,0,295,0,295,0,295,0,295,0,295,0,295,0,295,0,295,0,295,0,295,0,295,0,295,0,295,0,295,0,295,0,295,0,295,0,295,0,295,0,295,0,295,0,295,0,295,0,295,0,295,0,295,0,295,0,295,0,295,0,295,0,295,0,295,0,295,0,295,0,295,0,295,0,295,0,295,0,295,0,295,0,295,0,295,0,295,0,295,0,295,0,295,0,295,0,295,0,295,0,295,0,295,0,295,0,295,0,295,0,295,0,295,0,295,0,295,0,295,0,295,0,295,10,295,0,295,0,295,17,295,5,295,0,295,0,295,0,295,0,295,0,295,0,295,0,295,0,295,0,295,0,295,0,295,0,295,0,295,0,295,0,295,0,295,0,295,0,295,0,295,0,295,0,295,0,295,0,295,0,295,0,295,0,295,0,295,0,295,0,295,0,295,0,295,0,295,0,295,0,295,0,295,0,295,0,295,0,295,0,295,0,295,0,295,0,295,0,295,0,295,0,295,0,295,0,295,0,295,0,295,0,295,0,295,0,295,0,295,0,295,0,295,0,295,0,295,0,295,0,295,0,295,0,295,0,295,0,295,0,295,0,295,0,295,0,295,0,295,0,295,0,295,0,295,0,295,0,295,0,295,0,295,0,295,0,295,0,295,0,295,0,295,0,295,0,295,0,295,0,295,0,295,0,295,0,295,0,295,0,295,0,295,0,295,0,295,0,295,0,295,0,295,0,295,0,295,0,295,0,295,0,295,0,295,0,295,0,295,0,295,0,295,0,295,0,295,0,295,0,295,0,295,0,295,0,295,0,295,0,295,0,295,0,295,0,295,0,295,0,295,0,295,0,295,0,295,0
,,296,0,296,0,296,0,296,0,296,0,296,0,296,0,296,0,296,0,296,0,296,0,296,0,296,0,296,0,296,0,296,0,296,0,296,0,296,0,296,0,296,0,296,0,296,0,296,0,296,0,296,0,296,0,296,0,296,0,296,0,296,0,296,0,296,0,296,0,296,0,296,0,296,0,296,0,296,0,296,0,296,0,296,0,296,0,296,0,296,0,296,0,296,0,296,0,296,0,296,0,296,0,296,0,296,0,296,0,296,0,296,0,296,0,296,0,296,0,296,0,296,0,296,0,296,0,296,0,296,0,296,0,296,0,296,0,296,0,296,0,296,0,296,0,296,0,296,0,296,0,296,0,296,0,296,0,296,0,296,0,296,0,296,0,296,0,296,0,296,0,296,0,296,0,296,0,296,0,296,0,296,0,296,0,296,0,296,0,296,0,296,0,296,0,296,0,296,0,296,0,296,0,296,0,296,0,296,0,296,0,296,0,296,0,296,0,296,0,296,0,296,0,296,0,296,0,296,0,296,0,296,0,296,0,296,0,296,0,296,0,296,0,296,6,296,0,296,0,296,0,296,0,296,0,296,0,296,0,296,0,296,0,296,0,296,0,296,0,296,0,296,0,296,0,296,0,296,0,296,0,296,0,296,0,296,0,296,0,296,0,296,0,296,0,296,0,296,0,296,0,296,0,296,0,296,0,296,0,296,0,296,0,296,0,296,0,296,0,296,0,296,0,296,0,296,0,296,0,296,0,296,0,296,0,296,0,296,0,296,0,296,0,296,0,296,0,296,0,296,0,296,0,296,0,296,0,296,0,296,0,296,0,296,0,296,0,296,0,296,0,296,0,296,0,296,0,296,0,296,0,296,0,296,0,296,0,296,0,296,0,296,0,296,0,296,0,296,0,296,0,296,0,296,0,296,0,296,0,296,0,296,0,296,0,296,0,296,0,296,0,296,0,296,0,296,0,296,0,296,0,296,0,296,0,296,0,296,0,296,0,296,0,296,0,296,0,296,0,296,0,296,0,296,0,296,0,296,0,296,0,296,0,296,0,296,0,296,0,296,0,296,0,296,0,296,0,296,0,296,0,296,0,296,0,296,0,296,0,296,0,296,0,296,0,296,0,296,0,296,0,296,0,296,0,296,0,296,0,296,0,296,0,296,0,296,0,296,0,296,0,296,0,296,0,296,0,296,0,296,1,296,0,296,0,296,1,296,6,296,0,296,0,296,0,296,0,296,0,296,0,296,0,296,0,296,0,296,0,296,0,296,0,296,0,296,0,296,0,296,0,296,0,296,0,296,0,296,0,296,0,296,0,296,0,296,0,296,0,296,0,296,0,296,0,296,0,296,0,296,0,296,0,296,0,296,0,296,0,296,0,296,0,296,0,296,0,296,0,296,0,296,0,296,0,296,0,296,0,296,0,296,0,296,0,296,0,296,0,296,0,296,0,296,0,296,0,296,0,296,0,296,0,296,0,296,0,296,0,296,0,296,0,296,0,296,0,296,0,296,0,296,0,296,0,296,0,296,0,296,0,296,0,296,0,296,0,296,0,296,0,296,0,296,0,296,0,296,0,296,0,296,0,296,0,296,0,296,0,296,0,296,0,296,0,296,0,296,0,296,0,296,0,296,0,296,0,296,0,296,0,296,0,296,0,296,0,296,0,296,0,296,0,296,0,296,0,296,0,296,0,296,0,296,0,296,0,296,0,296,0,296,0,296,0,296,0,296,0,296,0,296,0,296,0,296,0,296,0,296,0,296,0,296,0,296,0,296,0,296,0,296,0,296,0,296,0,296,0,296,0,296,0,296,0,296,0,296,0,296,0,296,0,296,0,296,0,296,0,296,0,296,0,296,0,296,0,296,0,296,0,296,0,296,18,296,0,296,0,296,13,296,0,296,0,296,0,296,0,296,0,296,0,296,0,296,0,296,0,296,0,296,0,296,0,296,0,296,0,296,0,296,0,296,0,296,0,296,0,296,0,296,0,296,0,296,0,296,0,296,0,296,0,296,0,296,0,296,0,296,0,296,0,296,0,296,0,296,0,296,0,296,0,296,0,296,0,296,0,296,0,296,0,296,0,296,0,296,0,296,0,296,0,296,0,296,0,296,0,296,0,296,0,296,0,296,0,296,0,296,0,296,0,296,0,296,0,296,0,296,0,296,0,296,0,296,0,296,0,296,0,296,0,296,0,296,0,296,0,296,0,296,0,296,0,296,0,296,0,296,0,296,0,296,0,296,0,296,0,296,0,296,0,296,0,296,0,296,0,296,0,296,0,296,0,296,0,296,0,296,0,296,0,296,0,296,0,296,0,296,0,296,0,296,0,296,0,296,0,296,0,296,0,296,0,296,0,296,0,296,0,296,0,296,0,296,0,296,0,296,0,296,0,296,0,296,0,296,0,296,0,296,0,296,0,296,0,296,0,296,0,296,0,296,0,296,0,296,0
,,297,0,297,0,297,0,297,0,297,0,297,0,297,0,297,0,297,0,297,0,297,0,297,0,297,0,297,0,297,0,297,0,297,0,297,0,297,0,297,0,297,0,297,0,297,0,297,0,297,0,297,0,297,0,297,0,297,0,297,0,297,0,297,0,297,0,297,0,297,0,297,0,297,0,297,0,297,0,297,0,297,0,297,0,297,0,297,0,297,0,297,0,297,0,297,0,297,0,297,0,297,0,297,0,297,0,297,0,297,0,297,0,297,0,297,0,297,0,297,0,297,0,297,0,297,0,297,0,297,0,297,0,297,0,297,0,297,0,297,0,297,0,297,0,297,0,297,0,297,0,297,0,297,0,297,0,297,0,297,0,297,0,297,0,297,0,297,0,297,0,297,0,297,0,297,0,297,0,297,0,297,0,297,0,297,0,297,0,297,0,297,0,297,0,297,0,297,0,297,0,297,0,297,0,297,0,297,0,297,0,297,0,297,0,297,0,297,0,297,0,297,0,297,0,297,0,297,0,297,0,297,0,297,0,297,0,297,0,297,0,297,0,297,17,297,0,297,0,297,0,297,0,297,0,297,0,297,0,297,0,297,0,297,0,297,0,297,0,297,0,297,0,297,0,297,0,297,0,297,0,297,0,297,0,297,0,297,0,297,0,297,0,297,0,297,0,297,0,297,0,297,0,297,0,297,0,297,0,297,0,297,0,297,0,297,0,297,0,297,0,297,0,297,0,297,0,297,0,297,0,297,0,297,0,297,0,297,0,297,0,297,0,297,0,297,0,297,0,297,0,297,0,297,0,297,0,297,0,297,0,297,0,297,0,297,0,297,0,297,0,297,0,297,0,297,0,297,0,297,0,297,0,297,0,297,0,297,0,297,0,297,0,297,0,297,0,297,0,297,0,297,0,297,0,297,0,297,0,297,0,297,0,297,0,297,0,297,0,297,0,297,0,297,0,297,0,297,0,297,0,297,0,297,0,297,0,297,0,297,0,297,0,297,0,297,0,297,0,297,0,297,0,297,0,297,0,297,0,297,0,297,0,297,0,297,0,297,0,297,0,297,0,297,0,297,0,297,0,297,0,297,0,297,0,297,0,297,0,297,0,297,0,297,0,297,0,297,0,297,0,297,0,297,0,297,0,297,0,297,0,297,0,297,0,297,0,297,0,297,0,297,0,297,0,297,0,297,0,297,0,297,0,297,0,297,2,297,7,297,0,297,0,297,3,297,0,297,0,297,0,297,0,297,0,297,0,297,0,297,0,297,0,297,0,297,0,297,0,297,0,297,0,297,0,297,0,297,0,297,0,297,0,297,0,297,0,297,0,297,0,297,0,297,0,297,0,297,0,297,0,297,0,297,0,297,0,297,0,297,0,297,0,297,0,297,0,297,0,297,0,297,0,297,0,297,0,297,0,297,0,297,0,297,0,297,0,297,0,297,0,297,0,297,0,297,0,297,0,297,0,297,0,297,0,297,0,297,0,297,0,297,0,297,0,297,0,297,0,297,0,297,0,297,0,297,0,297,0,297,0,297,0,297,0,297,0,297,0,297,0,297,0,297,0,297,0,297,0,297,0,297,0,297,0,297,0,297,0,297,0,297,0,297,0,297,0,297,0,297,0,297,0,297,0,297,0,297,0,297,0,297,0,297,0,297,0,297,0,297,0,297,0,297,0,297,0,297,0,297,0,297,0,297,0,297,0,297,0,297,0,297,0,297,0,297,0,297,0,297,0,297,0,297,0,297,0,297,0,297,0,297,0,297,0,297,0,297,0,297,0,297,0,297,0,297,0,297,0,297,0,297,0,297,0,297,0,297,0,297,0,297,0,297,0,297,0,297,0,297,0,297,0,297,0,297,0,297,0,297,0,297,0,297,12,297,0,297,0,297,7,297,0,297,0,297,0,297,0,297,0,297,0,297,0,297,0,297,0,297,0,297,0,297,0,297,0,297,0,297,0,297,0,297,0,297,0,297,0,297,0,297,0,297,0,297,0,297,0,297,0,297,0,297,0,297,0,297,0,297,0,297,0,297,0,297,0,297,0,297,0,297,0,297,0,297,0,297,0,297,0,297,0,297,0,297,0,297,0,297,0,297,0,297,0,297,0,297,0,297,0,297,0,297,0,297,0,297,0,297,0,297,0,297,0,297,0,297,0,297,0,297,0,297,0,297,0,297,0,297,0,297,0,297,0,297,0,297,0,297,0,297,0,297,0,297,0,297,0,297,0,297,0,297,0,297,0,297,0,297,0,297,0,297,0,297,0,297,0,297,0,297,0,297,0,297,0,297,0,297,0,297,0,297,0,297,0,297,0,297,0,297,0,297,0,297,0,297,0,297,0,297,0,297,0,297,0,297,0,297,0,297,0,297,0,297,0,297,0,297,0,297,0,297,0,297,0,297,0,297,0,297,0,297,0,297,0,297,0,297,0,297,0,297,0,297,0,297,0
,,298,0,298,0,298,0,298,0,298,0,298,0,298,0,298,0,298,0,298,0,298,0,298,0,298,0,298,0,298,0,298,0,298,0,298,0,298,0,298,0,298,0,298,0,298,0,298,0,298,0,298,0,298,0,298,0,298,0,298,0,298,0,298,0,298,0,298,0,298,0,298,0,298,0,298,0,298,0,298,0,298,0,298,0,298,0,298,0,298,0,298,0,298,0,298,0,298,0,298,0,298,0,298,0,298,0,298,0,298,0,298,0,298,0,298,0,298,0,298,0,298,0,298,0,298,0,298,0,298,0,298,0,298,0,298,0,298,0,298,0,298,0,298,0,298,0,298,0,298,0,298,0,298,0,298,0,298,0,298,0,298,0,298,0,298,0,298,0,298,0,298,0,298,0,298,0,298,0,298,0,298,0,298,0,298,0,298,0,298,0,298,0,298,0,298,0,298,0,298,0,298,0,298,0,298,0,298,0,298,0,298,0,298,0,298,0,298,0,298,0,298,0,298,0,298,0,298,0,298,0,298,0,298,0,298,0,298,0,298,0,298,0,298,11,298,0,298,0,298,0,298,0,298,0,298,0,298,0,298,0,298,0,298,0,298,0,298,0,298,0,298,0,298,0,298,0,298,0,298,0,298,0,298,0,298,0,298,0,298,0,298,0,298,0,298,0,298,0,298,0,298,0,298,0,298,0,298,0,298,0,298,0,298,0,298,0,298,0,298,0,298,0,298,0,298,0,298,0,298,0,298,0,298,0,298,0,298,0,298,0,298,0,298,0,298,0,298,0,298,0,298,0,298,0,298,0,298,0,298,0,298,0,298,0,298,0,298,0,298,0,298,0,298,0,298,0,298,0,298,0,298,0,298,0,298,0,298,0,298,0,298,0,298,0,298,0,298,0,298,0,298,0,298,0,298,0,298,0,298,0,298,0,298,0,298,0,298,0,298,0,298,0,298,0,298,0,298,0,298,0,298,0,298,0,298,0,298,0,298,0,298,0,298,0,298,0,298,0,298,0,298,0,298,0,298,0,298,0,298,0,298,0,298,0,298,0,298,0,298,0,298,0,298,0,298,0,298,0,298,0,298,0,298,0,298,0,298,0,298,0,298,0,298,0,298,0,298,0,298,0,298,0,298,0,298,0,298,0,298,0,298,0,298,0,298,0,298,0,298,0,298,0,298,0,298,0,298,0,298,0,298,0,298,0,298,0,298,3,298,0,298,0,298,2,298,0,298,0,298,0,298,0,298,0,298,0,298,0,298,0,298,0,298,0,298,0,298,0,298,0,298,0,298,0,298,0,298,0,298,0,298,0,298,0,298,0,298,0,298,0,298,0,298,0,298,0,298,0,298,0,298,0,298,0,298,0,298,0,298,0,298,0,298,0,298,0,298,0,298,0,298,0,298,0,298,0,298,0,298,0,298,0,298,0,298,0,298,0,298,0,298,0,298,0,298,0,298,0,298,0,298,0,298,0,298,0,298,0,298,0,298,0,298,0,298,0,298,0,298,0,298,0,298,0,298,0,298,0,298,0,298,0,298,0,298,0,298,0,298,0,298,0,298,0,298,0,298,0,298,0,298,0,298,0,298,0,298,0,298,0,298,0,298,0,298,0,298,0,298,0,298,0,298,0,298,0,298,0,298,0,298,0,298,0,298,0,298,0,298,0,298,0,298,0,298,0,298,0,298,0,298,0,298,0,298,0,298,0,298,0,298,0,298,0,298,0,298,0,298,0,298,0,298,0,298,0,298,0,298,0,298,0,298,0,298,0,298,0,298,0,298,0,298,0,298,0,298,0,298,0,298,0,298,0,298,0,298,0,298,0,298,0,298,0,298,0,298,0,298,0,298,0,298,0,298,0,298,0,298,0,298,0,298,25,298,0,298,0,298,7,298,0,298,0,298,0,298,0,298,0,298,0,298,0,298,0,298,0,298,0,298,0,298,0,298,0,298,0,298,0,298,0,298,0,298,0,298,0,298,0,298,0,298,0,298,0,298,0,298,0,298,0,298,0,298,0,298,0,298,0,298,0,298,0,298,0,298,0,298,0,298,0,298,0,298,0,298,0,298,0,298,0,298,0,298,0,298,0,298,0,298,0,298,0,298,0,298,0,298,0,298,0,298,0,298,0,298,0,298,0,298,0,298,0,298,0,298,0,298,0,298,0,298,0,298,0,298,0,298,0,298,0,298,0,298,0,298,0,298,0,298,0,298,0,298,0,298,0,298,0,298,0,298,0,298,0,298,0,298,0,298,0,298,0,298,0,298,0,298,0,298,0,298,0,298,0,298,0,298,0,298,0,298,0,298,0,298,0,298,0,298,0,298,0,298,0,298,0,298,0,298,0,298,0,298,0,298,0,298,0,298,0,298,0,298,0,298,0,298,0,298,0,298,0,298,0,298,0,298,0,298,0,298,0,298,0,298,0,298,0,298,0,298,0,298,0,298,0
,,299,0,299,0,299,0,299,0,299,0,299,0,299,0,299,0,299,0,299,0,299,0,299,0,299,0,299,0,299,0,299,0,299,0,299,0,299,0,299,0,299,0,299,0,299,0,299,0,299,0,299,0,299,0,299,0,299,0,299,0,299,0,299,0,299,0,299,0,299,0,299,0,299,0,299,0,299,0,299,0,299,0,299,0,299,0,299,0,299,0,299,0,299,0,299,0,299,0,299,0,299,0,299,0,299,0,299,0,299,0,299,0,299,0,299,0,299,0,299,0,299,0,299,0,299,0,299,0,299,0,299,0,299,0,299,0,299,0,299,0,299,0,299,0,299,0,299,0,299,0,299,0,299,0,299,0,299,0,299,0,299,0,299,0,299,0,299,0,299,0,299,0,299,0,299,0,299,0,299,0,299,0,299,0,299,0,299,0,299,0,299,0,299,0,299,0,299,0,299,0,299,0,299,0,299,0,299,0,299,0,299,0,299,0,299,0,299,0,299,0,299,0,299,0,299,0,299,0,299,0,299,0,299,0,299,0,299,0,299,0,299,0,299,9,299,0,299,0,299,0,299,0,299,0,299,0,299,0,299,0,299,0,299,0,299,0,299,0,299,0,299,0,299,0,299,0,299,0,299,0,299,0,299,0,299,0,299,0,299,0,299,0,299,0,299,0,299,0,299,0,299,0,299,0,299,0,299,0,299,0,299,0,299,0,299,0,299,0,299,0,299,0,299,0,299,0,299,0,299,0,299,0,299,0,299,0,299,0,299,0,299,0,299,0,299,0,299,0,299,0,299,0,299,0,299,0,299,0,299,0,299,0,299,0,299,0,299,0,299,0,299,0,299,0,299,0,299,0,299,0,299,0,299,0,299,0,299,0,299,0,299,0,299,0,299,0,299,0,299,0,299,0,299,0,299,0,299,0,299,0,299,0,299,0,299,0,299,0,299,0,299,0,299,0,299,0,299,0,299,0,299,0,299,0,299,0,299,0,299,0,299,0,299,0,299,0,299,0,299,0,299,0,299,0,299,0,299,0,299,0,299,0,299,0,299,0,299,0,299,0,299,0,299,0,299,0,299,0,299,0,299,0,299,0,299,0,299,0,299,0,299,0,299,0,299,0,299,0,299,0,299,0,299,0,299,0,299,0,299,0,299,0,299,0,299,0,299,0,299,0,299,0,299,0,299,0,299,0,299,2,299,0,299,0,299,2,299,7,299,0,299,0,299,0,299,0,299,0,299,0,299,0,299,0,299,0,299,0,299,0,299,0,299,0,299,0,299,0,299,0,299,0,299,0,299,0,299,0,299,0,299,0,299,0,299,0,299,0,299,0,299,0,299,0,299,0,299,0,299,0,299,0,299,0,299,0,299,0,299,0,299,0,299,0,299,0,299,0,299,0,299,0,299,0,299,0,299,0,299,0,299,0,299,0,299,0,299,0,299,0,299,0,299,0,299,0,299,0,299,0,299,0,299,0,299,0,299,0,299,0,299,0,299,0,299,0,299,0,299,0,299,0,299,0,299,0,299,0,299,0,299,0,299,0,299,0,299,0,299,0,299,0,299,0,299,0,299,0,299,0,299,0,299,0,299,0,299,0,299,0,299,0,299,0,299,0,299,0,299,0,299,0,299,0,299,0,299,0,299,0,299,0,299,0,299,0,299,0,299,0,299,0,299,0,299,0,299,0,299,0,299,0,299,0,299,0,299,0,299,0,299,0,299,0,299,0,299,0,299,0,299,0,299,0,299,0,299,0,299,0,299,0,299,0,299,0,299,0,299,0,299,0,299,0,299,0,299,0,299,0,299,0,299,0,299,0,299,0,299,0,299,0,299,0,299,0,299,0,299,0,299,0,299,0,299,0,299,0,299,0,299,0,299,12,299,0,299,0,299,11,299,0,299,0,299,0,299,0,299,0,299,0,299,0,299,0,299,0,299,0,299,0,299,0,299,0,299,0,299,0,299,0,299,0,299,0,299,0,299,0,299,0,299,0,299,0,299,0,299,0,299,0,299,0,299,0,299,0,299,0,299,0,299,0,299,0,299,0,299,0,299,0,299,0,299,0,299,0,299,0,299,0,299,0,299,0,299,0,299,0,299,0,299,0,299,0,299,0,299,0,299,0,299,0,299,0,299,0,299,0,299,0,299,0,299,0,299,0,299,0,299,0,299,0,299,0,299,0,299,0,299,0,299,0,299,0,299,0,299,0,299,0,299,0,299,0,299,0,299,0,299,0,299,0,299,0,299,0,299,0,299,0,299,0,299,0,299,0,299,0,299,0,299,0,299,0,299,0,299,0,299,0,299,0,299,0,299,0,299,0,299,0,299,0,299,0,299,0,299,0,299,0,299,0,299,0,299,0,299,0,299,0,299,0,299,0,299,0,299,0,299,0,299,0,299,0,299,0,299,0,299,0,299,0,299,0,299,0,299,0,299,0,299,0,299,0,299,0
,,300,0,300,0,300,0,300,0,300,0,300,0,300,0,300,0,300,0,300,0,300,0,300,0,300,0,300,0,300,0,300,0,300,0,300,0,300,0,300,0,300,0,300,0,300,0,300,0,300,0,300,0,300,0,300,0,300,0,300,0,300,0,300,0,300,0,300,0,300,0,300,0,300,0,300,0,300,0,300,0,300,0,300,0,300,0,300,0,300,0,300,0,300,0,300,0,300,0,300,0,300,0,300,0,300,0,300,0,300,0,300,0,300,0,300,0,300,0,300,0,300,0,300,0,300,0,300,0,300,0,300,0,300,0,300,0,300,0,300,0,300,0,300,0,300,0,300,0,300,0,300,0,300,0,300,0,300,0,300,0,300,0,300,0,300,0,300,0,300,0,300,0,300,0,300,0,300,0,300,0,300,0,300,0,300,0,300,0,300,0,300,0,300,0,300,0,300,0,300,0,300,0,300,0,300,0,300,0,300,0,300,0,300,0,300,0,300,0,300,0,300,0,300,0,300,0,300,0,300,0,300,0,300,0,300,0,300,0,300,0,300,0,300,4,300,0,300,0,300,0,300,0,300,0,300,0,300,0,300,0,300,0,300,0,300,0,300,0,300,0,300,0,300,0,300,0,300,0,300,0,300,0,300,0,300,0,300,0,300,0,300,0,300,0,300,0,300,0,300,0,300,0,300,0,300,0,300,0,300,0,300,0,300,0,300,0,300,0,300,0,300,0,300,0,300,0,300,0,300,0,300,0,300,0,300,0,300,0,300,0,300,0,300,0,300,0,300,0,300,0,300,0,300,0,300,0,300,0,300,0,300,0,300,0,300,0,300,0,300,0,300,0,300,0,300,0,300,0,300,0,300,0,300,0,300,0,300,0,300,0,300,0,300,0,300,0,300,0,300,0,300,0,300,0,300,0,300,0,300,0,300,0,300,0,300,0,300,0,300,0,300,0,300,0,300,0,300,0,300,0,300,0,300,0,300,0,300,0,300,0,300,0,300,0,300,0,300,0,300,0,300,0,300,0,300,0,300,0,300,0,300,0,300,0,300,0,300,0,300,0,300,0,300,0,300,0,300,0,300,0,300,0,300,0,300,0,300,0,300,0,300,0,300,0,300,0,300,0,300,0,300,0,300,0,300,0,300,0,300,0,300,0,300,0,300,0,300,0,300,0,300,0,300,0,300,0,300,0,300,2,300,0,300,0,300,0,300,9,300,0,300,0,300,0,300,0,300,0,300,0,300,0,300,0,300,0,300,0,300,0,300,0,300,0,300,0,300,0,300,0,300,0,300,0,300,0,300,0,300,0,300,0,300,0,300,0,300,0,300,0,300,0,300,0,300,0,300,0,300,0,300,0,300,0,300,0,300,0,300,0,300,0,300,0,300,0,300,0,300,0,300,0,300,0,300,0,300,0,300,0,300,0,300,0,300,0,300,0,300,0,300,0,300,0,300,0,300,0,300,0,300,0,300,0,300,0,300,0,300,0,300,0,300,0,300,0,300,0,300,0,300,0,300,0,300,0,300,0,300,0,300,0,300,0,300,0,300,0,300,0,300,0,300,0,300,0,300,0,300,0,300,0,300,0,300,0,300,0,300,0,300,0,300,0,300,0,300,0,300,0,300,0,300,0,300,0,300,0,300,0,300,0,300,0,300,0,300,0,300,0,300,0,300,0,300,0,300,0,300,0,300,0,300,0,300,0,300,0,300,0,300,0,300,0,300,0,300,0,300,0,300,0,300,0,300,0,300,0,300,0,300,0,300,0,300,0,300,0,300,0,300,0,300,0,300,0,300,0,300,0,300,0,300,0,300,0,300,0,300,0,300,0,300,0,300,0,300,0,300,0,300,0,300,0,300,0,300,0,300,0,300,0,300,25,300,0,300,0,300,8,300,0,300,0,300,0,300,0,300,0,300,0,300,0,300,0,300,0,300,0,300,0,300,0,300,0,300,0,300,0,300,0,300,0,300,0,300,0,300,0,300,0,300,0,300,0,300,0,300,0,300,0,300,0,300,0,300,0,300,0,300,0,300,0,300,0,300,0,300,0,300,0,300,0,300,0,300,0,300,0,300,0,300,0,300,0,300,0,300,0,300,0,300,0,300,0,300,0,300,0,300,0,300,0,300,0,300,0,300,0,300,0,300,0,300,0,300,0,300,0,300,0,300,0,300,0,300,0,300,0,300,0,300,0,300,0,300,0,300,0,300,0,300,0,300,0,300,0,300,0,300,0,300,0,300,0,300,0,300,0,300,0,300,0,300,0,300,0,300,0,300,0,300,0,300,0,300,0,300,0,300,0,300,0,300,0,300,0,300,0,300,0,300,0,300,0,300,0,300,0,300,0,300,0,300,0,300,0,300,0,300,0,300,0,300,0,300,0,300,0,300,0,300,0,300,0,300,0,300,0,300,0,300,0,300,0,300,0,300,0,300,0,300,0,300,0,300,0
,,301,0,301,0,301,0,301,0,301,0,301,0,301,0,301,0,301,0,301,0,301,0,301,0,301,0,301,0,301,0,301,0,301,0,301,0,301,0,301,0,301,0,301,0,301,0,301,0,301,0,301,0,301,0,301,0,301,0,301,0,301,0,301,0,301,0,301,0,301,0,301,0,301,0,301,0,301,0,301,0,301,0,301,0,301,0,301,0,301,0,301,0,301,0,301,0,301,0,301,0,301,0,301,0,301,0,301,0,301,0,301,0,301,0,301,0,301,0,301,0,301,0,301,0,301,0,301,0,301,0,301,0,301,0,301,0,301,0,301,0,301,0,301,0,301,0,301,0,301,0,301,0,301,0,301,0,301,0,301,0,301,0,301,0,301,0,301,0,301,0,301,0,301,0,301,0,301,0,301,0,301,0,301,0,301,0,301,0,301,0,301,0,301,0,301,0,301,0,301,0,301,0,301,0,301,0,301,0,301,0,301,0,301,0,301,0,301,0,301,0,301,0,301,0,301,0,301,0,301,0,301,0,301,0,301,0,301,0,301,0,301,0,301,12,301,0,301,0,301,0,301,0,301,0,301,0,301,0,301,0,301,0,301,0,301,0,301,0,301,0,301,0,301,0,301,0,301,0,301,0,301,0,301,0,301,0,301,0,301,0,301,0,301,0,301,0,301,0,301,0,301,0,301,0,301,0,301,0,301,0,301,0,301,0,301,0,301,0,301,0,301,0,301,0,301,0,301,0,301,0,301,0,301,0,301,0,301,0,301,0,301,0,301,0,301,0,301,0,301,0,301,0,301,0,301,0,301,0,301,0,301,0,301,0,301,0,301,0,301,0,301,0,301,0,301,0,301,0,301,0,301,0,301,0,301,0,301,0,301,0,301,0,301,0,301,0,301,0,301,0,301,0,301,0,301,0,301,0,301,0,301,0,301,0,301,0,301,0,301,0,301,0,301,0,301,0,301,0,301,0,301,0,301,0,301,0,301,0,301,0,301,0,301,0,301,0,301,0,301,0,301,0,301,0,301,0,301,0,301,0,301,0,301,0,301,0,301,0,301,0,301,0,301,0,301,0,301,0,301,0,301,0,301,0,301,0,301,0,301,0,301,0,301,0,301,0,301,0,301,0,301,0,301,0,301,0,301,0,301,0,301,0,301,0,301,0,301,0,301,0,301,0,301,0,301,0,301,0,301,0,301,0,301,0,301,0,301,5,301,0,301,0,301,0,301,0,301,0,301,0,301,0,301,0,301,0,301,0,301,0,301,0,301,0,301,0,301,0,301,0,301,0,301,0,301,0,301,0,301,0,301,0,301,0,301,0,301,0,301,0,301,0,301,0,301,0,301,0,301,0,301,0,301,0,301,0,301,0,301,0,301,0,301,0,301,0,301,0,301,0,301,0,301,0,301,0,301,0,301,0,301,0,301,0,301,0,301,0,301,0,301,0,301,0,301,0,301,0,301,0,301,0,301,0,301,0,301,0,301,0,301,0,301,0,301,0,301,0,301,0,301,0,301,0,301,0,301,0,301,0,301,0,301,0,301,0,301,0,301,0,301,0,301,0,301,0,301,0,301,0,301,0,301,0,301,0,301,0,301,0,301,0,301,0,301,0,301,0,301,0,301,0,301,0,301,0,301,0,301,0,301,0,301,0,301,0,301,0,301,0,301,0,301,0,301,0,301,0,301,0,301,0,301,0,301,0,301,0,301,0,301,0,301,0,301,0,301,0,301,0,301,0,301,0,301,0,301,0,301,0,301,0,301,0,301,0,301,0,301,0,301,0,301,0,301,0,301,0,301,0,301,0,301,0,301,0,301,0,301,0,301,0,301,0,301,0,301,0,301,0,301,0,301,0,301,0,301,0,301,0,301,0,301,23,301,0,301,0,301,6,301,0,301,0,301,0,301,0,301,0,301,0,301,0,301,0,301,0,301,0,301,0,301,0,301,0,301,0,301,0,301,0,301,0,301,0,301,0,301,0,301,0,301,0,301,0,301,0,301,0,301,0,301,0,301,0,301,0,301,0,301,0,301,0,301,0,301,0,301,0,301,0,301,0,301,0,301,0,301,0,301,0,301,0,301,0,301,0,301,0,301,0,301,0,301,0,301,0,301,0,301,0,301,0,301,0,301,0,301,0,301,0,301,0,301,0,301,0,301,0,301,0,301,0,301,0,301,0,301,0,301,0,301,0,301,0,301,0,301,0,301,0,301,0,301,0,301,0,301,0,301,0,301,0,301,0,301,0,301,0,301,0,301,0,301,0,301,0,301,0,301,0,301,0,301,0,301,0,301,0,301,0,301,0,301,0,301,0,301,0,301,0,301,0,301,0,301,0,301,0,301,0,301,0,301,0,301,0,301,0,301,0,301,0,301,0,301,0,301,0,301,0,301,0,301,0,301,0,301,0,301,0,301,0,301,0,301,0,301,0,301,0,301,0,301,0,301,0
,,302,0,302,0,302,0,302,0,302,0,302,0,302,0,302,0,302,0,302,0,302,0,302,0,302,0,302,0,302,0,302,0,302,0,302,0,302,0,302,0,302,0,302,0,302,0,302,0,302,0,302,0,302,0,302,0,302,0,302,0,302,0,302,0,302,0,302,0,302,0,302,0,302,0,302,0,302,0,302,0,302,0,302,0,302,0,302,0,302,0,302,0,302,0,302,0,302,0,302,0,302,0,302,0,302,0,302,0,302,0,302,0,302,0,302,0,302,0,302,0,302,0,302,0,302,0,302,0,302,0,302,0,302,0,302,0,302,0,302,0,302,0,302,0,302,0,302,0,302,0,302,0,302,0,302,0,302,0,302,0,302,0,302,0,302,0,302,0,302,0,302,0,302,0,302,0,302,0,302,0,302,0,302,0,302,0,302,0,302,0,302,0,302,0,302,0,302,0,302,0,302,0,302,0,302,0,302,0,302,0,302,0,302,0,302,0,302,0,302,0,302,0,302,0,302,0,302,0,302,0,302,0,302,0,302,0,302,0,302,0,302,0,302,14,302,0,302,0,302,0,302,0,302,0,302,0,302,0,302,0,302,0,302,0,302,0,302,0,302,0,302,0,302,0,302,0,302,0,302,0,302,0,302,0,302,0,302,0,302,0,302,0,302,0,302,0,302,0,302,0,302,0,302,0,302,0,302,0,302,0,302,0,302,0,302,0,302,0,302,0,302,0,302,0,302,0,302,0,302,0,302,0,302,0,302,0,302,0,302,0,302,0,302,0,302,0,302,0,302,0,302,0,302,0,302,0,302,0,302,0,302,0,302,0,302,0,302,0,302,0,302,0,302,0,302,0,302,0,302,0,302,0,302,0,302,0,302,0,302,0,302,0,302,0,302,0,302,0,302,0,302,0,302,0,302,0,302,0,302,0,302,0,302,0,302,0,302,0,302,0,302,0,302,0,302,0,302,0,302,0,302,0,302,0,302,0,302,0,302,0,302,0,302,0,302,0,302,0,302,0,302,0,302,0,302,0,302,0,302,0,302,0,302,0,302,0,302,0,302,0,302,0,302,0,302,0,302,0,302,0,302,0,302,0,302,0,302,0,302,0,302,0,302,0,302,0,302,0,302,0,302,0,302,0,302,0,302,0,302,0,302,0,302,0,302,0,302,0,302,0,302,0,302,0,302,0,302,0,302,0,302,0,302,0,302,1,302,6,302,0,302,0,302,5,302,0,302,0,302,0,302,0,302,0,302,0,302,0,302,0,302,0,302,0,302,0,302,0,302,0,302,0,302,0,302,0,302,0,302,0,302,0,302,0,302,0,302,0,302,0,302,0,302,0,302,0,302,0,302,0,302,0,302,0,302,0,302,0,302,0,302,0,302,0,302,0,302,0,302,0,302,0,302,0,302,0,302,0,302,0,302,0,302,0,302,0,302,0,302,0,302,0,302,0,302,0,302,0,302,0,302,0,302,0,302,0,302,0,302,0,302,0,302,0,302,0,302,0,302,0,302,0,302,0,302,0,302,0,302,0,302,0,302,0,302,0,302,0,302,0,302,0,302,0,302,0,302,0,302,0,302,0,302,0,302,0,302,0,302,0,302,0,302,0,302,0,302,0,302,0,302,0,302,0,302,0,302,0,302,0,302,0,302,0,302,0,302,0,302,0,302,0,302,0,302,0,302,0,302,0,302,0,302,0,302,0,302,0,302,0,302,0,302,0,302,0,302,0,302,0,302,0,302,0,302,0,302,0,302,0,302,0,302,0,302,0,302,0,302,0,302,0,302,0,302,0,302,0,302,0,302,0,302,0,302,0,302,0,302,0,302,0,302,0,302,0,302,0,302,0,302,0,302,0,302,0,302,0,302,0,302,0,302,16,302,0,302,0,302,1,302,0,302,0,302,0,302,0,302,0,302,0,302,0,302,0,302,0,302,0,302,0,302,0,302,0,302,0,302,0,302,0,302,0,302,0,302,0,302,0,302,0,302,0,302,0,302,0,302,0,302,0,302,0,302,0,302,0,302,0,302,0,302,0,302,0,302,0,302,0,302,0,302,0,302,0,302,0,302,0,302,0,302,0,302,0,302,0,302,0,302,0,302,0,302,0,302,0,302,0,302,0,302,0,302,0,302,0,302,0,302,0,302,0,302,0,302,0,302,0,302,0,302,0,302,0,302,0,302,0,302,0,302,0,302,0,302,0,302,0,302,0,302,0,302,0,302,0,302,0,302,0,302,0,302,0,302,0,302,0,302,0,302,0,302,0,302,0,302,0,302,0,302,0,302,0,302,0,302,0,302,0,302,0,302,0,302,0,302,0,302,0,302,0,302,0,302,0,302,0,302,0,302,0,302,0,302,0,302,0,302,0,302,0,302,0,302,0,302,0,302,0,302,0,302,0,302,0,302,0,302,0,302,0,302,0,302,0,302,0,302,0,302,0,302,0,302,0
,,303,0,303,0,303,0,303,0,303,0,303,0,303,0,303,0,303,0,303,0,303,0,303,0,303,0,303,0,303,0,303,0,303,0,303,0,303,0,303,0,303,0,303,0,303,0,303,0,303,0,303,0,303,0,303,0,303,0,303,0,303,0,303,0,303,0,303,0,303,0,303,0,303,0,303,0,303,0,303,0,303,0,303,0,303,0,303,0,303,0,303,0,303,0,303,0,303,0,303,0,303,0,303,0,303,0,303,0,303,0,303,0,303,0,303,0,303,0,303,0,303,0,303,0,303,0,303,0,303,0,303,0,303,0,303,0,303,0,303,0,303,0,303,0,303,0,303,0,303,0,303,0,303,0,303,0,303,0,303,0,303,0,303,0,303,0,303,0,303,0,303,0,303,0,303,0,303,0,303,0,303,0,303,0,303,0,303,0,303,0,303,0,303,0,303,0,303,0,303,0,303,0,303,0,303,0,303,0,303,0,303,0,303,0,303,0,303,0,303,0,303,0,303,0,303,0,303,0,303,0,303,0,303,0,303,0,303,0,303,0,303,0,303,12,303,0,303,0,303,0,303,0,303,0,303,0,303,0,303,0,303,0,303,0,303,0,303,0,303,0,303,0,303,0,303,0,303,0,303,0,303,0,303,0,303,0,303,0,303,0,303,0,303,0,303,0,303,0,303,0,303,0,303,0,303,0,303,0,303,0,303,0,303,0,303,0,303,0,303,0,303,0,303,0,303,0,303,0,303,0,303,0,303,0,303,0,303,0,303,0,303,0,303,0,303,0,303,0,303,0,303,0,303,0,303,0,303,0,303,0,303,0,303,0,303,0,303,0,303,0,303,0,303,0,303,0,303,0,303,0,303,0,303,0,303,0,303,0,303,0,303,0,303,0,303,0,303,0,303,0,303,0,303,0,303,0,303,0,303,0,303,0,303,0,303,0,303,0,303,0,303,0,303,0,303,0,303,0,303,0,303,0,303,0,303,0,303,0,303,0,303,0,303,0,303,0,303,0,303,0,303,0,303,0,303,0,303,0,303,0,303,0,303,0,303,0,303,0,303,0,303,0,303,0,303,0,303,0,303,0,303,0,303,0,303,0,303,0,303,0,303,0,303,0,303,0,303,0,303,0,303,0,303,0,303,0,303,0,303,0,303,0,303,0,303,0,303,0,303,0,303,0,303,0,303,0,303,0,303,0,303,0,303,0,303,1,303,6,303,0,303,0,303,1,303,0,303,0,303,0,303,0,303,0,303,0,303,0,303,0,303,0,303,0,303,0,303,0,303,0,303,0,303,0,303,0,303,0,303,0,303,0,303,0,303,0,303,0,303,0,303,0,303,0,303,0,303,0,303,0,303,0,303,0,303,0,303,0,303,0,303,0,303,0,303,0,303,0,303,0,303,0,303,0,303,0,303,0,303,0,303,0,303,0,303,0,303,0,303,0,303,0,303,0,303,0,303,0,303,0,303,0,303,0,303,0,303,0,303,0,303,0,303,0,303,0,303,0,303,0,303,0,303,0,303,0,303,0,303,0,303,0,303,0,303,0,303,0,303,0,303,0,303,0,303,0,303,0,303,0,303,0,303,0,303,0,303,0,303,0,303,0,303,0,303,0,303,0,303,0,303,0,303,0,303,0,303,0,303,0,303,0,303,0,303,0,303,0,303,0,303,0,303,0,303,0,303,0,303,0,303,0,303,0,303,0,303,0,303,0,303,0,303,0,303,0,303,0,303,0,303,0,303,0,303,0,303,0,303,0,303,0,303,0,303,0,303,0,303,0,303,0,303,0,303,0,303,0,303,0,303,0,303,0,303,0,303,0,303,0,303,0,303,0,303,0,303,0,303,0,303,0,303,0,303,0,303,0,303,0,303,0,303,15,303,0,303,0,303,11,303,0,303,0,303,0,303,0,303,0,303,0,303,0,303,0,303,0,303,0,303,0,303,0,303,0,303,0,303,0,303,0,303,0,303,0,303,0,303,0,303,0,303,0,303,0,303,0,303,0,303,0,303,0,303,0,303,0,303,0,303,0,303,0,303,0,303,0,303,0,303,0,303,0,303,0,303,0,303,0,303,0,303,0,303,0,303,0,303,0,303,0,303,0,303,0,303,0,303,0,303,0,303,0,303,0,303,0,303,0,303,0,303,0,303,0,303,0,303,0,303,0,303,0,303,0,303,0,303,0,303,0,303,0,303,0,303,0,303,0,303,0,303,0,303,0,303,0,303,0,303,0,303,0,303,0,303,0,303,0,303,0,303,0,303,0,303,0,303,0,303,0,303,0,303,0,303,0,303,0,303,0,303,0,303,0,303,0,303,0,303,0,303,0,303,0,303,0,303,0,303,0,303,0,303,0,303,0,303,0,303,0,303,0,303,0,303,0,303,0,303,0,303,0,303,0,303,0,303,0,303,0,303,0,303,0,303,0,303,0,303,0,303,0,303,0,303,0
,,304,0,304,0,304,0,304,0,304,0,304,0,304,0,304,0,304,0,304,0,304,0,304,0,304,0,304,0,304,0,304,0,304,0,304,0,304,0,304,0,304,0,304,0,304,0,304,0,304,0,304,0,304,0,304,0,304,0,304,0,304,0,304,0,304,0,304,0,304,0,304,0,304,0,304,0,304,0,304,0,304,0,304,0,304,0,304,0,304,0,304,0,304,0,304,0,304,0,304,0,304,0,304,0,304,0,304,0,304,0,304,0,304,0,304,0,304,0,304,0,304,0,304,0,304,0,304,0,304,0,304,0,304,0,304,0,304,0,304,0,304,0,304,0,304,0,304,0,304,0,304,0,304,0,304,0,304,0,304,0,304,0,304,0,304,0,304,0,304,0,304,0,304,0,304,0,304,0,304,0,304,0,304,0,304,0,304,0,304,0,304,0,304,0,304,0,304,0,304,0,304,0,304,0,304,0,304,0,304,0,304,0,304,0,304,0,304,0,304,0,304,0,304,0,304,0,304,0,304,0,304,0,304,0,304,0,304,0,304,0,304,0,304,0,304,0,304,0,304,0,304,0,304,0,304,0,304,0,304,0,304,0,304,0,304,0,304,0,304,0,304,0,304,0,304,0,304,0,304,0,304,0,304,0,304,0,304,0,304,0,304,0,304,0,304,0,304,0,304,0,304,0,304,0,304,0,304,0,304,0,304,0,304,0,304,0,304,0,304,0,304,0,304,0,304,0,304,0,304,0,304,0,304,0,304,0,304,0,304,0,304,0,304,0,304,0,304,0,304,0,304,0,304,0,304,0,304,0,304,0,304,0,304,0,304,0,304,0,304,0,304,0,304,0,304,0,304,0,304,0,304,0,304,0,304,0,304,0,304,0,304,0,304,0,304,0,304,0,304,0,304,0,304,0,304,0,304,0,304,0,304,0,304,0,304,0,304,0,304,0,304,0,304,0,304,0,304,0,304,0,304,0,304,0,304,0,304,0,304,0,304,0,304,0,304,0,304,0,304,0,304,0,304,0,304,0,304,0,304,0,304,0,304,0,304,0,304,0,304,0,304,0,304,0,304,0,304,0,304,0,304,0,304,0,304,0,304,0,304,0,304,0,304,0,304,0,304,0,304,0,304,0,304,0,304,0,304,0,304,0,304,0,304,0,304,0,304,0,304,0,304,0,304,0,304,0,304,0,304,6,304,0,304,0,304,1,304,9,304,0,304,0,304,0,304,0,304,0,304,0,304,0,304,0,304,0,304,0,304,0,304,0,304,0,304,0,304,0,304,0,304,0,304,0,304,0,304,0,304,0,304,0,304,0,304,0,304,0,304,0,304,0,304,0,304,0,304,0,304,0,304,0,304,0,304,0,304,0,304,0,304,0,304,0,304,0,304,0,304,0,304,0,304,0,304,0,304,0,304,0,304,0,304,0,304,0,304,0,304,0,304,0,304,0,304,0,304,0,304,0,304,0,304,0,304,0,304,0,304,0,304,0,304,0,304,0,304,0,304,0,304,0,304,0,304,0,304,0,304,0,304,0,304,0,304,0,304,0,304,0,304,0,304,0,304,0,304,0,304,0,304,0,304,0,304,0,304,0,304,0,304,0,304,0,304,0,304,0,304,0,304,0,304,0,304,0,304,0,304,0,304,0,304,0,304,0,304,0,304,0,304,0,304,0,304,0,304,0,304,0,304,0,304,0,304,0,304,0,304,0,304,0,304,0,304,0,304,0,304,0,304,0,304,0,304,0,304,0,304,0,304,0,304,0,304,0,304,0,304,0,304,0,304,0,304,0,304,0,304,0,304,0,304,0,304,0,304,0,304,0,304,0,304,0,304,0,304,0,304,0,304,0,304,0,304,0,304,0,304,0,304,0,304,14,304,0,304,0,304,12,304,0,304,0,304,0,304,0,304,0,304,0,304,0,304,0,304,0,304,0,304,0,304,0,304,0,304,0,304,0,304,0,304,0,304,0,304,0,304,0,304,0,304,0,304,0,304,0,304,0,304,0,304,0,304,0,304,0,304,0,304,0,304,0,304,0,304,0,304,0,304,0,304,0,304,0,304,0,304,0,304,0,304,0,304,0,304,0,304,0,304,0,304,0,304,0,304,0,304,0,304,0,304,0,304,0,304,0,304,0,304,0,304,0,304,0,304,0,304,0,304,0,304,0,304,0,304,0,304,0,304,0,304,0,304,0,304,0,304,0,304,0,304,0,304,0,304,0,304,0,304,0,304,0,304,0,304,0,304,0,304,0,304,0,304,0,304,0,304,0,304,0,304,0,304,0,304,0,304,0,304,0,304,0,304,0,304,0,304,0,304,0,304,0,304,0,304,0,304,0,304,0,304,0,304,0,304,0,304,0,304,0,304,0,304,0,304,0,304,0,304,0,304,0,304,0,304,0,304,0,304,0,304,0,304,0,304,0,304,0,304,0,304,0,304,0,304,0
,,305,0,305,0,305,0,305,0,305,0,305,0,305,0,305,0,305,0,305,0,305,0,305,0,305,0,305,0,305,0,305,0,305,0,305,0,305,0,305,0,305,0,305,0,305,0,305,0,305,0,305,0,305,0,305,0,305,0,305,0,305,0,305,0,305,0,305,0,305,0,305,0,305,0,305,0,305,0,305,0,305,0,305,0,305,0,305,0,305,0,305,0,305,0,305,0,305,0,305,0,305,0,305,0,305,0,305,0,305,0,305,0,305,0,305,0,305,0,305,0,305,0,305,0,305,0,305,0,305,0,305,0,305,0,305,0,305,0,305,0,305,0,305,0,305,0,305,0,305,0,305,0,305,0,305,0,305,0,305,0,305,0,305,0,305,0,305,0,305,0,305,0,305,0,305,0,305,0,305,0,305,0,305,0,305,0,305,0,305,0,305,0,305,0,305,0,305,0,305,0,305,0,305,0,305,0,305,0,305,0,305,0,305,0,305,0,305,0,305,0,305,0,305,0,305,0,305,0,305,0,305,0,305,0,305,0,305,0,305,0,305,0,305,12,305,0,305,0,305,0,305,0,305,0,305,0,305,0,305,0,305,0,305,0,305,0,305,0,305,0,305,0,305,0,305,0,305,0,305,0,305,0,305,0,305,0,305,0,305,0,305,0,305,0,305,0,305,0,305,0,305,0,305,0,305,0,305,0,305,0,305,0,305,0,305,0,305,0,305,0,305,0,305,0,305,0,305,0,305,0,305,0,305,0,305,0,305,0,305,0,305,0,305,0,305,0,305,0,305,0,305,0,305,0,305,0,305,0,305,0,305,0,305,0,305,0,305,0,305,0,305,0,305,0,305,0,305,0,305,0,305,0,305,0,305,0,305,0,305,0,305,0,305,0,305,0,305,0,305,0,305,0,305,0,305,0,305,0,305,0,305,0,305,0,305,0,305,0,305,0,305,0,305,0,305,0,305,0,305,0,305,0,305,0,305,0,305,0,305,0,305,0,305,0,305,0,305,0,305,0,305,0,305,0,305,0,305,0,305,0,305,0,305,0,305,0,305,0,305,0,305,0,305,0,305,0,305,0,305,0,305,0,305,0,305,0,305,0,305,0,305,0,305,0,305,0,305,0,305,0,305,0,305,0,305,0,305,0,305,0,305,0,305,0,305,0,305,0,305,0,305,0,305,0,305,0,305,0,305,0,305,0,305,0,305,0,305,4,305,0,305,0,305,2,305,0,305,0,305,0,305,0,305,0,305,0,305,0,305,0,305,0,305,0,305,0,305,0,305,0,305,0,305,0,305,0,305,0,305,0,305,0,305,0,305,0,305,0,305,0,305,0,305,0,305,0,305,0,305,0,305,0,305,0,305,0,305,0,305,0,305,0,305,0,305,0,305,0,305,0,305,0,305,0,305,0,305,0,305,0,305,0,305,0,305,0,305,0,305,0,305,0,305,0,305,0,305,0,305,0,305,0,305,0,305,0,305,0,305,0,305,0,305,0,305,0,305,0,305,0,305,0,305,0,305,0,305,0,305,0,305,0,305,0,305,0,305,0,305,0,305,0,305,0,305,0,305,0,305,0,305,0,305,0,305,0,305,0,305,0,305,0,305,0,305,0,305,0,305,0,305,0,305,0,305,0,305,0,305,0,305,0,305,0,305,0,305,0,305,0,305,0,305,0,305,0,305,0,305,0,305,0,305,0,305,0,305,0,305,0,305,0,305,0,305,0,305,0,305,0,305,0,305,0,305,0,305,0,305,0,305,0,305,0,305,0,305,0,305,0,305,0,305,0,305,0,305,0,305,0,305,0,305,0,305,0,305,0,305,0,305,0,305,0,305,0,305,0,305,0,305,0,305,0,305,0,305,0,305,0,305,0,305,21,305,0,305,0,305,9,305,0,305,0,305,0,305,0,305,0,305,0,305,0,305,0,305,0,305,0,305,0,305,0,305,0,305,0,305,0,305,0,305,0,305,0,305,0,305,0,305,0,305,0,305,0,305,0,305,0,305,0,305,0,305,0,305,0,305,0,305,0,305,0,305,0,305,0,305,0,305,0,305,0,305,0,305,0,305,0,305,0,305,0,305,0,305,0,305,0,305,0,305,0,305,0,305,0,305,0,305,0,305,0,305,0,305,0,305,0,305,0,305,0,305,0,305,0,305,0,305,0,305,0,305,0,305,0,305,0,305,0,305,0,305,0,305,0,305,0,305,0,305,0,305,0,305,0,305,0,305,0,305,0,305,0,305,0,305,0,305,0,305,0,305,0,305,0,305,0,305,0,305,0,305,0,305,0,305,0,305,0,305,0,305,0,305,0,305,0,305,0,305,0,305,0,305,0,305,0,305,0,305,0,305,0,305,0,305,0,305,0,305,0,305,0,305,0,305,0,305,0,305,0,305,0,305,0,305,0,305,0,305,0,305,0,305,0,305,0,305,0,305,0,305,0,305,0
,,306,0,306,0,306,0,306,0,306,0,306,0,306,0,306,0,306,0,306,0,306,0,306,0,306,0,306,0,306,0,306,0,306,0,306,0,306,0,306,0,306,0,306,0,306,0,306,0,306,0,306,0,306,0,306,0,306,0,306,0,306,0,306,0,306,0,306,0,306,0,306,0,306,0,306,0,306,0,306,0,306,0,306,0,306,0,306,0,306,0,306,0,306,0,306,0,306,0,306,0,306,0,306,0,306,0,306,0,306,0,306,0,306,0,306,0,306,0,306,0,306,0,306,0,306,0,306,0,306,0,306,0,306,0,306,0,306,0,306,0,306,0,306,0,306,0,306,0,306,0,306,0,306,0,306,0,306,0,306,0,306,0,306,0,306,0,306,0,306,0,306,0,306,0,306,0,306,0,306,0,306,0,306,0,306,0,306,0,306,0,306,0,306,0,306,0,306,0,306,0,306,0,306,0,306,0,306,0,306,0,306,0,306,0,306,0,306,0,306,0,306,0,306,0,306,0,306,0,306,0,306,0,306,0,306,0,306,0,306,0,306,0,306,12,306,0,306,0,306,0,306,0,306,0,306,0,306,0,306,0,306,0,306,0,306,0,306,0,306,0,306,0,306,0,306,0,306,0,306,0,306,0,306,0,306,0,306,0,306,0,306,0,306,0,306,0,306,0,306,0,306,0,306,0,306,0,306,0,306,0,306,0,306,0,306,0,306,0,306,0,306,0,306,0,306,0,306,0,306,0,306,0,306,0,306,0,306,0,306,0,306,0,306,0,306,0,306,0,306,0,306,0,306,0,306,0,306,0,306,0,306,0,306,0,306,0,306,0,306,0,306,0,306,0,306,0,306,0,306,0,306,0,306,0,306,0,306,0,306,0,306,0,306,0,306,0,306,0,306,0,306,0,306,0,306,0,306,0,306,0,306,0,306,0,306,0,306,0,306,0,306,0,306,0,306,0,306,0,306,0,306,0,306,0,306,0,306,0,306,0,306,0,306,0,306,0,306,0,306,0,306,0,306,0,306,0,306,0,306,0,306,0,306,0,306,0,306,0,306,0,306,0,306,0,306,0,306,0,306,0,306,0,306,0,306,0,306,0,306,0,306,0,306,0,306,0,306,0,306,0,306,0,306,0,306,0,306,0,306,0,306,0,306,0,306,0,306,0,306,0,306,0,306,0,306,0,306,0,306,0,306,0,306,0,306,3,306,10,306,0,306,0,306,8,306,0,306,0,306,0,306,0,306,0,306,0,306,0,306,0,306,0,306,0,306,0,306,0,306,0,306,0,306,0,306,0,306,0,306,0,306,0,306,0,306,0,306,0,306,0,306,0,306,0,306,0,306,0,306,0,306,0,306,0,306,0,306,0,306,0,306,0,306,0,306,0,306,0,306,0,306,0,306,0,306,0,306,0,306,0,306,0,306,0,306,0,306,0,306,0,306,0,306,0,306,0,306,0,306,0,306,0,306,0,306,0,306,0,306,0,306,0,306,0,306,0,306,0,306,0,306,0,306,0,306,0,306,0,306,0,306,0,306,0,306,0,306,0,306,0,306,0,306,0,306,0,306,0,306,0,306,0,306,0,306,0,306,0,306,0,306,0,306,0,306,0,306,0,306,0,306,0,306,0,306,0,306,0,306,0,306,0,306,0,306,0,306,0,306,0,306,0,306,0,306,0,306,0,306,0,306,0,306,0,306,0,306,0,306,0,306,0,306,0,306,0,306,0,306,0,306,0,306,0,306,0,306,0,306,0,306,0,306,0,306,0,306,0,306,0,306,0,306,0,306,0,306,0,306,0,306,0,306,0,306,0,306,0,306,0,306,0,306,0,306,0,306,0,306,0,306,0,306,0,306,0,306,0,306,0,306,0,306,13,306,0,306,0,306,1,306,0,306,0,306,0,306,0,306,0,306,0,306,0,306,0,306,0,306,0,306,0,306,0,306,0,306,0,306,0,306,0,306,0,306,0,306,0,306,0,306,0,306,0,306,0,306,0,306,0,306,0,306,0,306,0,306,0,306,0,306,0,306,0,306,0,306,0,306,0,306,0,306,0,306,0,306,0,306,0,306,0,306,0,306,0,306,0,306,0,306,0,306,0,306,0,306,0,306,0,306,0,306,0,306,0,306,0,306,0,306,0,306,0,306,0,306,0,306,0,306,0,306,0,306,0,306,0,306,0,306,0,306,0,306,0,306,0,306,0,306,0,306,0,306,0,306,0,306,0,306,0,306,0,306,0,306,0,306,0,306,0,306,0,306,0,306,0,306,0,306,0,306,0,306,0,306,0,306,0,306,0,306,0,306,0,306,0,306,0,306,0,306,0,306,0,306,0,306,0,306,0,306,0,306,0,306,0,306,0,306,0,306,0,306,0,306,0,306,0,306,0,306,0,306,0,306,0,306,0,306,0,306,0,306,0,306,0,306,0,306,0,306,0,306,0,306,0
,,307,0,307,0,307,0,307,0,307,0,307,0,307,0,307,0,307,0,307,0,307,0,307,0,307,0,307,0,307,0,307,0,307,0,307,0,307,0,307,0,307,0,307,0,307,0,307,0,307,0,307,0,307,0,307,0,307,0,307,0,307,0,307,0,307,0,307,0,307,0,307,0,307,0,307,0,307,0,307,0,307,0,307,0,307,0,307,0,307,0,307,0,307,0,307,0,307,0,307,0,307,0,307,0,307,0,307,0,307,0,307,0,307,0,307,0,307,0,307,0,307,0,307,0,307,0,307,0,307,0,307,0,307,0,307,0,307,0,307,0,307,0,307,0,307,0,307,0,307,0,307,0,307,0,307,0,307,0,307,0,307,0,307,0,307,0,307,0,307,0,307,0,307,0,307,0,307,0,307,0,307,0,307,0,307,0,307,0,307,0,307,0,307,0,307,0,307,0,307,0,307,0,307,0,307,0,307,0,307,0,307,0,307,0,307,0,307,0,307,0,307,0,307,0,307,0,307,0,307,0,307,0,307,0,307,0,307,0,307,0,307,0,307,8,307,0,307,0,307,0,307,0,307,0,307,0,307,0,307,0,307,0,307,0,307,0,307,0,307,0,307,0,307,0,307,0,307,0,307,0,307,0,307,0,307,0,307,0,307,0,307,0,307,0,307,0,307,0,307,0,307,0,307,0,307,0,307,0,307,0,307,0,307,0,307,0,307,0,307,0,307,0,307,0,307,0,307,0,307,0,307,0,307,0,307,0,307,0,307,0,307,0,307,0,307,0,307,0,307,0,307,0,307,0,307,0,307,0,307,0,307,0,307,0,307,0,307,0,307,0,307,0,307,0,307,0,307,0,307,0,307,0,307,0,307,0,307,0,307,0,307,0,307,0,307,0,307,0,307,0,307,0,307,0,307,0,307,0,307,0,307,0,307,0,307,0,307,0,307,0,307,0,307,0,307,0,307,0,307,0,307,0,307,0,307,0,307,0,307,0,307,0,307,0,307,0,307,0,307,0,307,0,307,0,307,0,307,0,307,0,307,0,307,0,307,0,307,0,307,0,307,0,307,0,307,0,307,0,307,0,307,0,307,0,307,0,307,0,307,0,307,0,307,0,307,0,307,0,307,0,307,0,307,0,307,0,307,0,307,0,307,0,307,0,307,0,307,0,307,0,307,0,307,0,307,0,307,0,307,0,307,0,307,0,307,0,307,5,307,0,307,0,307,0,307,0,307,0,307,0,307,0,307,0,307,0,307,0,307,0,307,0,307,0,307,0,307,0,307,0,307,0,307,0,307,0,307,0,307,0,307,0,307,0,307,0,307,0,307,0,307,0,307,0,307,0,307,0,307,0,307,0,307,0,307,0,307,0,307,0,307,0,307,0,307,0,307,0,307,0,307,0,307,0,307,0,307,0,307,0,307,0,307,0,307,0,307,0,307,0,307,0,307,0,307,0,307,0,307,0,307,0,307,0,307,0,307,0,307,0,307,0,307,0,307,0,307,0,307,0,307,0,307,0,307,0,307,0,307,0,307,0,307,0,307,0,307,0,307,0,307,0,307,0,307,0,307,0,307,0,307,0,307,0,307,0,307,0,307,0,307,0,307,0,307,0,307,0,307,0,307,0,307,0,307,0,307,0,307,0,307,0,307,0,307,0,307,0,307,0,307,0,307,0,307,0,307,0,307,0,307,0,307,0,307,0,307,0,307,0,307,0,307,0,307,0,307,0,307,0,307,0,307,0,307,0,307,0,307,0,307,0,307,0,307,0,307,0,307,0,307,0,307,0,307,0,307,0,307,0,307,0,307,0,307,0,307,0,307,0,307,0,307,0,307,0,307,0,307,0,307,0,307,0,307,0,307,0,307,0,307,0,307,25,307,0,307,0,307,10,307,0,307,0,307,0,307,0,307,0,307,0,307,0,307,0,307,0,307,0,307,0,307,0,307,0,307,0,307,0,307,0,307,0,307,0,307,0,307,0,307,0,307,0,307,0,307,0,307,0,307,0,307,0,307,0,307,0,307,0,307,0,307,0,307,0,307,0,307,0,307,0,307,0,307,0,307,0,307,0,307,0,307,0,307,0,307,0,307,0,307,0,307,0,307,0,307,0,307,0,307,0,307,0,307,0,307,0,307,0,307,0,307,0,307,0,307,0,307,0,307,0,307,0,307,0,307,0,307,0,307,0,307,0,307,0,307,0,307,0,307,0,307,0,307,0,307,0,307,0,307,0,307,0,307,0,307,0,307,0,307,0,307,0,307,0,307,0,307,0,307,0,307,0,307,0,307,0,307,0,307,0,307,0,307,0,307,0,307,0,307,0,307,0,307,0,307,0,307,0,307,0,307,0,307,0,307,0,307,0,307,0,307,0,307,0,307,0,307,0,307,0,307,0,307,0,307,0,307,0,307,0,307,0,307,0,307,0,307,0,307,0,307,0,307,0,307,0
,,308,0,308,0,308,0,308,0,308,0,308,0,308,0,308,0,308,0,308,0,308,0,308,0,308,0,308,0,308,0,308,0,308,0,308,0,308,0,308,0,308,0,308,0,308,0,308,0,308,0,308,0,308,0,308,0,308,0,308,0,308,0,308,0,308,0,308,0,308,0,308,0,308,0,308,0,308,0,308,0,308,0,308,0,308,0,308,0,308,0,308,0,308,0,308,0,308,0,308,0,308,0,308,0,308,0,308,0,308,0,308,0,308,0,308,0,308,0,308,0,308,0,308,0,308,0,308,0,308,0,308,0,308,0,308,0,308,0,308,0,308,0,308,0,308,0,308,0,308,0,308,0,308,0,308,0,308,0,308,0,308,0,308,0,308,0,308,0,308,0,308,0,308,0,308,0,308,0,308,0,308,0,308,0,308,0,308,0,308,0,308,0,308,0,308,0,308,0,308,0,308,0,308,0,308,0,308,0,308,0,308,0,308,0,308,0,308,0,308,0,308,0,308,0,308,0,308,0,308,0,308,0,308,0,308,0,308,0,308,0,308,0,308,8,308,0,308,0,308,0,308,0,308,0,308,0,308,0,308,0,308,0,308,0,308,0,308,0,308,0,308,0,308,0,308,0,308,0,308,0,308,0,308,0,308,0,308,0,308,0,308,0,308,0,308,0,308,0,308,0,308,0,308,0,308,0,308,0,308,0,308,0,308,0,308,0,308,0,308,0,308,0,308,0,308,0,308,0,308,0,308,0,308,0,308,0,308,0,308,0,308,0,308,0,308,0,308,0,308,0,308,0,308,0,308,0,308,0,308,0,308,0,308,0,308,0,308,0,308,0,308,0,308,0,308,0,308,0,308,0,308,0,308,0,308,0,308,0,308,0,308,0,308,0,308,0,308,0,308,0,308,0,308,0,308,0,308,0,308,0,308,0,308,0,308,0,308,0,308,0,308,0,308,0,308,0,308,0,308,0,308,0,308,0,308,0,308,0,308,0,308,0,308,0,308,0,308,0,308,0,308,0,308,0,308,0,308,0,308,0,308,0,308,0,308,0,308,0,308,0,308,0,308,0,308,0,308,0,308,0,308,0,308,0,308,0,308,0,308,0,308,0,308,0,308,0,308,0,308,0,308,0,308,0,308,0,308,0,308,0,308,0,308,0,308,0,308,0,308,0,308,0,308,0,308,0,308,0,308,0,308,0,308,0,308,1,308,7,308,0,308,0,308,2,308,0,308,0,308,0,308,0,308,0,308,0,308,0,308,0,308,0,308,0,308,0,308,0,308,0,308,0,308,0,308,0,308,0,308,0,308,0,308,0,308,0,308,0,308,0,308,0,308,0,308,0,308,0,308,0,308,0,308,0,308,0,308,0,308,0,308,0,308,0,308,0,308,0,308,0,308,0,308,0,308,0,308,0,308,0,308,0,308,0,308,0,308,0,308,0,308,0,308,0,308,0,308,0,308,0,308,0,308,0,308,0,308,0,308,0,308,0,308,0,308,0,308,0,308,0,308,0,308,0,308,0,308,0,308,0,308,0,308,0,308,0,308,0,308,0,308,0,308,0,308,0,308,0,308,0,308,0,308,0,308,0,308,0,308,0,308,0,308,0,308,0,308,0,308,0,308,0,308,0,308,0,308,0,308,0,308,0,308,0,308,0,308,0,308,0,308,0,308,0,308,0,308,0,308,0,308,0,308,0,308,0,308,0,308,0,308,0,308,0,308,0,308,0,308,0,308,0,308,0,308,0,308,0,308,0,308,0,308,0,308,0,308,0,308,0,308,0,308,0,308,0,308,0,308,0,308,0,308,0,308,0,308,0,308,0,308,0,308,0,308,0,308,0,308,0,308,0,308,0,308,0,308,0,308,0,308,0,308,21,308,0,308,0,308,6,308,0,308,0,308,0,308,0,308,0,308,0,308,0,308,0,308,0,308,0,308,0,308,0,308,0,308,0,308,0,308,0,308,0,308,0,308,0,308,0,308,0,308,0,308,0,308,0,308,0,308,0,308,0,308,0,308,0,308,0,308,0,308,0,308,0,308,0,308,0,308,0,308,0,308,0,308,0,308,0,308,0,308,0,308,0,308,0,308,0,308,0,308,0,308,0,308,0,308,0,308,0,308,0,308,0,308,0,308,0,308,0,308,0,308,0,308,0,308,0,308,0,308,0,308,0,308,0,308,0,308,0,308,0,308,0,308,0,308,0,308,0,308,0,308,0,308,0,308,0,308,0,308,0,308,0,308,0,308,0,308,0,308,0,308,0,308,0,308,0,308,0,308,0,308,0,308,0,308,0,308,0,308,0,308,0,308,0,308,0,308,0,308,0,308,0,308,0,308,0,308,0,308,0,308,0,308,0,308,0,308,0,308,0,308,0,308,0,308,0,308,0,308,0,308,0,308,0,308,0,308,0,308,0,308,0,308,0,308,0,308,0,308,0,308,0,308,0
,,309,0,309,0,309,0,309,0,309,0,309,0,309,0,309,0,309,0,309,0,309,0,309,0,309,0,309,0,309,0,309,0,309,0,309,0,309,0,309,0,309,0,309,0,309,0,309,0,309,0,309,0,309,0,309,0,309,0,309,0,309,0,309,0,309,0,309,0,309,0,309,0,309,0,309,0,309,0,309,0,309,0,309,0,309,0,309,0,309,0,309,0,309,0,309,0,309,0,309,0,309,0,309,0,309,0,309,0,309,0,309,0,309,0,309,0,309,0,309,0,309,0,309,0,309,0,309,0,309,0,309,0,309,0,309,0,309,0,309,0,309,0,309,0,309,0,309,0,309,0,309,0,309,0,309,0,309,0,309,0,309,0,309,0,309,0,309,0,309,0,309,0,309,0,309,0,309,0,309,0,309,0,309,0,309,0,309,0,309,0,309,0,309,0,309,0,309,0,309,0,309,0,309,0,309,0,309,0,309,0,309,0,309,0,309,0,309,0,309,0,309,0,309,0,309,0,309,0,309,0,309,0,309,0,309,0,309,0,309,0,309,0,309,11,309,0,309,0,309,0,309,0,309,0,309,0,309,0,309,0,309,0,309,0,309,0,309,0,309,0,309,0,309,0,309,0,309,0,309,0,309,0,309,0,309,0,309,0,309,0,309,0,309,0,309,0,309,0,309,0,309,0,309,0,309,0,309,0,309,0,309,0,309,0,309,0,309,0,309,0,309,0,309,0,309,0,309,0,309,0,309,0,309,0,309,0,309,0,309,0,309,0,309,0,309,0,309,0,309,0,309,0,309,0,309,0,309,0,309,0,309,0,309,0,309,0,309,0,309,0,309,0,309,0,309,0,309,0,309,0,309,0,309,0,309,0,309,0,309,0,309,0,309,0,309,0,309,0,309,0,309,0,309,0,309,0,309,0,309,0,309,0,309,0,309,0,309,0,309,0,309,0,309,0,309,0,309,0,309,0,309,0,309,0,309,0,309,0,309,0,309,0,309,0,309,0,309,0,309,0,309,0,309,0,309,0,309,0,309,0,309,0,309,0,309,0,309,0,309,0,309,0,309,0,309,0,309,0,309,0,309,0,309,0,309,0,309,0,309,0,309,0,309,0,309,0,309,0,309,0,309,0,309,0,309,0,309,0,309,0,309,0,309,0,309,0,309,0,309,0,309,0,309,0,309,0,309,0,309,0,309,0,309,0,309,0,309,4,309,0,309,0,309,0,309,0,309,0,309,0,309,0,309,0,309,0,309,0,309,0,309,0,309,0,309,0,309,0,309,0,309,0,309,0,309,0,309,0,309,0,309,0,309,0,309,0,309,0,309,0,309,0,309,0,309,0,309,0,309,0,309,0,309,0,309,0,309,0,309,0,309,0,309,0,309,0,309,0,309,0,309,0,309,0,309,0,309,0,309,0,309,0,309,0,309,0,309,0,309,0,309,0,309,0,309,0,309,0,309,0,309,0,309,0,309,0,309,0,309,0,309,0,309,0,309,0,309,0,309,0,309,0,309,0,309,0,309,0,309,0,309,0,309,0,309,0,309,0,309,0,309,0,309,0,309,0,309,0,309,0,309,0,309,0,309,0,309,0,309,0,309,0,309,0,309,0,309,0,309,0,309,0,309,0,309,0,309,0,309,0,309,0,309,0,309,0,309,0,309,0,309,0,309,0,309,0,309,0,309,0,309,0,309,0,309,0,309,0,309,0,309,0,309,0,309,0,309,0,309,0,309,0,309,0,309,0,309,0,309,0,309,0,309,0,309,0,309,0,309,0,309,0,309,0,309,0,309,0,309,0,309,0,309,0,309,0,309,0,309,0,309,0,309,0,309,0,309,0,309,0,309,0,309,0,309,0,309,0,309,0,309,0,309,21,309,0,309,0,309,14,309,0,309,0,309,0,309,0,309,0,309,0,309,0,309,0,309,0,309,0,309,0,309,0,309,0,309,0,309,0,309,0,309,0,309,0,309,0,309,0,309,0,309,0,309,0,309,0,309,0,309,0,309,0,309,0,309,0,309,0,309,0,309,0,309,0,309,0,309,0,309,0,309,0,309,0,309,0,309,0,309,0,309,0,309,0,309,0,309,0,309,0,309,0,309,0,309,0,309,0,309,0,309,0,309,0,309,0,309,0,309,0,309,0,309,0,309,0,309,0,309,0,309,0,309,0,309,0,309,0,309,0,309,0,309,0,309,0,309,0,309,0,309,0,309,0,309,0,309,0,309,0,309,0,309,0,309,0,309,0,309,0,309,0,309,0,309,0,309,0,309,0,309,0,309,0,309,0,309,0,309,0,309,0,309,0,309,0,309,0,309,0,309,0,309,0,309,0,309,0,309,0,309,0,309,0,309,0,309,0,309,0,309,0,309,0,309,0,309,0,309,0,309,0,309,0,309,0,309,0,309,0,309,0,309,0,309,0,309,0,309,0,309,0,309,0,309,0
,,310,0,310,0,310,0,310,0,310,0,310,0,310,0,310,0,310,0,310,0,310,0,310,0,310,0,310,0,310,0,310,0,310,0,310,0,310,0,310,0,310,0,310,0,310,0,310,0,310,0,310,0,310,0,310,0,310,0,310,0,310,0,310,0,310,0,310,0,310,0,310,0,310,0,310,0,310,0,310,0,310,0,310,0,310,0,310,0,310,0,310,0,310,0,310,0,310,0,310,0,310,0,310,0,310,0,310,0,310,0,310,0,310,0,310,0,310,0,310,0,310,0,310,0,310,0,310,0,310,0,310,0,310,0,310,0,310,0,310,0,310,0,310,0,310,0,310,0,310,0,310,0,310,0,310,0,310,0,310,0,310,0,310,0,310,0,310,0,310,0,310,0,310,0,310,0,310,0,310,0,310,0,310,0,310,0,310,0,310,0,310,0,310,0,310,0,310,0,310,0,310,0,310,0,310,0,310,0,310,0,310,0,310,0,310,0,310,0,310,0,310,0,310,0,310,0,310,0,310,0,310,0,310,0,310,0,310,0,310,0,310,0,310,7,310,0,310,0,310,0,310,0,310,0,310,0,310,0,310,0,310,0,310,0,310,0,310,0,310,0,310,0,310,0,310,0,310,0,310,0,310,0,310,0,310,0,310,0,310,0,310,0,310,0,310,0,310,0,310,0,310,0,310,0,310,0,310,0,310,0,310,0,310,0,310,0,310,0,310,0,310,0,310,0,310,0,310,0,310,0,310,0,310,0,310,0,310,0,310,0,310,0,310,0,310,0,310,0,310,0,310,0,310,0,310,0,310,0,310,0,310,0,310,0,310,0,310,0,310,0,310,0,310,0,310,0,310,0,310,0,310,0,310,0,310,0,310,0,310,0,310,0,310,0,310,0,310,0,310,0,310,0,310,0,310,0,310,0,310,0,310,0,310,0,310,0,310,0,310,0,310,0,310,0,310,0,310,0,310,0,310,0,310,0,310,0,310,0,310,0,310,0,310,0,310,0,310,0,310,0,310,0,310,0,310,0,310,0,310,0,310,0,310,0,310,0,310,0,310,0,310,0,310,0,310,0,310,0,310,0,310,0,310,0,310,0,310,0,310,0,310,0,310,0,310,0,310,0,310,0,310,0,310,0,310,0,310,0,310,0,310,0,310,0,310,0,310,0,310,0,310,0,310,0,310,0,310,0,310,0,310,0,310,0,310,0,310,4,310,0,310,0,310,0,310,0,310,0,310,0,310,0,310,0,310,0,310,0,310,0,310,0,310,0,310,0,310,0,310,0,310,0,310,0,310,0,310,0,310,0,310,0,310,0,310,0,310,0,310,0,310,0,310,0,310,0,310,0,310,0,310,0,310,0,310,0,310,0,310,0,310,0,310,0,310,0,310,0,310,0,310,0,310,0,310,0,310,0,310,0,310,0,310,0,310,0,310,0,310,0,310,0,310,0,310,0,310,0,310,0,310,0,310,0,310,0,310,0,310,0,310,0,310,0,310,0,310,0,310,0,310,0,310,0,310,0,310,0,310,0,310,0,310,0,310,0,310,0,310,0,310,0,310,0,310,0,310,0,310,0,310,0,310,0,310,0,310,0,310,0,310,0,310,0,310,0,310,0,310,0,310,0,310,0,310,0,310,0,310,0,310,0,310,0,310,0,310,0,310,0,310,0,310,0,310,0,310,0,310,0,310,0,310,0,310,0,310,0,310,0,310,0,310,0,310,0,310,0,310,0,310,0,310,0,310,0,310,0,310,0,310,0,310,0,310,0,310,0,310,0,310,0,310,0,310,0,310,0,310,0,310,0,310,0,310,0,310,0,310,0,310,0,310,0,310,0,310,0,310,0,310,0,310,0,310,0,310,0,310,0,310,0,310,25,310,0,310,0,310,14,310,0,310,0,310,0,310,0,310,0,310,0,310,0,310,0,310,0,310,0,310,0,310,0,310,0,310,0,310,0,310,0,310,0,310,0,310,0,310,0,310,0,310,0,310,0,310,0,310,0,310,0,310,0,310,0,310,0,310,0,310,0,310,0,310,0,310,0,310,0,310,0,310,0,310,0,310,0,310,0,310,0,310,0,310,0,310,0,310,0,310,0,310,0,310,0,310,0,310,0,310,0,310,0,310,0,310,0,310,0,310,0,310,0,310,0,310,0,310,0,310,0,310,0,310,0,310,0,310,0,310,0,310,0,310,0,310,0,310,0,310,0,310,0,310,0,310,0,310,0,310,0,310,0,310,0,310,0,310,0,310,0,310,0,310,0,310,0,310,0,310,0,310,0,310,0,310,0,310,0,310,0,310,0,310,0,310,0,310,0,310,0,310,0,310,0,310,0,310,0,310,0,310,0,310,0,310,0,310,0,310,0,310,0,310,0,310,0,310,0,310,0,310,0,310,0,310,0,310,0,310,0,310,0,310,0,310,0,310,0,310,0,310,0,310,0,310,0
,,311,0,311,0,311,0,311,0,311,0,311,0,311,0,311,0,311,0,311,0,311,0,311,0,311,0,311,0,311,0,311,0,311,0,311,0,311,0,311,0,311,0,311,0,311,0,311,0,311,0,311,0,311,0,311,0,311,0,311,0,311,0,311,0,311,0,311,0,311,0,311,0,311,0,311,0,311,0,311,0,311,0,311,0,311,0,311,0,311,0,311,0,311,0,311,0,311,0,311,0,311,0,311,0,311,0,311,0,311,0,311,0,311,0,311,0,311,0,311,0,311,0,311,0,311,0,311,0,311,0,311,0,311,0,311,0,311,0,311,0,311,0,311,0,311,0,311,0,311,0,311,0,311,0,311,0,311,0,311,0,311,0,311,0,311,0,311,0,311,0,311,0,311,0,311,0,311,0,311,0,311,0,311,0,311,0,311,0,311,0,311,0,311,0,311,0,311,0,311,0,311,0,311,0,311,0,311,0,311,0,311,0,311,0,311,0,311,0,311,0,311,0,311,0,311,0,311,0,311,0,311,0,311,0,311,0,311,0,311,0,311,0,311,11,311,0,311,0,311,0,311,0,311,0,311,0,311,0,311,0,311,0,311,0,311,0,311,0,311,0,311,0,311,0,311,0,311,0,311,0,311,0,311,0,311,0,311,0,311,0,311,0,311,0,311,0,311,0,311,0,311,0,311,0,311,0,311,0,311,0,311,0,311,0,311,0,311,0,311,0,311,0,311,0,311,0,311,0,311,0,311,0,311,0,311,0,311,0,311,0,311,0,311,0,311,0,311,0,311,0,311,0,311,0,311,0,311,0,311,0,311,0,311,0,311,0,311,0,311,0,311,0,311,0,311,0,311,0,311,0,311,0,311,0,311,0,311,0,311,0,311,0,311,0,311,0,311,0,311,0,311,0,311,0,311,0,311,0,311,0,311,0,311,0,311,0,311,0,311,0,311,0,311,0,311,0,311,0,311,0,311,0,311,0,311,0,311,0,311,0,311,0,311,0,311,0,311,0,311,0,311,0,311,0,311,0,311,0,311,0,311,0,311,0,311,0,311,0,311,0,311,0,311,0,311,0,311,0,311,0,311,0,311,0,311,0,311,0,311,0,311,0,311,0,311,0,311,0,311,0,311,0,311,0,311,0,311,0,311,0,311,0,311,0,311,0,311,0,311,0,311,0,311,0,311,0,311,0,311,0,311,0,311,0,311,0,311,6,311,0,311,0,311,2,311,0,311,0,311,0,311,0,311,0,311,0,311,0,311,0,311,0,311,0,311,0,311,0,311,0,311,0,311,0,311,0,311,0,311,0,311,0,311,0,311,0,311,0,311,0,311,0,311,0,311,0,311,0,311,0,311,0,311,0,311,0,311,0,311,0,311,0,311,0,311,0,311,0,311,0,311,0,311,0,311,0,311,0,311,0,311,0,311,0,311,0,311,0,311,0,311,0,311,0,311,0,311,0,311,0,311,0,311,0,311,0,311,0,311,0,311,0,311,0,311,0,311,0,311,0,311,0,311,0,311,0,311,0,311,0,311,0,311,0,311,0,311,0,311,0,311,0,311,0,311,0,311,0,311,0,311,0,311,0,311,0,311,0,311,0,311,0,311,0,311,0,311,0,311,0,311,0,311,0,311,0,311,0,311,0,311,0,311,0,311,0,311,0,311,0,311,0,311,0,311,0,311,0,311,0,311,0,311,0,311,0,311,0,311,0,311,0,311,0,311,0,311,0,311,0,311,0,311,0,311,0,311,0,311,0,311,0,311,0,311,0,311,0,311,0,311,0,311,0,311,0,311,0,311,0,311,0,311,0,311,0,311,0,311,0,311,0,311,0,311,0,311,0,311,0,311,0,311,0,311,0,311,0,311,0,311,0,311,17,311,0,311,0,311,8,311,0,311,0,311,0,311,0,311,0,311,0,311,0,311,0,311,0,311,0,311,0,311,0,311,0,311,0,311,0,311,0,311,0,311,0,311,0,311,0,311,0,311,0,311,0,311,0,311,0,311,0,311,0,311,0,311,0,311,0,311,0,311,0,311,0,311,0,311,0,311,0,311,0,311,0,311,0,311,0,311,0,311,0,311,0,311,0,311,0,311,0,311,0,311,0,311,0,311,0,311,0,311,0,311,0,311,0,311,0,311,0,311,0,311,0,311,0,311,0,311,0,311,0,311,0,311,0,311,0,311,0,311,0,311,0,311,0,311,0,311,0,311,0,311,0,311,0,311,0,311,0,311,0,311,0,311,0,311,0,311,0,311,0,311,0,311,0,311,0,311,0,311,0,311,0,311,0,311,0,311,0,311,0,311,0,311,0,311,0,311,0,311,0,311,0,311,0,311,0,311,0,311,0,311,0,311,0,311,0,311,0,311,0,311,0,311,0,311,0,311,0,311,0,311,0,311,0,311,0,311,0,311,0,311,0,311,0,311,0,311,0,311,0,311,0,311,0
,,312,0,312,0,312,0,312,0,312,0,312,0,312,0,312,0,312,0,312,0,312,0,312,0,312,0,312,0,312,0,312,0,312,0,312,0,312,0,312,0,312,0,312,0,312,0,312,0,312,0,312,0,312,0,312,0,312,0,312,0,312,0,312,0,312,0,312,0,312,0,312,0,312,0,312,0,312,0,312,0,312,0,312,0,312,0,312,0,312,0,312,0,312,0,312,0,312,0,312,0,312,0,312,0,312,0,312,0,312,0,312,0,312,0,312,0,312,0,312,0,312,0,312,0,312,0,312,0,312,0,312,0,312,0,312,0,312,0,312,0,312,0,312,0,312,0,312,0,312,0,312,0,312,0,312,0,312,0,312,0,312,0,312,0,312,0,312,0,312,0,312,0,312,0,312,0,312,0,312,0,312,0,312,0,312,0,312,0,312,0,312,0,312,0,312,0,312,0,312,0,312,0,312,0,312,0,312,0,312,0,312,0,312,0,312,0,312,0,312,0,312,0,312,0,312,0,312,0,312,0,312,0,312,0,312,0,312,0,312,0,312,0,312,12,312,0,312,0,312,0,312,0,312,0,312,0,312,0,312,0,312,0,312,0,312,0,312,0,312,0,312,0,312,0,312,0,312,0,312,0,312,0,312,0,312,0,312,0,312,0,312,0,312,0,312,0,312,0,312,0,312,0,312,0,312,0,312,0,312,0,312,0,312,0,312,0,312,0,312,0,312,0,312,0,312,0,312,0,312,0,312,0,312,0,312,0,312,0,312,0,312,0,312,0,312,0,312,0,312,0,312,0,312,0,312,0,312,0,312,0,312,0,312,0,312,0,312,0,312,0,312,0,312,0,312,0,312,0,312,0,312,0,312,0,312,0,312,0,312,0,312,0,312,0,312,0,312,0,312,0,312,0,312,0,312,0,312,0,312,0,312,0,312,0,312,0,312,0,312,0,312,0,312,0,312,0,312,0,312,0,312,0,312,0,312,0,312,0,312,0,312,0,312,0,312,0,312,0,312,0,312,0,312,0,312,0,312,0,312,0,312,0,312,0,312,0,312,0,312,0,312,0,312,0,312,0,312,0,312,0,312,0,312,0,312,0,312,0,312,0,312,0,312,0,312,0,312,0,312,0,312,0,312,0,312,0,312,0,312,0,312,0,312,0,312,0,312,0,312,0,312,0,312,0,312,0,312,0,312,0,312,0,312,0,312,0,312,2,312,0,312,0,312,0,312,0,312,0,312,0,312,0,312,0,312,0,312,0,312,0,312,0,312,0,312,0,312,0,312,0,312,0,312,0,312,0,312,0,312,0,312,0,312,0,312,0,312,0,312,0,312,0,312,0,312,0,312,0,312,0,312,0,312,0,312,0,312,0,312,0,312,0,312,0,312,0,312,0,312,0,312,0,312,0,312,0,312,0,312,0,312,0,312,0,312,0,312,0,312,0,312,0,312,0,312,0,312,0,312,0,312,0,312,0,312,0,312,0,312,0,312,0,312,0,312,0,312,0,312,0,312,0,312,0,312,0,312,0,312,0,312,0,312,0,312,0,312,0,312,0,312,0,312,0,312,0,312,0,312,0,312,0,312,0,312,0,312,0,312,0,312,0,312,0,312,0,312,0,312,0,312,0,312,0,312,0,312,0,312,0,312,0,312,0,312,0,312,0,312,0,312,0,312,0,312,0,312,0,312,0,312,0,312,0,312,0,312,0,312,0,312,0,312,0,312,0,312,0,312,0,312,0,312,0,312,0,312,0,312,0,312,0,312,0,312,0,312,0,312,0,312,0,312,0,312,0,312,0,312,0,312,0,312,0,312,0,312,0,312,0,312,0,312,0,312,0,312,0,312,0,312,0,312,0,312,0,312,0,312,0,312,1,312,22,312,0,312,0,312,13,312,0,312,0,312,0,312,0,312,0,312,0,312,0,312,0,312,0,312,0,312,0,312,0,312,0,312,0,312,0,312,0,312,0,312,0,312,0,312,0,312,0,312,0,312,0,312,0,312,0,312,0,312,0,312,0,312,0,312,0,312,0,312,0,312,0,312,0,312,0,312,0,312,0,312,0,312,0,312,0,312,0,312,0,312,0,312,0,312,0,312,0,312,0,312,0,312,0,312,0,312,0,312,0,312,0,312,0,312,0,312,0,312,0,312,0,312,0,312,0,312,0,312,0,312,0,312,0,312,0,312,0,312,0,312,0,312,0,312,0,312,0,312,0,312,0,312,0,312,0,312,0,312,0,312,0,312,0,312,0,312,0,312,0,312,0,312,0,312,0,312,0,312,0,312,0,312,0,312,0,312,0,312,0,312,0,312,0,312,0,312,0,312,0,312,0,312,0,312,0,312,0,312,0,312,0,312,0,312,0,312,0,312,0,312,0,312,0,312,0,312,0,312,0,312,0,312,0,312,0,312,0,312,0,312,0,312,0,312,0,312,0,312,0,312,0,312,0
,,313,0,313,0,313,0,313,0,313,0,313,0,313,0,313,0,313,0,313,0,313,0,313,0,313,0,313,0,313,0,313,0,313,0,313,0,313,0,313,0,313,0,313,0,313,0,313,0,313,0,313,0,313,0,313,0,313,0,313,0,313,0,313,0,313,0,313,0,313,0,313,0,313,0,313,0,313,0,313,0,313,0,313,0,313,0,313,0,313,0,313,0,313,0,313,0,313,0,313,0,313,0,313,0,313,0,313,0,313,0,313,0,313,0,313,0,313,0,313,0,313,0,313,0,313,0,313,0,313,0,313,0,313,0,313,0,313,0,313,0,313,0,313,0,313,0,313,0,313,0,313,0,313,0,313,0,313,0,313,0,313,0,313,0,313,0,313,0,313,0,313,0,313,0,313,0,313,0,313,0,313,0,313,0,313,0,313,0,313,0,313,0,313,0,313,0,313,0,313,0,313,0,313,0,313,0,313,0,313,0,313,0,313,0,313,0,313,0,313,0,313,0,313,0,313,0,313,0,313,0,313,0,313,0,313,0,313,0,313,0,313,0,313,9,313,0,313,0,313,0,313,0,313,0,313,0,313,0,313,0,313,0,313,0,313,0,313,0,313,0,313,0,313,0,313,0,313,0,313,0,313,0,313,0,313,0,313,0,313,0,313,0,313,0,313,0,313,0,313,0,313,0,313,0,313,0,313,0,313,0,313,0,313,0,313,0,313,0,313,0,313,0,313,0,313,0,313,0,313,0,313,0,313,0,313,0,313,0,313,0,313,0,313,0,313,0,313,0,313,0,313,0,313,0,313,0,313,0,313,0,313,0,313,0,313,0,313,0,313,0,313,0,313,0,313,0,313,0,313,0,313,0,313,0,313,0,313,0,313,0,313,0,313,0,313,0,313,0,313,0,313,0,313,0,313,0,313,0,313,0,313,0,313,0,313,0,313,0,313,0,313,0,313,0,313,0,313,0,313,0,313,0,313,0,313,0,313,0,313,0,313,0,313,0,313,0,313,0,313,0,313,0,313,0,313,0,313,0,313,0,313,0,313,0,313,0,313,0,313,0,313,0,313,0,313,0,313,0,313,0,313,0,313,0,313,0,313,0,313,0,313,0,313,0,313,0,313,0,313,0,313,0,313,0,313,0,313,0,313,0,313,0,313,0,313,0,313,0,313,0,313,0,313,0,313,0,313,0,313,1,313,0,313,0,313,1,313,5,313,0,313,0,313,0,313,0,313,0,313,0,313,0,313,0,313,0,313,0,313,0,313,0,313,0,313,0,313,0,313,0,313,0,313,0,313,0,313,0,313,0,313,0,313,0,313,0,313,0,313,0,313,0,313,0,313,0,313,0,313,0,313,0,313,0,313,0,313,0,313,0,313,0,313,0,313,0,313,0,313,0,313,0,313,0,313,0,313,0,313,0,313,0,313,0,313,0,313,0,313,0,313,0,313,0,313,0,313,0,313,0,313,0,313,0,313,0,313,0,313,0,313,0,313,0,313,0,313,0,313,0,313,0,313,0,313,0,313,0,313,0,313,0,313,0,313,0,313,0,313,0,313,0,313,0,313,0,313,0,313,0,313,0,313,0,313,0,313,0,313,0,313,0,313,0,313,0,313,0,313,0,313,0,313,0,313,0,313,0,313,0,313,0,313,0,313,0,313,0,313,0,313,0,313,0,313,0,313,0,313,0,313,0,313,0,313,0,313,0,313,0,313,0,313,0,313,0,313,0,313,0,313,0,313,0,313,0,313,0,313,0,313,0,313,0,313,0,313,0,313,0,313,0,313,0,313,0,313,0,313,0,313,0,313,0,313,0,313,0,313,0,313,0,313,0,313,0,313,0,313,0,313,0,313,0,313,0,313,0,313,0,313,0,313,19,313,0,313,0,313,15,313,0,313,0,313,0,313,0,313,0,313,0,313,0,313,0,313,0,313,0,313,0,313,0,313,0,313,0,313,0,313,0,313,0,313,0,313,0,313,0,313,0,313,0,313,0,313,0,313,0,313,0,313,0,313,0,313,0,313,0,313,0,313,0,313,0,313,0,313,0,313,0,313,0,313,0,313,0,313,0,313,0,313,0,313,0,313,0,313,0,313,0,313,0,313,0,313,0,313,0,313,0,313,0,313,0,313,0,313,0,313,0,313,0,313,0,313,0,313,0,313,0,313,0,313,0,313,0,313,0,313,0,313,0,313,0,313,0,313,0,313,0,313,0,313,0,313,0,313,0,313,0,313,0,313,0,313,0,313,0,313,0,313,0,313,0,313,0,313,0,313,0,313,0,313,0,313,0,313,0,313,0,313,0,313,0,313,0,313,0,313,0,313,0,313,0,313,0,313,0,313,0,313,0,313,0,313,0,313,0,313,0,313,0,313,0,313,0,313,0,313,0,313,0,313,0,313,0,313,0,313,0,313,0,313,0,313,0,313,0,313,0,313,0,313,0,313,0
,,314,0,314,0,314,0,314,0,314,0,314,0,314,0,314,0,314,0,314,0,314,0,314,0,314,0,314,0,314,0,314,0,314,0,314,0,314,0,314,0,314,0,314,0,314,0,314,0,314,0,314,0,314,0,314,0,314,0,314,0,314,0,314,0,314,0,314,0,314,0,314,0,314,0,314,0,314,0,314,0,314,0,314,0,314,0,314,0,314,0,314,0,314,0,314,0,314,0,314,0,314,0,314,0,314,0,314,0,314,0,314,0,314,0,314,0,314,0,314,0,314,0,314,0,314,0,314,0,314,0,314,0,314,0,314,0,314,0,314,0,314,0,314,0,314,0,314,0,314,0,314,0,314,0,314,0,314,0,314,0,314,0,314,0,314,0,314,0,314,0,314,0,314,0,314,0,314,0,314,0,314,0,314,0,314,0,314,0,314,0,314,0,314,0,314,0,314,0,314,0,314,0,314,0,314,0,314,0,314,0,314,0,314,0,314,0,314,0,314,0,314,0,314,0,314,0,314,0,314,0,314,0,314,0,314,0,314,0,314,0,314,0,314,15,314,0,314,0,314,0,314,0,314,0,314,0,314,0,314,0,314,0,314,0,314,0,314,0,314,0,314,0,314,0,314,0,314,0,314,0,314,0,314,0,314,0,314,0,314,0,314,0,314,0,314,0,314,0,314,0,314,0,314,0,314,0,314,0,314,0,314,0,314,0,314,0,314,0,314,0,314,0,314,0,314,0,314,0,314,0,314,0,314,0,314,0,314,0,314,0,314,0,314,0,314,0,314,0,314,0,314,0,314,0,314,0,314,0,314,0,314,0,314,0,314,0,314,0,314,0,314,0,314,0,314,0,314,0,314,0,314,0,314,0,314,0,314,0,314,0,314,0,314,0,314,0,314,0,314,0,314,0,314,0,314,0,314,0,314,0,314,0,314,0,314,0,314,0,314,0,314,0,314,0,314,0,314,0,314,0,314,0,314,0,314,0,314,0,314,0,314,0,314,0,314,0,314,0,314,0,314,0,314,0,314,0,314,0,314,0,314,0,314,0,314,0,314,0,314,0,314,0,314,0,314,0,314,0,314,0,314,0,314,0,314,0,314,0,314,0,314,0,314,0,314,0,314,0,314,0,314,0,314,0,314,0,314,0,314,0,314,0,314,0,314,0,314,0,314,0,314,0,314,0,314,0,314,0,314,0,314,0,314,0,314,0,314,3,314,0,314,0,314,0,314,0,314,0,314,0,314,0,314,0,314,0,314,0,314,0,314,0,314,0,314,0,314,0,314,0,314,0,314,0,314,0,314,0,314,0,314,0,314,0,314,0,314,0,314,0,314,0,314,0,314,0,314,0,314,0,314,0,314,0,314,0,314,0,314,0,314,0,314,0,314,0,314,0,314,0,314,0,314,0,314,0,314,0,314,0,314,0,314,0,314,0,314,0,314,0,314,0,314,0,314,0,314,0,314,0,314,0,314,0,314,0,314,0,314,0,314,0,314,0,314,0,314,0,314,0,314,0,314,0,314,0,314,0,314,0,314,0,314,0,314,0,314,0,314,0,314,0,314,0,314,0,314,0,314,0,314,0,314,0,314,0,314,0,314,0,314,0,314,0,314,0,314,0,314,0,314,0,314,0,314,0,314,0,314,0,314,0,314,0,314,0,314,0,314,0,314,0,314,0,314,0,314,0,314,0,314,0,314,0,314,0,314,0,314,0,314,0,314,0,314,0,314,0,314,0,314,0,314,0,314,0,314,0,314,0,314,0,314,0,314,0,314,0,314,0,314,0,314,0,314,0,314,0,314,0,314,0,314,0,314,0,314,0,314,0,314,0,314,0,314,0,314,0,314,0,314,0,314,0,314,0,314,0,314,0,314,0,314,17,314,0,314,0,314,14,314,0,314,0,314,0,314,0,314,0,314,0,314,0,314,0,314,0,314,0,314,0,314,0,314,0,314,0,314,0,314,0,314,0,314,0,314,0,314,0,314,0,314,0,314,0,314,0,314,0,314,0,314,0,314,0,314,0,314,0,314,0,314,0,314,0,314,0,314,0,314,0,314,0,314,0,314,0,314,0,314,0,314,0,314,0,314,0,314,0,314,0,314,0,314,0,314,0,314,0,314,0,314,0,314,0,314,0,314,0,314,0,314,0,314,0,314,0,314,0,314,0,314,0,314,0,314,0,314,0,314,0,314,0,314,0,314,0,314,0,314,0,314,0,314,0,314,0,314,0,314,0,314,0,314,0,314,0,314,0,314,0,314,0,314,0,314,0,314,0,314,0,314,0,314,0,314,0,314,0,314,0,314,0,314,0,314,0,314,0,314,0,314,0,314,0,314,0,314,0,314,0,314,0,314,0,314,0,314,0,314,0,314,0,314,0,314,0,314,0,314,0,314,0,314,0,314,0,314,0,314,0,314,0,314,0,314,0,314,0,314,0,314,0,314,0,314,0
,,315,0,315,0,315,0,315,0,315,0,315,0,315,0,315,0,315,0,315,0,315,0,315,0,315,0,315,0,315,0,315,0,315,0,315,0,315,0,315,0,315,0,315,0,315,0,315,0,315,0,315,0,315,0,315,0,315,0,315,0,315,0,315,0,315,0,315,0,315,0,315,0,315,0,315,0,315,0,315,0,315,0,315,0,315,0,315,0,315,0,315,0,315,0,315,0,315,0,315,0,315,0,315,0,315,0,315,0,315,0,315,0,315,0,315,0,315,0,315,0,315,0,315,0,315,0,315,0,315,0,315,0,315,0,315,0,315,0,315,0,315,0,315,0,315,0,315,0,315,0,315,0,315,0,315,0,315,0,315,0,315,0,315,0,315,0,315,0,315,0,315,0,315,0,315,0,315,0,315,0,315,0,315,0,315,0,315,0,315,0,315,0,315,0,315,0,315,0,315,0,315,0,315,0,315,0,315,0,315,0,315,0,315,0,315,0,315,0,315,0,315,0,315,0,315,0,315,0,315,0,315,0,315,0,315,0,315,0,315,0,315,0,315,5,315,0,315,0,315,0,315,0,315,0,315,0,315,0,315,0,315,0,315,0,315,0,315,0,315,0,315,0,315,0,315,0,315,0,315,0,315,0,315,0,315,0,315,0,315,0,315,0,315,0,315,0,315,0,315,0,315,0,315,0,315,0,315,0,315,0,315,0,315,0,315,0,315,0,315,0,315,0,315,0,315,0,315,0,315,0,315,0,315,0,315,0,315,0,315,0,315,0,315,0,315,0,315,0,315,0,315,0,315,0,315,0,315,0,315,0,315,0,315,0,315,0,315,0,315,0,315,0,315,0,315,0,315,0,315,0,315,0,315,0,315,0,315,0,315,0,315,0,315,0,315,0,315,0,315,0,315,0,315,0,315,0,315,0,315,0,315,0,315,0,315,0,315,0,315,0,315,0,315,0,315,0,315,0,315,0,315,0,315,0,315,0,315,0,315,0,315,0,315,0,315,0,315,0,315,0,315,0,315,0,315,0,315,0,315,0,315,0,315,0,315,0,315,0,315,0,315,0,315,0,315,0,315,0,315,0,315,0,315,0,315,0,315,0,315,0,315,0,315,0,315,0,315,0,315,0,315,0,315,0,315,0,315,0,315,0,315,0,315,0,315,0,315,0,315,0,315,0,315,0,315,0,315,0,315,2,315,0,315,0,315,1,315,9,315,0,315,0,315,0,315,0,315,0,315,0,315,0,315,0,315,0,315,0,315,0,315,0,315,0,315,0,315,0,315,0,315,0,315,0,315,0,315,0,315,0,315,0,315,0,315,0,315,0,315,0,315,0,315,0,315,0,315,0,315,0,315,0,315,0,315,0,315,0,315,0,315,0,315,0,315,0,315,0,315,0,315,0,315,0,315,0,315,0,315,0,315,0,315,0,315,0,315,0,315,0,315,0,315,0,315,0,315,0,315,0,315,0,315,0,315,0,315,0,315,0,315,0,315,0,315,0,315,0,315,0,315,0,315,0,315,0,315,0,315,0,315,0,315,0,315,0,315,0,315,0,315,0,315,0,315,0,315,0,315,0,315,0,315,0,315,0,315,0,315,0,315,0,315,0,315,0,315,0,315,0,315,0,315,0,315,0,315,0,315,0,315,0,315,0,315,0,315,0,315,0,315,0,315,0,315,0,315,0,315,0,315,0,315,0,315,0,315,0,315,0,315,0,315,0,315,0,315,0,315,0,315,0,315,0,315,0,315,0,315,0,315,0,315,0,315,0,315,0,315,0,315,0,315,0,315,0,315,0,315,0,315,0,315,0,315,0,315,0,315,0,315,0,315,0,315,0,315,0,315,0,315,0,315,0,315,0,315,0,315,0,315,0,315,16,315,0,315,0,315,11,315,0,315,0,315,0,315,0,315,0,315,0,315,0,315,0,315,0,315,0,315,0,315,0,315,0,315,0,315,0,315,0,315,0,315,0,315,0,315,0,315,0,315,0,315,0,315,0,315,0,315,0,315,0,315,0,315,0,315,0,315,0,315,0,315,0,315,0,315,0,315,0,315,0,315,0,315,0,315,0,315,0,315,0,315,0,315,0,315,0,315,0,315,0,315,0,315,0,315,0,315,0,315,0,315,0,315,0,315,0,315,0,315,0,315,0,315,0,315,0,315,0,315,0,315,0,315,0,315,0,315,0,315,0,315,0,315,0,315,0,315,0,315,0,315,0,315,0,315,0,315,0,315,0,315,0,315,0,315,0,315,0,315,0,315,0,315,0,315,0,315,0,315,0,315,0,315,0,315,0,315,0,315,0,315,0,315,0,315,0,315,0,315,0,315,0,315,0,315,0,315,0,315,0,315,0,315,0,315,0,315,0,315,0,315,0,315,0,315,0,315,0,315,0,315,0,315,0,315,0,315,0,315,0,315,0,315,0,315,0,315,0,315,0,315,0,315,0
,,316,0,316,0,316,0,316,0,316,0,316,0,316,0,316,0,316,0,316,0,316,0,316,0,316,0,316,0,316,0,316,0,316,0,316,0,316,0,316,0,316,0,316,0,316,0,316,0,316,0,316,0,316,0,316,0,316,0,316,0,316,0,316,0,316,0,316,0,316,0,316,0,316,0,316,0,316,0,316,0,316,0,316,0,316,0,316,0,316,0,316,0,316,0,316,0,316,0,316,0,316,0,316,0,316,0,316,0,316,0,316,0,316,0,316,0,316,0,316,0,316,0,316,0,316,0,316,0,316,0,316,0,316,0,316,0,316,0,316,0,316,0,316,0,316,0,316,0,316,0,316,0,316,0,316,0,316,0,316,0,316,0,316,0,316,0,316,0,316,0,316,0,316,0,316,0,316,0,316,0,316,0,316,0,316,0,316,0,316,0,316,0,316,0,316,0,316,0,316,0,316,0,316,0,316,0,316,0,316,0,316,0,316,0,316,0,316,0,316,0,316,0,316,0,316,0,316,0,316,0,316,0,316,0,316,0,316,0,316,0,316,0,316,5,316,0,316,0,316,0,316,0,316,0,316,0,316,0,316,0,316,0,316,0,316,0,316,0,316,0,316,0,316,0,316,0,316,0,316,0,316,0,316,0,316,0,316,0,316,0,316,0,316,0,316,0,316,0,316,0,316,0,316,0,316,0,316,0,316,0,316,0,316,0,316,0,316,0,316,0,316,0,316,0,316,0,316,0,316,0,316,0,316,0,316,0,316,0,316,0,316,0,316,0,316,0,316,0,316,0,316,0,316,0,316,0,316,0,316,0,316,0,316,0,316,0,316,0,316,0,316,0,316,0,316,0,316,0,316,0,316,0,316,0,316,0,316,0,316,0,316,0,316,0,316,0,316,0,316,0,316,0,316,0,316,0,316,0,316,0,316,0,316,0,316,0,316,0,316,0,316,0,316,0,316,0,316,0,316,0,316,0,316,0,316,0,316,0,316,0,316,0,316,0,316,0,316,0,316,0,316,0,316,0,316,0,316,0,316,0,316,0,316,0,316,0,316,0,316,0,316,0,316,0,316,0,316,0,316,0,316,0,316,0,316,0,316,0,316,0,316,0,316,0,316,0,316,0,316,0,316,0,316,0,316,0,316,0,316,0,316,0,316,0,316,0,316,0,316,0,316,0,316,0,316,0,316,0,316,2,316,0,316,0,316,0,316,8,316,0,316,0,316,0,316,0,316,0,316,0,316,0,316,0,316,0,316,0,316,0,316,0,316,0,316,0,316,0,316,0,316,0,316,0,316,0,316,0,316,0,316,0,316,0,316,0,316,0,316,0,316,0,316,0,316,0,316,0,316,0,316,0,316,0,316,0,316,0,316,0,316,0,316,0,316,0,316,0,316,0,316,0,316,0,316,0,316,0,316,0,316,0,316,0,316,0,316,0,316,0,316,0,316,0,316,0,316,0,316,0,316,0,316,0,316,0,316,0,316,0,316,0,316,0,316,0,316,0,316,0,316,0,316,0,316,0,316,0,316,0,316,0,316,0,316,0,316,0,316,0,316,0,316,0,316,0,316,0,316,0,316,0,316,0,316,0,316,0,316,0,316,0,316,0,316,0,316,0,316,0,316,0,316,0,316,0,316,0,316,0,316,0,316,0,316,0,316,0,316,0,316,0,316,0,316,0,316,0,316,0,316,0,316,0,316,0,316,0,316,0,316,0,316,0,316,0,316,0,316,0,316,0,316,0,316,0,316,0,316,0,316,0,316,0,316,0,316,0,316,0,316,0,316,0,316,0,316,0,316,0,316,0,316,0,316,0,316,0,316,0,316,0,316,0,316,0,316,0,316,0,316,0,316,0,316,0,316,0,316,0,316,0,316,21,316,0,316,0,316,13,316,0,316,0,316,0,316,0,316,0,316,0,316,0,316,0,316,0,316,0,316,0,316,0,316,0,316,0,316,0,316,0,316,0,316,0,316,0,316,0,316,0,316,0,316,0,316,0,316,0,316,0,316,0,316,0,316,0,316,0,316,0,316,0,316,0,316,0,316,0,316,0,316,0,316,0,316,0,316,0,316,0,316,0,316,0,316,0,316,0,316,0,316,0,316,0,316,0,316,0,316,0,316,0,316,0,316,0,316,0,316,0,316,0,316,0,316,0,316,0,316,0,316,0,316,0,316,0,316,0,316,0,316,0,316,0,316,0,316,0,316,0,316,0,316,0,316,0,316,0,316,0,316,0,316,0,316,0,316,0,316,0,316,0,316,0,316,0,316,0,316,0,316,0,316,0,316,0,316,0,316,0,316,0,316,0,316,0,316,0,316,0,316,0,316,0,316,0,316,0,316,0,316,0,316,0,316,0,316,0,316,0,316,0,316,0,316,0,316,0,316,0,316,0,316,0,316,0,316,0,316,0,316,0,316,0,316,0,316,0,316,0,316,0,316,0,316,0
,,317,0,317,0,317,0,317,0,317,0,317,0,317,0,317,0,317,0,317,0,317,0,317,0,317,0,317,0,317,0,317,0,317,0,317,0,317,0,317,0,317,0,317,0,317,0,317,0,317,0,317,0,317,0,317,0,317,0,317,0,317,0,317,0,317,0,317,0,317,0,317,0,317,0,317,0,317,0,317,0,317,0,317,0,317,0,317,0,317,0,317,0,317,0,317,0,317,0,317,0,317,0,317,0,317,0,317,0,317,0,317,0,317,0,317,0,317,0,317,0,317,0,317,0,317,0,317,0,317,0,317,0,317,0,317,0,317,0,317,0,317,0,317,0,317,0,317,0,317,0,317,0,317,0,317,0,317,0,317,0,317,0,317,0,317,0,317,0,317,0,317,0,317,0,317,0,317,0,317,0,317,0,317,0,317,0,317,0,317,0,317,0,317,0,317,0,317,0,317,0,317,0,317,0,317,0,317,0,317,0,317,0,317,0,317,0,317,0,317,0,317,0,317,0,317,0,317,0,317,0,317,0,317,0,317,0,317,0,317,0,317,0,317,9,317,0,317,0,317,0,317,0,317,0,317,0,317,0,317,0,317,0,317,0,317,0,317,0,317,0,317,0,317,0,317,0,317,0,317,0,317,0,317,0,317,0,317,0,317,0,317,0,317,0,317,0,317,0,317,0,317,0,317,0,317,0,317,0,317,0,317,0,317,0,317,0,317,0,317,0,317,0,317,0,317,0,317,0,317,0,317,0,317,0,317,0,317,0,317,0,317,0,317,0,317,0,317,0,317,0,317,0,317,0,317,0,317,0,317,0,317,0,317,0,317,0,317,0,317,0,317,0,317,0,317,0,317,0,317,0,317,0,317,0,317,0,317,0,317,0,317,0,317,0,317,0,317,0,317,0,317,0,317,0,317,0,317,0,317,0,317,0,317,0,317,0,317,0,317,0,317,0,317,0,317,0,317,0,317,0,317,0,317,0,317,0,317,0,317,0,317,0,317,0,317,0,317,0,317,0,317,0,317,0,317,0,317,0,317,0,317,0,317,0,317,0,317,0,317,0,317,0,317,0,317,0,317,0,317,0,317,0,317,0,317,0,317,0,317,0,317,0,317,0,317,0,317,0,317,0,317,0,317,0,317,0,317,0,317,0,317,0,317,0,317,0,317,0,317,0,317,0,317,0,317,0,317,0,317,1,317,0,317,0,317,0,317,6,317,0,317,0,317,0,317,0,317,0,317,0,317,0,317,0,317,0,317,0,317,0,317,0,317,0,317,0,317,0,317,0,317,0,317,0,317,0,317,0,317,0,317,0,317,0,317,0,317,0,317,0,317,0,317,0,317,0,317,0,317,0,317,0,317,0,317,0,317,0,317,0,317,0,317,0,317,0,317,0,317,0,317,0,317,0,317,0,317,0,317,0,317,0,317,0,317,0,317,0,317,0,317,0,317,0,317,0,317,0,317,0,317,0,317,0,317,0,317,0,317,0,317,0,317,0,317,0,317,0,317,0,317,0,317,0,317,0,317,0,317,0,317,0,317,0,317,0,317,0,317,0,317,0,317,0,317,0,317,0,317,0,317,0,317,0,317,0,317,0,317,0,317,0,317,0,317,0,317,0,317,0,317,0,317,0,317,0,317,0,317,0,317,0,317,0,317,0,317,0,317,0,317,0,317,0,317,0,317,0,317,0,317,0,317,0,317,0,317,0,317,0,317,0,317,0,317,0,317,0,317,0,317,0,317,0,317,0,317,0,317,0,317,0,317,0,317,0,317,0,317,0,317,0,317,0,317,0,317,0,317,0,317,0,317,0,317,0,317,0,317,0,317,0,317,0,317,0,317,0,317,0,317,0,317,0,317,0,317,0,317,0,317,0,317,18,317,0,317,0,317,14,317,0,317,0,317,0,317,0,317,0,317,0,317,0,317,0,317,0,317,0,317,0,317,0,317,0,317,0,317,0,317,0,317,0,317,0,317,0,317,0,317,0,317,0,317,0,317,0,317,0,317,0,317,0,317,0,317,0,317,0,317,0,317,0,317,0,317,0,317,0,317,0,317,0,317,0,317,0,317,0,317,0,317,0,317,0,317,0,317,0,317,0,317,0,317,0,317,0,317,0,317,0,317,0,317,0,317,0,317,0,317,0,317,0,317,0,317,0,317,0,317,0,317,0,317,0,317,0,317,0,317,0,317,0,317,0,317,0,317,0,317,0,317,0,317,0,317,0,317,0,317,0,317,0,317,0,317,0,317,0,317,0,317,0,317,0,317,0,317,0,317,0,317,0,317,0,317,0,317,0,317,0,317,0,317,0,317,0,317,0,317,0,317,0,317,0,317,0,317,0,317,0,317,0,317,0,317,0,317,0,317,0,317,0,317,0,317,0,317,0,317,0,317,0,317,0,317,0,317,0,317,0,317,0,317,0,317,0,317,0,317,0,317,0,317,0,317,0
,,318,0,318,0,318,0,318,0,318,0,318,0,318,0,318,0,318,0,318,0,318,0,318,0,318,0,318,0,318,0,318,0,318,0,318,0,318,0,318,0,318,0,318,0,318,0,318,0,318,0,318,0,318,0,318,0,318,0,318,0,318,0,318,0,318,0,318,0,318,0,318,0,318,0,318,0,318,0,318,0,318,0,318,0,318,0,318,0,318,0,318,0,318,0,318,0,318,0,318,0,318,0,318,0,318,0,318,0,318,0,318,0,318,0,318,0,318,0,318,0,318,0,318,0,318,0,318,0,318,0,318,0,318,0,318,0,318,0,318,0,318,0,318,0,318,0,318,0,318,0,318,0,318,0,318,0,318,0,318,0,318,0,318,0,318,0,318,0,318,0,318,0,318,0,318,0,318,0,318,0,318,0,318,0,318,0,318,0,318,0,318,0,318,0,318,0,318,0,318,0,318,0,318,0,318,0,318,0,318,0,318,0,318,0,318,0,318,0,318,0,318,0,318,0,318,0,318,0,318,0,318,0,318,0,318,0,318,0,318,0,318,0,318,5,318,0,318,0,318,0,318,0,318,0,318,0,318,0,318,0,318,0,318,0,318,0,318,0,318,0,318,0,318,0,318,0,318,0,318,0,318,0,318,0,318,0,318,0,318,0,318,0,318,0,318,0,318,0,318,0,318,0,318,0,318,0,318,0,318,0,318,0,318,0,318,0,318,0,318,0,318,0,318,0,318,0,318,0,318,0,318,0,318,0,318,0,318,0,318,0,318,0,318,0,318,0,318,0,318,0,318,0,318,0,318,0,318,0,318,0,318,0,318,0,318,0,318,0,318,0,318,0,318,0,318,0,318,0,318,0,318,0,318,0,318,0,318,0,318,0,318,0,318,0,318,0,318,0,318,0,318,0,318,0,318,0,318,0,318,0,318,0,318,0,318,0,318,0,318,0,318,0,318,0,318,0,318,0,318,0,318,0,318,0,318,0,318,0,318,0,318,0,318,0,318,0,318,0,318,0,318,0,318,0,318,0,318,0,318,0,318,0,318,0,318,0,318,0,318,0,318,0,318,0,318,0,318,0,318,0,318,0,318,0,318,0,318,0,318,0,318,0,318,0,318,0,318,0,318,0,318,0,318,0,318,0,318,0,318,0,318,0,318,0,318,0,318,0,318,0,318,0,318,0,318,0,318,0,318,3,318,0,318,0,318,1,318,6,318,0,318,0,318,0,318,0,318,0,318,0,318,0,318,0,318,0,318,0,318,0,318,0,318,0,318,0,318,0,318,0,318,0,318,0,318,0,318,0,318,0,318,0,318,0,318,0,318,0,318,0,318,0,318,0,318,0,318,0,318,0,318,0,318,0,318,0,318,0,318,0,318,0,318,0,318,0,318,0,318,0,318,0,318,0,318,0,318,0,318,0,318,0,318,0,318,0,318,0,318,0,318,0,318,0,318,0,318,0,318,0,318,0,318,0,318,0,318,0,318,0,318,0,318,0,318,0,318,0,318,0,318,0,318,0,318,0,318,0,318,0,318,0,318,0,318,0,318,0,318,0,318,0,318,0,318,0,318,0,318,0,318,0,318,0,318,0,318,0,318,0,318,0,318,0,318,0,318,0,318,0,318,0,318,0,318,0,318,0,318,0,318,0,318,0,318,0,318,0,318,0,318,0,318,0,318,0,318,0,318,0,318,0,318,0,318,0,318,0,318,0,318,0,318,0,318,0,318,0,318,0,318,0,318,0,318,0,318,0,318,0,318,0,318,0,318,0,318,0,318,0,318,0,318,0,318,0,318,0,318,0,318,0,318,0,318,0,318,0,318,0,318,0,318,0,318,0,318,0,318,0,318,0,318,0,318,0,318,0,318,0,318,0,318,14,318,0,318,0,318,13,318,0,318,0,318,0,318,0,318,0,318,0,318,0,318,0,318,0,318,0,318,0,318,0,318,0,318,0,318,0,318,0,318,0,318,0,318,0,318,0,318,0,318,0,318,0,318,0,318,0,318,0,318,0,318,0,318,0,318,0,318,0,318,0,318,0,318,0,318,0,318,0,318,0,318,0,318,0,318,0,318,0,318,0,318,0,318,0,318,0,318,0,318,0,318,0,318,0,318,0,318,0,318,0,318,0,318,0,318,0,318,0,318,0,318,0,318,0,318,0,318,0,318,0,318,0,318,0,318,0,318,0,318,0,318,0,318,0,318,0,318,0,318,0,318,0,318,0,318,0,318,0,318,0,318,0,318,0,318,0,318,0,318,0,318,0,318,0,318,0,318,0,318,0,318,0,318,0,318,0,318,0,318,0,318,0,318,0,318,0,318,0,318,0,318,0,318,0,318,0,318,0,318,0,318,0,318,0,318,0,318,0,318,0,318,0,318,0,318,0,318,0,318,0,318,0,318,0,318,0,318,0,318,0,318,0,318,0,318,0,318,0,318,0,318,0,318,0
,,319,0,319,0,319,0,319,0,319,0,319,0,319,0,319,0,319,0,319,0,319,0,319,0,319,0,319,0,319,0,319,0,319,0,319,0,319,0,319,0,319,0,319,0,319,0,319,0,319,0,319,0,319,0,319,0,319,0,319,0,319,0,319,0,319,0,319,0,319,0,319,0,319,0,319,0,319,0,319,0,319,0,319,0,319,0,319,0,319,0,319,0,319,0,319,0,319,0,319,0,319,0,319,0,319,0,319,0,319,0,319,0,319,0,319,0,319,0,319,0,319,0,319,0,319,0,319,0,319,0,319,0,319,0,319,0,319,0,319,0,319,0,319,0,319,0,319,0,319,0,319,0,319,0,319,0,319,0,319,0,319,0,319,0,319,0,319,0,319,0,319,0,319,0,319,0,319,0,319,0,319,0,319,0,319,0,319,0,319,0,319,0,319,0,319,0,319,0,319,0,319,0,319,0,319,0,319,0,319,0,319,0,319,0,319,0,319,0,319,0,319,0,319,0,319,0,319,0,319,0,319,0,319,0,319,0,319,0,319,0,319,0,319,11,319,0,319,0,319,0,319,0,319,0,319,0,319,0,319,0,319,0,319,0,319,0,319,0,319,0,319,0,319,0,319,0,319,0,319,0,319,0,319,0,319,0,319,0,319,0,319,0,319,0,319,0,319,0,319,0,319,0,319,0,319,0,319,0,319,0,319,0,319,0,319,0,319,0,319,0,319,0,319,0,319,0,319,0,319,0,319,0,319,0,319,0,319,0,319,0,319,0,319,0,319,0,319,0,319,0,319,0,319,0,319,0,319,0,319,0,319,0,319,0,319,0,319,0,319,0,319,0,319,0,319,0,319,0,319,0,319,0,319,0,319,0,319,0,319,0,319,0,319,0,319,0,319,0,319,0,319,0,319,0,319,0,319,0,319,0,319,0,319,0,319,0,319,0,319,0,319,0,319,0,319,0,319,0,319,0,319,0,319,0,319,0,319,0,319,0,319,0,319,0,319,0,319,0,319,0,319,0,319,0,319,0,319,0,319,0,319,0,319,0,319,0,319,0,319,0,319,0,319,0,319,0,319,0,319,0,319,0,319,0,319,0,319,0,319,0,319,0,319,0,319,0,319,0,319,0,319,0,319,0,319,0,319,0,319,0,319,0,319,0,319,0,319,0,319,0,319,0,319,0,319,0,319,0,319,0,319,0,319,0,319,1,319,8,319,0,319,0,319,1,319,0,319,0,319,0,319,0,319,0,319,0,319,0,319,0,319,0,319,0,319,0,319,0,319,0,319,0,319,0,319,0,319,0,319,0,319,0,319,0,319,0,319,0,319,0,319,0,319,0,319,0,319,0,319,0,319,0,319,0,319,0,319,0,319,0,319,0,319,0,319,0,319,0,319,0,319,0,319,0,319,0,319,0,319,0,319,0,319,0,319,0,319,0,319,0,319,0,319,0,319,0,319,0,319,0,319,0,319,0,319,0,319,0,319,0,319,0,319,0,319,0,319,0,319,0,319,0,319,0,319,0,319,0,319,0,319,0,319,0,319,0,319,0,319,0,319,0,319,0,319,0,319,0,319,0,319,0,319,0,319,0,319,0,319,0,319,0,319,0,319,0,319,0,319,0,319,0,319,0,319,0,319,0,319,0,319,0,319,0,319,0,319,0,319,0,319,0,319,0,319,0,319,0,319,0,319,0,319,0,319,0,319,0,319,0,319,0,319,0,319,0,319,0,319,0,319,0,319,0,319,0,319,0,319,0,319,0,319,0,319,0,319,0,319,0,319,0,319,0,319,0,319,0,319,0,319,0,319,0,319,0,319,0,319,0,319,0,319,0,319,0,319,0,319,0,319,0,319,0,319,0,319,0,319,0,319,0,319,17,319,0,319,0,319,11,319,0,319,0,319,0,319,0,319,0,319,0,319,0,319,0,319,0,319,0,319,0,319,0,319,0,319,0,319,0,319,0,319,0,319,0,319,0,319,0,319,0,319,0,319,0,319,0,319,0,319,0,319,0,319,0,319,0,319,0,319,0,319,0,319,0,319,0,319,0,319,0,319,0,319,0,319,0,319,0,319,0,319,0,319,0,319,0,319,0,319,0,319,0,319,0,319,0,319,0,319,0,319,0,319,0,319,0,319,0,319,0,319,0,319,0,319,0,319,0,319,0,319,0,319,0,319,0,319,0,319,0,319,0,319,0,319,0,319,0,319,0,319,0,319,0,319,0,319,0,319,0,319,0,319,0,319,0,319,0,319,0,319,0,319,0,319,0,319,0,319,0,319,0,319,0,319,0,319,0,319,0,319,0,319,0,319,0,319,0,319,0,319,0,319,0,319,0,319,0,319,0,319,0,319,0,319,0,319,0,319,0,319,0,319,0,319,0,319,0,319,0,319,0,319,0,319,0,319,0,319,0,319,0,319,0,319,0,319,0,319,0,319,0,319,0,319,0
,,320,0,320,0,320,0,320,0,320,0,320,0,320,0,320,0,320,0,320,0,320,0,320,0,320,0,320,0,320,0,320,0,320,0,320,0,320,0,320,0,320,0,320,0,320,0,320,0,320,0,320,0,320,0,320,0,320,0,320,0,320,0,320,0,320,0,320,0,320,0,320,0,320,0,320,0,320,0,320,0,320,0,320,0,320,0,320,0,320,0,320,0,320,0,320,0,320,0,320,0,320,0,320,0,320,0,320,0,320,0,320,0,320,0,320,0,320,0,320,0,320,0,320,0,320,0,320,0,320,0,320,0,320,0,320,0,320,0,320,0,320,0,320,0,320,0,320,0,320,0,320,0,320,0,320,0,320,0,320,0,320,0,320,0,320,0,320,0,320,0,320,0,320,0,320,0,320,0,320,0,320,0,320,0,320,0,320,0,320,0,320,0,320,0,320,0,320,0,320,0,320,0,320,0,320,0,320,0,320,0,320,0,320,0,320,0,320,0,320,0,320,0,320,0,320,0,320,0,320,0,320,0,320,0,320,0,320,0,320,0,320,0,320,9,320,0,320,0,320,0,320,0,320,0,320,0,320,0,320,0,320,0,320,0,320,0,320,0,320,0,320,0,320,0,320,0,320,0,320,0,320,0,320,0,320,0,320,0,320,0,320,0,320,0,320,0,320,0,320,0,320,0,320,0,320,0,320,0,320,0,320,0,320,0,320,0,320,0,320,0,320,0,320,0,320,0,320,0,320,0,320,0,320,0,320,0,320,0,320,0,320,0,320,0,320,0,320,0,320,0,320,0,320,0,320,0,320,0,320,0,320,0,320,0,320,0,320,0,320,0,320,0,320,0,320,0,320,0,320,0,320,0,320,0,320,0,320,0,320,0,320,0,320,0,320,0,320,0,320,0,320,0,320,0,320,0,320,0,320,0,320,0,320,0,320,0,320,0,320,0,320,0,320,0,320,0,320,0,320,0,320,0,320,0,320,0,320,0,320,0,320,0,320,0,320,0,320,0,320,0,320,0,320,0,320,0,320,0,320,0,320,0,320,0,320,0,320,0,320,0,320,0,320,0,320,0,320,0,320,0,320,0,320,0,320,0,320,0,320,0,320,0,320,0,320,0,320,0,320,0,320,0,320,0,320,0,320,0,320,0,320,0,320,0,320,0,320,0,320,0,320,0,320,0,320,0,320,0,320,0,320,0,320,0,320,0,320,4,320,0,320,0,320,0,320,0,320,0,320,0,320,0,320,0,320,0,320,0,320,0,320,0,320,0,320,0,320,0,320,0,320,0,320,0,320,0,320,0,320,0,320,0,320,0,320,0,320,0,320,0,320,0,320,0,320,0,320,0,320,0,320,0,320,0,320,0,320,0,320,0,320,0,320,0,320,0,320,0,320,0,320,0,320,0,320,0,320,0,320,0,320,0,320,0,320,0,320,0,320,0,320,0,320,0,320,0,320,0,320,0,320,0,320,0,320,0,320,0,320,0,320,0,320,0,320,0,320,0,320,0,320,0,320,0,320,0,320,0,320,0,320,0,320,0,320,0,320,0,320,0,320,0,320,0,320,0,320,0,320,0,320,0,320,0,320,0,320,0,320,0,320,0,320,0,320,0,320,0,320,0,320,0,320,0,320,0,320,0,320,0,320,0,320,0,320,0,320,0,320,0,320,0,320,0,320,0,320,0,320,0,320,0,320,0,320,0,320,0,320,0,320,0,320,0,320,0,320,0,320,0,320,0,320,0,320,0,320,0,320,0,320,0,320,0,320,0,320,0,320,0,320,0,320,0,320,0,320,0,320,0,320,0,320,0,320,0,320,0,320,0,320,0,320,0,320,0,320,0,320,0,320,0,320,0,320,0,320,0,320,0,320,0,320,23,320,0,320,0,320,9,320,0,320,0,320,0,320,0,320,0,320,0,320,0,320,0,320,0,320,0,320,0,320,0,320,0,320,0,320,0,320,0,320,0,320,0,320,0,320,0,320,0,320,0,320,0,320,0,320,0,320,0,320,0,320,0,320,0,320,0,320,0,320,0,320,0,320,0,320,0,320,0,320,0,320,0,320,0,320,0,320,0,320,0,320,0,320,0,320,0,320,0,320,0,320,0,320,0,320,0,320,0,320,0,320,0,320,0,320,0,320,0,320,0,320,0,320,0,320,0,320,0,320,0,320,0,320,0,320,0,320,0,320,0,320,0,320,0,320,0,320,0,320,0,320,0,320,0,320,0,320,0,320,0,320,0,320,0,320,0,320,0,320,0,320,0,320,0,320,0,320,0,320,0,320,0,320,0,320,0,320,0,320,0,320,0,320,0,320,0,320,0,320,0,320,0,320,0,320,0,320,0,320,0,320,0,320,0,320,0,320,0,320,0,320,0,320,0,320,0,320,0,320,0,320,0,320,0,320,0,320,0,320,0,320,0,320,0,320,0,320,0,320,0,320,0,320,0
,,321,0,321,0,321,0,321,0,321,0,321,0,321,0,321,0,321,0,321,0,321,0,321,0,321,0,321,0,321,0,321,0,321,0,321,0,321,0,321,0,321,0,321,0,321,0,321,0,321,0,321,0,321,0,321,0,321,0,321,0,321,0,321,0,321,0,321,0,321,0,321,0,321,0,321,0,321,0,321,0,321,0,321,0,321,0,321,0,321,0,321,0,321,0,321,0,321,0,321,0,321,0,321,0,321,0,321,0,321,0,321,0,321,0,321,0,321,0,321,0,321,0,321,0,321,0,321,0,321,0,321,0,321,0,321,0,321,0,321,0,321,0,321,0,321,0,321,0,321,0,321,0,321,0,321,0,321,0,321,0,321,0,321,0,321,0,321,0,321,0,321,0,321,0,321,0,321,0,321,0,321,0,321,0,321,0,321,0,321,0,321,0,321,0,321,0,321,0,321,0,321,0,321,0,321,0,321,0,321,0,321,0,321,0,321,0,321,0,321,0,321,0,321,0,321,0,321,0,321,0,321,0,321,0,321,0,321,0,321,0,321,0,321,15,321,0,321,0,321,0,321,0,321,0,321,0,321,0,321,0,321,0,321,0,321,0,321,0,321,0,321,0,321,0,321,0,321,0,321,0,321,0,321,0,321,0,321,0,321,0,321,0,321,0,321,0,321,0,321,0,321,0,321,0,321,0,321,0,321,0,321,0,321,0,321,0,321,0,321,0,321,0,321,0,321,0,321,0,321,0,321,0,321,0,321,0,321,0,321,0,321,0,321,0,321,0,321,0,321,0,321,0,321,0,321,0,321,0,321,0,321,0,321,0,321,0,321,0,321,0,321,0,321,0,321,0,321,0,321,0,321,0,321,0,321,0,321,0,321,0,321,0,321,0,321,0,321,0,321,0,321,0,321,0,321,0,321,0,321,0,321,0,321,0,321,0,321,0,321,0,321,0,321,0,321,0,321,0,321,0,321,0,321,0,321,0,321,0,321,0,321,0,321,0,321,0,321,0,321,0,321,0,321,0,321,0,321,0,321,0,321,0,321,0,321,0,321,0,321,0,321,0,321,0,321,0,321,0,321,0,321,0,321,0,321,0,321,0,321,0,321,0,321,0,321,0,321,0,321,0,321,0,321,0,321,0,321,0,321,0,321,0,321,0,321,0,321,0,321,0,321,0,321,0,321,0,321,0,321,0,321,0,321,0,321,0,321,3,321,0,321,0,321,1,321,0,321,0,321,0,321,0,321,0,321,0,321,0,321,0,321,0,321,0,321,0,321,0,321,0,321,0,321,0,321,0,321,0,321,0,321,0,321,0,321,0,321,0,321,0,321,0,321,0,321,0,321,0,321,0,321,0,321,0,321,0,321,0,321,0,321,0,321,0,321,0,321,0,321,0,321,0,321,0,321,0,321,0,321,0,321,0,321,0,321,0,321,0,321,0,321,0,321,0,321,0,321,0,321,0,321,0,321,0,321,0,321,0,321,0,321,0,321,0,321,0,321,0,321,0,321,0,321,0,321,0,321,0,321,0,321,0,321,0,321,0,321,0,321,0,321,0,321,0,321,0,321,0,321,0,321,0,321,0,321,0,321,0,321,0,321,0,321,0,321,0,321,0,321,0,321,0,321,0,321,0,321,0,321,0,321,0,321,0,321,0,321,0,321,0,321,0,321,0,321,0,321,0,321,0,321,0,321,0,321,0,321,0,321,0,321,0,321,0,321,0,321,0,321,0,321,0,321,0,321,0,321,0,321,0,321,0,321,0,321,0,321,0,321,0,321,0,321,0,321,0,321,0,321,0,321,0,321,0,321,0,321,0,321,0,321,0,321,0,321,0,321,0,321,0,321,0,321,0,321,0,321,0,321,0,321,0,321,15,321,0,321,0,321,8,321,0,321,0,321,0,321,0,321,0,321,0,321,0,321,0,321,0,321,0,321,0,321,0,321,0,321,0,321,0,321,0,321,0,321,0,321,0,321,0,321,0,321,0,321,0,321,0,321,0,321,0,321,0,321,0,321,0,321,0,321,0,321,0,321,0,321,0,321,0,321,0,321,0,321,0,321,0,321,0,321,0,321,0,321,0,321,0,321,0,321,0,321,0,321,0,321,0,321,0,321,0,321,0,321,0,321,0,321,0,321,0,321,0,321,0,321,0,321,0,321,0,321,0,321,0,321,0,321,0,321,0,321,0,321,0,321,0,321,0,321,0,321,0,321,0,321,0,321,0,321,0,321,0,321,0,321,0,321,0,321,0,321,0,321,0,321,0,321,0,321,0,321,0,321,0,321,0,321,0,321,0,321,0,321,0,321,0,321,0,321,0,321,0,321,0,321,0,321,0,321,0,321,0,321,0,321,0,321,0,321,0,321,0,321,0,321,0,321,0,321,0,321,0,321,0,321,0,321,0,321,0,321,0,321,0,321,0,321,0,321,0,321,0,321,0,321,0
,,322,0,322,0,322,0,322,0,322,0,322,0,322,0,322,0,322,0,322,0,322,0,322,0,322,0,322,0,322,0,322,0,322,0,322,0,322,0,322,0,322,0,322,0,322,0,322,0,322,0,322,0,322,0,322,0,322,0,322,0,322,0,322,0,322,0,322,0,322,0,322,0,322,0,322,0,322,0,322,0,322,0,322,0,322,0,322,0,322,0,322,0,322,0,322,0,322,0,322,0,322,0,322,0,322,0,322,0,322,0,322,0,322,0,322,0,322,0,322,0,322,0,322,0,322,0,322,0,322,0,322,0,322,0,322,0,322,0,322,0,322,0,322,0,322,0,322,0,322,0,322,0,322,0,322,0,322,0,322,0,322,0,322,0,322,0,322,0,322,0,322,0,322,0,322,0,322,0,322,0,322,0,322,0,322,0,322,0,322,0,322,0,322,0,322,0,322,0,322,0,322,0,322,0,322,0,322,0,322,0,322,0,322,0,322,0,322,0,322,0,322,0,322,0,322,0,322,0,322,0,322,0,322,0,322,0,322,0,322,0,322,0,322,11,322,0,322,0,322,0,322,0,322,0,322,0,322,0,322,0,322,0,322,0,322,0,322,0,322,0,322,0,322,0,322,0,322,0,322,0,322,0,322,0,322,0,322,0,322,0,322,0,322,0,322,0,322,0,322,0,322,0,322,0,322,0,322,0,322,0,322,0,322,0,322,0,322,0,322,0,322,0,322,0,322,0,322,0,322,0,322,0,322,0,322,0,322,0,322,0,322,0,322,0,322,0,322,0,322,0,322,0,322,0,322,0,322,0,322,0,322,0,322,0,322,0,322,0,322,0,322,0,322,0,322,0,322,0,322,0,322,0,322,0,322,0,322,0,322,0,322,0,322,0,322,0,322,0,322,0,322,0,322,0,322,0,322,0,322,0,322,0,322,0,322,0,322,0,322,0,322,0,322,0,322,0,322,0,322,0,322,0,322,0,322,0,322,0,322,0,322,0,322,0,322,0,322,0,322,0,322,0,322,0,322,0,322,0,322,0,322,0,322,0,322,0,322,0,322,0,322,0,322,0,322,0,322,0,322,0,322,0,322,0,322,0,322,0,322,0,322,0,322,0,322,0,322,0,322,0,322,0,322,0,322,0,322,0,322,0,322,0,322,0,322,0,322,0,322,0,322,0,322,0,322,0,322,0,322,0,322,0,322,0,322,1,322,7,322,0,322,0,322,5,322,0,322,0,322,1,322,0,322,0,322,0,322,0,322,0,322,0,322,0,322,0,322,0,322,0,322,0,322,0,322,0,322,0,322,0,322,0,322,0,322,0,322,0,322,0,322,0,322,0,322,0,322,0,322,0,322,0,322,0,322,0,322,0,322,0,322,0,322,0,322,0,322,0,322,0,322,0,322,0,322,0,322,0,322,0,322,0,322,0,322,0,322,0,322,0,322,0,322,0,322,0,322,0,322,0,322,0,322,0,322,0,322,0,322,0,322,0,322,0,322,0,322,0,322,0,322,0,322,0,322,0,322,0,322,0,322,0,322,0,322,0,322,0,322,0,322,0,322,0,322,0,322,0,322,0,322,0,322,0,322,0,322,0,322,0,322,0,322,0,322,0,322,0,322,0,322,0,322,0,322,0,322,0,322,0,322,0,322,0,322,0,322,0,322,0,322,0,322,0,322,0,322,0,322,0,322,0,322,0,322,0,322,0,322,0,322,0,322,0,322,0,322,0,322,0,322,0,322,0,322,0,322,0,322,0,322,0,322,0,322,0,322,0,322,0,322,0,322,0,322,0,322,0,322,0,322,0,322,0,322,0,322,0,322,0,322,0,322,0,322,0,322,0,322,0,322,0,322,0,322,0,322,0,322,0,322,0,322,18,322,0,322,0,322,3,322,0,322,0,322,0,322,0,322,0,322,0,322,0,322,0,322,0,322,0,322,0,322,0,322,0,322,0,322,0,322,0,322,0,322,0,322,0,322,0,322,0,322,0,322,0,322,0,322,0,322,0,322,0,322,0,322,0,322,0,322,0,322,0,322,0,322,0,322,0,322,0,322,0,322,0,322,0,322,0,322,0,322,0,322,0,322,0,322,0,322,0,322,0,322,0,322,0,322,0,322,0,322,0,322,0,322,0,322,0,322,0,322,0,322,0,322,0,322,0,322,0,322,0,322,0,322,0,322,0,322,0,322,0,322,0,322,0,322,0,322,0,322,0,322,0,322,0,322,0,322,0,322,0,322,0,322,0,322,0,322,0,322,0,322,0,322,0,322,0,322,0,322,0,322,0,322,0,322,0,322,0,322,0,322,0,322,0,322,0,322,0,322,0,322,0,322,0,322,0,322,0,322,0,322,0,322,0,322,0,322,0,322,0,322,0,322,0,322,0,322,0,322,0,322,0,322,0,322,0,322,0,322,0,322,0,322,0,322,0,322,0,322,0,322,0,322,0
,,323,0,323,0,323,0,323,0,323,0,323,0,323,0,323,0,323,0,323,0,323,0,323,0,323,0,323,0,323,0,323,0,323,0,323,0,323,0,323,0,323,0,323,0,323,0,323,0,323,0,323,0,323,0,323,0,323,0,323,0,323,0,323,0,323,0,323,0,323,0,323,0,323,0,323,0,323,0,323,0,323,0,323,0,323,0,323,0,323,0,323,0,323,0,323,0,323,0,323,0,323,0,323,0,323,0,323,0,323,0,323,0,323,0,323,0,323,0,323,0,323,0,323,0,323,0,323,0,323,0,323,0,323,0,323,0,323,0,323,0,323,0,323,0,323,0,323,0,323,0,323,0,323,0,323,0,323,0,323,0,323,0,323,0,323,0,323,0,323,0,323,0,323,0,323,0,323,0,323,0,323,0,323,0,323,0,323,0,323,0,323,0,323,0,323,0,323,0,323,0,323,0,323,0,323,0,323,0,323,0,323,0,323,0,323,0,323,0,323,0,323,0,323,0,323,0,323,0,323,0,323,0,323,0,323,0,323,0,323,0,323,0,323,2,323,0,323,0,323,0,323,0,323,0,323,0,323,0,323,0,323,0,323,0,323,0,323,0,323,0,323,0,323,0,323,0,323,0,323,0,323,0,323,0,323,0,323,0,323,0,323,0,323,0,323,0,323,0,323,0,323,0,323,0,323,0,323,0,323,0,323,0,323,0,323,0,323,0,323,0,323,0,323,0,323,0,323,0,323,0,323,0,323,0,323,0,323,0,323,0,323,0,323,0,323,0,323,0,323,0,323,0,323,0,323,0,323,0,323,0,323,0,323,0,323,0,323,0,323,0,323,0,323,0,323,0,323,0,323,0,323,0,323,0,323,0,323,0,323,0,323,0,323,0,323,0,323,0,323,0,323,0,323,0,323,0,323,0,323,0,323,0,323,0,323,0,323,0,323,0,323,0,323,0,323,0,323,0,323,0,323,0,323,0,323,0,323,0,323,0,323,0,323,0,323,0,323,0,323,0,323,0,323,0,323,0,323,0,323,0,323,0,323,0,323,0,323,0,323,0,323,0,323,0,323,0,323,0,323,0,323,0,323,0,323,0,323,0,323,0,323,0,323,0,323,0,323,0,323,0,323,0,323,0,323,0,323,0,323,0,323,0,323,0,323,0,323,0,323,0,323,0,323,0,323,0,323,0,323,5,323,0,323,0,323,0,323,2,323,0,323,0,323,0,323,0,323,0,323,0,323,0,323,0,323,0,323,0,323,0,323,0,323,0,323,0,323,0,323,0,323,0,323,0,323,0,323,0,323,0,323,0,323,0,323,0,323,0,323,0,323,0,323,0,323,0,323,0,323,0,323,0,323,0,323,0,323,0,323,0,323,0,323,0,323,0,323,0,323,0,323,0,323,0,323,0,323,0,323,0,323,0,323,0,323,0,323,0,323,0,323,0,323,0,323,0,323,0,323,0,323,0,323,0,323,0,323,0,323,0,323,0,323,0,323,0,323,0,323,0,323,0,323,0,323,0,323,0,323,0,323,0,323,0,323,0,323,0,323,0,323,0,323,0,323,0,323,0,323,0,323,0,323,0,323,0,323,0,323,0,323,0,323,0,323,0,323,0,323,0,323,0,323,0,323,0,323,0,323,0,323,0,323,0,323,0,323,0,323,0,323,0,323,0,323,0,323,0,323,0,323,0,323,0,323,0,323,0,323,0,323,0,323,0,323,0,323,0,323,0,323,0,323,0,323,0,323,0,323,0,323,0,323,0,323,0,323,0,323,0,323,0,323,0,323,0,323,0,323,0,323,0,323,0,323,0,323,0,323,0,323,0,323,0,323,0,323,0,323,0,323,0,323,0,323,0,323,0,323,0,323,0,323,15,323,0,323,0,323,21,323,4,323,0,323,0,323,0,323,0,323,0,323,0,323,0,323,0,323,0,323,0,323,0,323,0,323,0,323,0,323,0,323,0,323,0,323,0,323,0,323,0,323,0,323,0,323,0,323,0,323,0,323,0,323,0,323,0,323,0,323,0,323,0,323,0,323,0,323,0,323,0,323,0,323,0,323,0,323,0,323,0,323,0,323,0,323,0,323,0,323,0,323,0,323,0,323,0,323,0,323,0,323,0,323,0,323,0,323,0,323,0,323,0,323,0,323,0,323,0,323,0,323,0,323,0,323,0,323,0,323,0,323,0,323,0,323,0,323,0,323,0,323,0,323,0,323,0,323,0,323,0,323,0,323,0,323,0,323,0,323,0,323,0,323,0,323,0,323,0,323,0,323,0,323,0,323,0,323,0,323,0,323,0,323,0,323,0,323,0,323,0,323,0,323,0,323,0,323,0,323,0,323,0,323,0,323,0,323,0,323,0,323,0,323,0,323,0,323,0,323,0,323,0,323,0,323,0,323,0,323,0,323,0,323,0,323,0,323,0,323,0,323,0,323,0,323,0
,,324,0,324,0,324,0,324,0,324,0,324,0,324,0,324,0,324,0,324,0,324,0,324,0,324,0,324,0,324,0,324,0,324,0,324,0,324,0,324,0,324,0,324,0,324,0,324,0,324,0,324,0,324,0,324,0,324,0,324,0,324,0,324,0,324,0,324,0,324,0,324,0,324,0,324,0,324,0,324,0,324,0,324,0,324,0,324,0,324,0,324,0,324,0,324,0,324,0,324,0,324,0,324,0,324,0,324,0,324,0,324,0,324,0,324,0,324,0,324,0,324,0,324,0,324,0,324,0,324,0,324,0,324,0,324,0,324,0,324,0,324,0,324,0,324,0,324,0,324,0,324,0,324,0,324,0,324,0,324,0,324,0,324,0,324,0,324,0,324,0,324,0,324,0,324,0,324,0,324,0,324,0,324,0,324,0,324,0,324,0,324,0,324,0,324,0,324,0,324,0,324,0,324,0,324,0,324,0,324,0,324,0,324,0,324,0,324,0,324,0,324,0,324,0,324,0,324,0,324,0,324,0,324,0,324,0,324,0,324,0,324,0,324,6,324,0,324,0,324,0,324,0,324,0,324,0,324,0,324,0,324,0,324,0,324,0,324,0,324,0,324,0,324,0,324,0,324,0,324,0,324,0,324,0,324,0,324,0,324,0,324,0,324,0,324,0,324,0,324,0,324,0,324,0,324,0,324,0,324,0,324,0,324,0,324,0,324,0,324,0,324,0,324,0,324,0,324,0,324,0,324,0,324,0,324,0,324,0,324,0,324,0,324,0,324,0,324,0,324,0,324,0,324,0,324,0,324,0,324,0,324,0,324,0,324,0,324,0,324,0,324,0,324,0,324,0,324,0,324,0,324,0,324,0,324,0,324,0,324,0,324,0,324,0,324,0,324,0,324,0,324,0,324,0,324,0,324,0,324,0,324,0,324,0,324,0,324,0,324,0,324,0,324,0,324,0,324,0,324,0,324,0,324,0,324,0,324,0,324,0,324,0,324,0,324,0,324,0,324,0,324,0,324,0,324,0,324,0,324,0,324,0,324,0,324,0,324,0,324,0,324,0,324,0,324,0,324,0,324,0,324,0,324,0,324,0,324,0,324,0,324,0,324,0,324,0,324,0,324,0,324,0,324,0,324,0,324,0,324,0,324,0,324,0,324,0,324,0,324,0,324,0,324,0,324,0,324,0,324,2,324,0,324,0,324,2,324,9,324,0,324,0,324,1,324,0,324,0,324,0,324,0,324,0,324,0,324,0,324,0,324,0,324,0,324,0,324,0,324,0,324,0,324,0,324,0,324,0,324,0,324,0,324,0,324,0,324,0,324,0,324,0,324,0,324,0,324,0,324,0,324,0,324,0,324,0,324,0,324,0,324,0,324,0,324,0,324,0,324,0,324,0,324,0,324,0,324,0,324,0,324,0,324,0,324,0,324,0,324,0,324,0,324,0,324,0,324,0,324,0,324,0,324,0,324,0,324,0,324,0,324,0,324,0,324,0,324,0,324,0,324,0,324,0,324,0,324,0,324,0,324,0,324,0,324,0,324,0,324,0,324,0,324,0,324,0,324,0,324,0,324,0,324,0,324,0,324,0,324,0,324,0,324,0,324,0,324,0,324,0,324,0,324,0,324,0,324,0,324,0,324,0,324,0,324,0,324,0,324,0,324,0,324,0,324,0,324,0,324,0,324,0,324,0,324,0,324,0,324,0,324,0,324,0,324,0,324,0,324,0,324,0,324,0,324,0,324,0,324,0,324,0,324,0,324,0,324,0,324,0,324,0,324,0,324,0,324,0,324,0,324,0,324,0,324,0,324,0,324,0,324,0,324,0,324,0,324,0,324,0,324,0,324,0,324,0,324,0,324,0,324,0,324,14,324,0,324,0,324,10,324,0,324,0,324,0,324,0,324,0,324,0,324,0,324,0,324,0,324,0,324,0,324,0,324,0,324,0,324,0,324,0,324,0,324,0,324,0,324,0,324,0,324,0,324,0,324,0,324,0,324,0,324,0,324,0,324,0,324,0,324,0,324,0,324,0,324,0,324,0,324,0,324,0,324,0,324,0,324,0,324,0,324,0,324,0,324,0,324,0,324,0,324,0,324,0,324,0,324,0,324,0,324,0,324,0,324,0,324,0,324,0,324,0,324,0,324,0,324,0,324,0,324,0,324,0,324,0,324,0,324,0,324,0,324,0,324,0,324,0,324,0,324,0,324,0,324,0,324,0,324,0,324,0,324,0,324,0,324,0,324,0,324,0,324,0,324,0,324,0,324,0,324,0,324,0,324,0,324,0,324,0,324,0,324,0,324,0,324,0,324,0,324,0,324,0,324,0,324,0,324,0,324,0,324,0,324,0,324,0,324,0,324,0,324,0,324,0,324,0,324,0,324,0,324,0,324,0,324,0,324,0,324,0,324,0,324,0,324,0,324,0,324,0,324,0,324,0
,,325,0,325,0,325,0,325,0,325,0,325,0,325,0,325,0,325,0,325,0,325,0,325,0,325,0,325,0,325,0,325,0,325,0,325,0,325,0,325,0,325,0,325,0,325,0,325,0,325,0,325,0,325,0,325,0,325,0,325,0,325,0,325,0,325,0,325,0,325,0,325,0,325,0,325,0,325,0,325,0,325,0,325,0,325,0,325,0,325,0,325,0,325,0,325,0,325,0,325,0,325,0,325,0,325,0,325,0,325,0,325,0,325,0,325,0,325,0,325,0,325,0,325,0,325,0,325,0,325,0,325,0,325,0,325,0,325,0,325,0,325,0,325,0,325,0,325,0,325,0,325,0,325,0,325,0,325,0,325,0,325,0,325,0,325,0,325,0,325,0,325,0,325,0,325,0,325,0,325,0,325,0,325,0,325,0,325,0,325,0,325,0,325,0,325,0,325,0,325,0,325,0,325,0,325,0,325,0,325,0,325,0,325,0,325,0,325,0,325,0,325,0,325,0,325,0,325,0,325,0,325,0,325,0,325,0,325,0,325,0,325,0,325,12,325,0,325,0,325,0,325,0,325,0,325,0,325,0,325,0,325,0,325,0,325,0,325,0,325,0,325,0,325,0,325,0,325,0,325,0,325,0,325,0,325,0,325,0,325,0,325,0,325,0,325,0,325,0,325,0,325,0,325,0,325,0,325,0,325,0,325,0,325,0,325,0,325,0,325,0,325,0,325,0,325,0,325,0,325,0,325,0,325,0,325,0,325,0,325,0,325,0,325,0,325,0,325,0,325,0,325,0,325,0,325,0,325,0,325,0,325,0,325,0,325,0,325,0,325,0,325,0,325,0,325,0,325,0,325,0,325,0,325,0,325,0,325,0,325,0,325,0,325,0,325,0,325,0,325,0,325,0,325,0,325,0,325,0,325,0,325,0,325,0,325,0,325,0,325,0,325,0,325,0,325,0,325,0,325,0,325,0,325,0,325,0,325,0,325,0,325,0,325,0,325,0,325,0,325,0,325,0,325,0,325,0,325,0,325,0,325,0,325,0,325,0,325,0,325,0,325,0,325,0,325,0,325,0,325,0,325,0,325,0,325,0,325,0,325,0,325,0,325,0,325,0,325,0,325,0,325,0,325,0,325,0,325,0,325,0,325,0,325,0,325,0,325,0,325,0,325,0,325,0,325,0,325,0,325,0,325,0,325,0,325,0,325,3,325,0,325,0,325,2,325,0,325,0,325,1,325,0,325,0,325,0,325,0,325,0,325,0,325,0,325,0,325,0,325,0,325,0,325,0,325,0,325,0,325,0,325,0,325,0,325,0,325,0,325,0,325,0,325,0,325,0,325,0,325,0,325,0,325,0,325,0,325,0,325,0,325,0,325,0,325,0,325,0,325,0,325,0,325,0,325,0,325,0,325,0,325,0,325,0,325,0,325,0,325,0,325,0,325,0,325,0,325,0,325,0,325,0,325,0,325,0,325,0,325,0,325,0,325,0,325,0,325,0,325,0,325,0,325,0,325,0,325,0,325,0,325,0,325,0,325,0,325,0,325,0,325,0,325,0,325,0,325,0,325,0,325,0,325,0,325,0,325,0,325,0,325,0,325,0,325,0,325,0,325,0,325,0,325,0,325,0,325,0,325,0,325,0,325,0,325,0,325,0,325,0,325,0,325,0,325,0,325,0,325,0,325,0,325,0,325,0,325,0,325,0,325,0,325,0,325,0,325,0,325,0,325,0,325,0,325,0,325,0,325,0,325,0,325,0,325,0,325,0,325,0,325,0,325,0,325,0,325,0,325,0,325,0,325,0,325,0,325,0,325,0,325,0,325,0,325,0,325,0,325,0,325,0,325,0,325,0,325,0,325,0,325,0,325,21,325,0,325,0,325,8,325,0,325,0,325,0,325,0,325,0,325,0,325,0,325,0,325,0,325,0,325,0,325,0,325,0,325,0,325,0,325,0,325,0,325,0,325,0,325,0,325,0,325,0,325,0,325,0,325,0,325,0,325,0,325,0,325,0,325,0,325,0,325,0,325,0,325,0,325,0,325,0,325,0,325,0,325,0,325,0,325,0,325,0,325,0,325,0,325,0,325,0,325,0,325,0,325,0,325,0,325,0,325,0,325,0,325,0,325,0,325,0,325,0,325,0,325,0,325,0,325,0,325,0,325,0,325,0,325,0,325,0,325,0,325,0,325,0,325,0,325,0,325,0,325,0,325,0,325,0,325,0,325,0,325,0,325,0,325,0,325,0,325,0,325,0,325,0,325,0,325,0,325,0,325,0,325,0,325,0,325,0,325,0,325,0,325,0,325,0,325,0,325,0,325,0,325,0,325,0,325,0,325,0,325,0,325,0,325,0,325,0,325,0,325,0,325,0,325,0,325,0,325,0,325,0,325,0,325,0,325,0,325,0,325,0,325,0,325,0,325,0,325,0,325,0,325,0
,,326,0,326,0,326,0,326,0,326,0,326,0,326,0,326,0,326,0,326,0,326,0,326,0,326,0,326,0,326,0,326,0,326,0,326,0,326,0,326,0,326,0,326,0,326,0,326,0,326,0,326,0,326,0,326,0,326,0,326,0,326,0,326,0,326,0,326,0,326,0,326,0,326,0,326,0,326,0,326,0,326,0,326,0,326,0,326,0,326,0,326,0,326,0,326,0,326,0,326,0,326,0,326,0,326,0,326,0,326,0,326,0,326,0,326,0,326,0,326,0,326,0,326,0,326,0,326,0,326,0,326,0,326,0,326,0,326,0,326,0,326,0,326,0,326,0,326,0,326,0,326,0,326,0,326,0,326,0,326,0,326,0,326,0,326,0,326,0,326,0,326,0,326,0,326,0,326,0,326,0,326,0,326,0,326,0,326,0,326,0,326,0,326,0,326,0,326,0,326,0,326,0,326,0,326,0,326,0,326,0,326,0,326,0,326,0,326,0,326,0,326,0,326,0,326,0,326,0,326,0,326,0,326,0,326,0,326,0,326,0,326,0,326,6,326,0,326,0,326,0,326,0,326,0,326,0,326,0,326,0,326,0,326,0,326,0,326,0,326,0,326,0,326,0,326,0,326,0,326,0,326,0,326,0,326,0,326,0,326,0,326,0,326,0,326,0,326,0,326,0,326,0,326,0,326,0,326,0,326,0,326,0,326,0,326,0,326,0,326,0,326,0,326,0,326,0,326,0,326,0,326,0,326,0,326,0,326,0,326,0,326,0,326,0,326,0,326,0,326,0,326,0,326,0,326,0,326,0,326,0,326,0,326,0,326,0,326,0,326,0,326,0,326,0,326,0,326,0,326,0,326,0,326,0,326,0,326,0,326,0,326,0,326,0,326,0,326,0,326,0,326,0,326,0,326,0,326,0,326,0,326,0,326,0,326,0,326,0,326,0,326,0,326,0,326,0,326,0,326,0,326,0,326,0,326,0,326,0,326,0,326,0,326,0,326,0,326,0,326,0,326,0,326,0,326,0,326,0,326,0,326,0,326,0,326,0,326,0,326,0,326,0,326,0,326,0,326,0,326,0,326,0,326,0,326,0,326,0,326,0,326,0,326,0,326,0,326,0,326,0,326,0,326,0,326,0,326,0,326,0,326,0,326,0,326,0,326,0,326,0,326,0,326,0,326,0,326,0,326,2,326,0,326,0,326,1,326,7,326,0,326,0,326,0,326,0,326,0,326,0,326,0,326,0,326,0,326,0,326,0,326,0,326,0,326,0,326,0,326,0,326,0,326,0,326,0,326,0,326,0,326,0,326,0,326,0,326,0,326,0,326,0,326,0,326,0,326,0,326,0,326,0,326,0,326,0,326,0,326,0,326,0,326,0,326,0,326,0,326,0,326,0,326,0,326,0,326,0,326,0,326,0,326,0,326,0,326,0,326,0,326,0,326,0,326,0,326,0,326,0,326,0,326,0,326,0,326,0,326,0,326,0,326,0,326,0,326,0,326,0,326,0,326,0,326,0,326,0,326,0,326,0,326,0,326,0,326,0,326,0,326,0,326,0,326,0,326,0,326,0,326,0,326,0,326,0,326,0,326,0,326,0,326,0,326,0,326,0,326,0,326,0,326,0,326,0,326,0,326,0,326,0,326,0,326,0,326,0,326,0,326,0,326,0,326,0,326,0,326,0,326,0,326,0,326,0,326,0,326,0,326,0,326,0,326,0,326,0,326,0,326,0,326,0,326,0,326,0,326,0,326,0,326,0,326,0,326,0,326,0,326,0,326,0,326,0,326,0,326,0,326,0,326,0,326,0,326,0,326,0,326,0,326,0,326,0,326,0,326,0,326,0,326,0,326,0,326,0,326,0,326,0,326,16,326,0,326,0,326,13,326,0,326,0,326,0,326,0,326,0,326,0,326,0,326,0,326,0,326,0,326,0,326,0,326,0,326,0,326,0,326,0,326,0,326,0,326,0,326,0,326,0,326,0,326,0,326,0,326,0,326,0,326,0,326,0,326,0,326,0,326,0,326,0,326,0,326,0,326,0,326,0,326,0,326,0,326,0,326,0,326,0,326,0,326,0,326,0,326,0,326,0,326,0,326,0,326,0,326,0,326,0,326,0,326,0,326,0,326,0,326,0,326,0,326,0,326,0,326,0,326,0,326,0,326,0,326,0,326,0,326,0,326,0,326,0,326,0,326,0,326,0,326,0,326,0,326,0,326,0,326,0,326,0,326,0,326,0,326,0,326,0,326,0,326,0,326,0,326,0,326,0,326,0,326,0,326,0,326,0,326,0,326,0,326,0,326,0,326,0,326,0,326,0,326,0,326,0,326,0,326,0,326,0,326,0,326,0,326,0,326,0,326,0,326,0,326,0,326,0,326,0,326,0,326,0,326,0,326,0,326,0,326,0,326,0,326,0,326,0,326,0,326,0,326,0,326,0
,,327,0,327,0,327,0,327,0,327,0,327,0,327,0,327,0,327,0,327,0,327,0,327,0,327,0,327,0,327,0,327,0,327,0,327,0,327,0,327,0,327,0,327,0,327,0,327,0,327,0,327,0,327,0,327,0,327,0,327,0,327,0,327,0,327,0,327,0,327,0,327,0,327,0,327,0,327,0,327,0,327,0,327,0,327,0,327,0,327,0,327,0,327,0,327,0,327,0,327,0,327,0,327,0,327,0,327,0,327,0,327,0,327,0,327,0,327,0,327,0,327,0,327,0,327,0,327,0,327,0,327,0,327,0,327,0,327,0,327,0,327,0,327,0,327,0,327,0,327,0,327,0,327,0,327,0,327,0,327,0,327,0,327,0,327,0,327,0,327,0,327,0,327,0,327,0,327,0,327,0,327,0,327,0,327,0,327,0,327,0,327,0,327,0,327,0,327,0,327,0,327,0,327,0,327,0,327,0,327,0,327,0,327,0,327,0,327,0,327,0,327,0,327,0,327,0,327,0,327,0,327,0,327,0,327,0,327,0,327,0,327,0,327,18,327,0,327,0,327,0,327,0,327,0,327,0,327,0,327,0,327,0,327,0,327,0,327,0,327,0,327,0,327,0,327,0,327,0,327,0,327,0,327,0,327,0,327,0,327,0,327,0,327,0,327,0,327,0,327,0,327,0,327,0,327,0,327,0,327,0,327,0,327,0,327,0,327,0,327,0,327,0,327,0,327,0,327,0,327,0,327,0,327,0,327,0,327,0,327,0,327,0,327,0,327,0,327,0,327,0,327,0,327,0,327,0,327,0,327,0,327,0,327,0,327,0,327,0,327,0,327,0,327,0,327,0,327,0,327,0,327,0,327,0,327,0,327,0,327,0,327,0,327,0,327,0,327,0,327,0,327,0,327,0,327,0,327,0,327,0,327,0,327,0,327,0,327,0,327,0,327,0,327,0,327,0,327,0,327,0,327,0,327,0,327,0,327,0,327,0,327,0,327,0,327,0,327,0,327,0,327,0,327,0,327,0,327,0,327,0,327,0,327,0,327,0,327,0,327,0,327,0,327,0,327,0,327,0,327,0,327,0,327,0,327,0,327,0,327,0,327,0,327,0,327,0,327,0,327,0,327,0,327,0,327,0,327,0,327,0,327,0,327,0,327,0,327,0,327,0,327,0,327,0,327,0,327,0,327,0,327,0,327,0,327,1,327,3,327,0,327,0,327,6,327,0,327,0,327,0,327,0,327,0,327,0,327,0,327,0,327,0,327,0,327,0,327,0,327,0,327,0,327,0,327,0,327,0,327,0,327,0,327,0,327,0,327,0,327,0,327,0,327,0,327,0,327,0,327,0,327,0,327,0,327,0,327,0,327,0,327,0,327,0,327,0,327,0,327,0,327,0,327,0,327,0,327,0,327,0,327,0,327,0,327,0,327,0,327,0,327,0,327,0,327,0,327,0,327,0,327,0,327,0,327,0,327,0,327,0,327,0,327,0,327,0,327,0,327,0,327,0,327,0,327,0,327,0,327,0,327,0,327,0,327,0,327,0,327,0,327,0,327,0,327,0,327,0,327,0,327,0,327,0,327,0,327,0,327,0,327,0,327,0,327,0,327,0,327,0,327,0,327,0,327,0,327,0,327,0,327,0,327,0,327,0,327,0,327,0,327,0,327,0,327,0,327,0,327,0,327,0,327,0,327,0,327,0,327,0,327,0,327,0,327,0,327,0,327,0,327,0,327,0,327,0,327,0,327,0,327,0,327,0,327,0,327,0,327,0,327,0,327,0,327,0,327,0,327,0,327,0,327,0,327,0,327,0,327,0,327,0,327,0,327,0,327,0,327,0,327,0,327,0,327,0,327,0,327,0,327,0,327,10,327,0,327,0,327,2,327,0,327,0,327,0,327,0,327,0,327,0,327,0,327,0,327,0,327,0,327,0,327,0,327,0,327,0,327,0,327,0,327,0,327,0,327,0,327,0,327,0,327,0,327,0,327,0,327,0,327,0,327,0,327,0,327,0,327,0,327,0,327,0,327,0,327,0,327,0,327,0,327,0,327,0,327,0,327,0,327,0,327,0,327,0,327,0,327,0,327,0,327,0,327,0,327,0,327,0,327,0,327,0,327,0,327,0,327,0,327,0,327,0,327,0,327,0,327,0,327,0,327,0,327,0,327,0,327,0,327,0,327,0,327,0,327,0,327,0,327,0,327,0,327,0,327,0,327,0,327,0,327,0,327,0,327,0,327,0,327,0,327,0,327,0,327,0,327,0,327,0,327,0,327,0,327,0,327,0,327,0,327,0,327,0,327,0,327,0,327,0,327,0,327,0,327,0,327,0,327,0,327,0,327,0,327,0,327,0,327,0,327,0,327,0,327,0,327,0,327,0,327,0,327,0,327,0,327,0,327,0,327,0,327,0,327,0,327,0,327,0,327,0,327,0,327,0
,,328,0,328,0,328,0,328,0,328,0,328,0,328,0,328,0,328,0,328,0,328,0,328,0,328,0,328,0,328,0,328,0,328,0,328,0,328,0,328,0,328,0,328,0,328,0,328,0,328,0,328,0,328,0,328,0,328,0,328,0,328,0,328,0,328,0,328,0,328,0,328,0,328,0,328,0,328,0,328,0,328,0,328,0,328,0,328,0,328,0,328,0,328,0,328,0,328,0,328,0,328,0,328,0,328,0,328,0,328,0,328,0,328,0,328,0,328,0,328,0,328,0,328,0,328,0,328,0,328,0,328,0,328,0,328,0,328,0,328,0,328,0,328,0,328,0,328,0,328,0,328,0,328,0,328,0,328,0,328,0,328,0,328,0,328,0,328,0,328,0,328,0,328,0,328,0,328,0,328,0,328,0,328,0,328,0,328,0,328,0,328,0,328,0,328,0,328,0,328,0,328,0,328,0,328,0,328,0,328,0,328,0,328,0,328,0,328,0,328,0,328,0,328,0,328,0,328,0,328,0,328,0,328,0,328,0,328,0,328,0,328,0,328,12,328,0,328,0,328,0,328,0,328,0,328,0,328,0,328,0,328,0,328,0,328,0,328,0,328,0,328,0,328,0,328,0,328,0,328,0,328,0,328,0,328,0,328,0,328,0,328,0,328,0,328,0,328,0,328,0,328,0,328,0,328,0,328,0,328,0,328,0,328,0,328,0,328,0,328,0,328,0,328,0,328,0,328,0,328,0,328,0,328,0,328,0,328,0,328,0,328,0,328,0,328,0,328,0,328,0,328,0,328,0,328,0,328,0,328,0,328,0,328,0,328,0,328,0,328,0,328,0,328,0,328,0,328,0,328,0,328,0,328,0,328,0,328,0,328,0,328,0,328,0,328,0,328,0,328,0,328,0,328,0,328,0,328,0,328,0,328,0,328,0,328,0,328,0,328,0,328,0,328,0,328,0,328,0,328,0,328,0,328,0,328,0,328,0,328,0,328,0,328,0,328,0,328,0,328,0,328,0,328,0,328,0,328,0,328,0,328,0,328,0,328,0,328,0,328,0,328,0,328,0,328,0,328,0,328,0,328,0,328,0,328,0,328,0,328,0,328,0,328,0,328,0,328,0,328,0,328,0,328,0,328,0,328,0,328,0,328,0,328,0,328,0,328,0,328,0,328,0,328,0,328,0,328,0,328,1,328,0,328,0,328,2,328,8,328,0,328,0,328,1,328,0,328,0,328,0,328,0,328,0,328,0,328,0,328,0,328,0,328,0,328,0,328,0,328,0,328,0,328,0,328,0,328,0,328,0,328,0,328,0,328,0,328,0,328,0,328,0,328,0,328,0,328,0,328,0,328,0,328,0,328,0,328,0,328,0,328,0,328,0,328,0,328,0,328,0,328,0,328,0,328,0,328,0,328,0,328,0,328,0,328,0,328,0,328,0,328,0,328,0,328,0,328,0,328,0,328,0,328,0,328,0,328,0,328,0,328,0,328,0,328,0,328,0,328,0,328,0,328,0,328,0,328,0,328,0,328,0,328,0,328,0,328,0,328,0,328,0,328,0,328,0,328,0,328,0,328,0,328,0,328,0,328,0,328,0,328,0,328,0,328,0,328,0,328,0,328,0,328,0,328,0,328,0,328,0,328,0,328,0,328,0,328,0,328,0,328,0,328,0,328,0,328,0,328,0,328,0,328,0,328,0,328,0,328,0,328,0,328,0,328,0,328,0,328,0,328,0,328,0,328,0,328,0,328,0,328,0,328,0,328,0,328,0,328,0,328,0,328,0,328,0,328,0,328,0,328,0,328,0,328,0,328,0,328,0,328,0,328,0,328,0,328,0,328,0,328,0,328,0,328,0,328,0,328,0,328,0,328,13,328,0,328,0,328,11,328,0,328,0,328,0,328,0,328,0,328,0,328,0,328,0,328,0,328,0,328,0,328,0,328,0,328,0,328,0,328,0,328,0,328,0,328,0,328,0,328,0,328,0,328,0,328,0,328,0,328,0,328,0,328,0,328,0,328,0,328,0,328,0,328,0,328,0,328,0,328,0,328,0,328,0,328,0,328,0,328,0,328,0,328,0,328,0,328,0,328,0,328,0,328,0,328,0,328,0,328,0,328,0,328,0,328,0,328,0,328,0,328,0,328,0,328,0,328,0,328,0,328,0,328,0,328,0,328,0,328,0,328,0,328,0,328,0,328,0,328,0,328,0,328,0,328,0,328,0,328,0,328,0,328,0,328,0,328,0,328,0,328,0,328,0,328,0,328,0,328,0,328,0,328,0,328,0,328,0,328,0,328,0,328,0,328,0,328,0,328,0,328,0,328,0,328,0,328,0,328,0,328,0,328,0,328,0,328,0,328,0,328,0,328,0,328,0,328,0,328,0,328,0,328,0,328,0,328,0,328,0,328,0,328,0,328,0,328,0,328,0,328,0,328,0,328,0
,,329,0,329,0,329,0,329,0,329,0,329,0,329,0,329,0,329,0,329,0,329,0,329,0,329,0,329,0,329,0,329,0,329,0,329,0,329,0,329,0,329,0,329,0,329,0,329,0,329,0,329,0,329,0,329,0,329,0,329,0,329,0,329,0,329,0,329,0,329,0,329,0,329,0,329,0,329,0,329,0,329,0,329,0,329,0,329,0,329,0,329,0,329,0,329,0,329,0,329,0,329,0,329,0,329,0,329,0,329,0,329,0,329,0,329,0,329,0,329,0,329,0,329,0,329,0,329,0,329,0,329,0,329,0,329,0,329,0,329,0,329,0,329,0,329,0,329,0,329,0,329,0,329,0,329,0,329,0,329,0,329,0,329,0,329,0,329,0,329,0,329,0,329,0,329,0,329,0,329,0,329,0,329,0,329,0,329,0,329,0,329,0,329,0,329,0,329,0,329,0,329,0,329,0,329,0,329,0,329,0,329,0,329,0,329,0,329,0,329,0,329,0,329,0,329,0,329,0,329,0,329,0,329,0,329,0,329,0,329,0,329,0,329,4,329,0,329,0,329,0,329,0,329,0,329,0,329,0,329,0,329,0,329,0,329,0,329,0,329,0,329,0,329,0,329,0,329,0,329,0,329,0,329,0,329,0,329,0,329,0,329,0,329,0,329,0,329,0,329,0,329,0,329,0,329,0,329,0,329,0,329,0,329,0,329,0,329,0,329,0,329,0,329,0,329,0,329,0,329,0,329,0,329,0,329,0,329,0,329,0,329,0,329,0,329,0,329,0,329,0,329,0,329,0,329,0,329,0,329,0,329,0,329,0,329,0,329,0,329,0,329,0,329,0,329,0,329,0,329,0,329,0,329,0,329,0,329,0,329,0,329,0,329,0,329,0,329,0,329,0,329,0,329,0,329,0,329,0,329,0,329,0,329,0,329,0,329,0,329,0,329,0,329,0,329,0,329,0,329,0,329,0,329,0,329,0,329,0,329,0,329,0,329,0,329,0,329,0,329,0,329,0,329,0,329,0,329,0,329,0,329,0,329,0,329,0,329,0,329,0,329,0,329,0,329,0,329,0,329,0,329,0,329,0,329,0,329,0,329,0,329,0,329,0,329,0,329,0,329,0,329,0,329,0,329,0,329,0,329,0,329,0,329,0,329,0,329,0,329,0,329,0,329,0,329,0,329,0,329,1,329,0,329,0,329,1,329,11,329,0,329,0,329,2,329,0,329,0,329,0,329,0,329,0,329,0,329,0,329,0,329,0,329,0,329,0,329,0,329,0,329,0,329,0,329,0,329,0,329,0,329,0,329,0,329,0,329,0,329,0,329,0,329,0,329,0,329,0,329,0,329,0,329,0,329,0,329,0,329,0,329,0,329,0,329,0,329,0,329,0,329,0,329,0,329,0,329,0,329,0,329,0,329,0,329,0,329,0,329,0,329,0,329,0,329,0,329,0,329,0,329,0,329,0,329,0,329,0,329,0,329,0,329,0,329,0,329,0,329,0,329,0,329,0,329,0,329,0,329,0,329,0,329,0,329,0,329,0,329,0,329,0,329,0,329,0,329,0,329,0,329,0,329,0,329,0,329,0,329,0,329,0,329,0,329,0,329,0,329,0,329,0,329,0,329,0,329,0,329,0,329,0,329,0,329,0,329,0,329,0,329,0,329,0,329,0,329,0,329,0,329,0,329,0,329,0,329,0,329,0,329,0,329,0,329,0,329,0,329,0,329,0,329,0,329,0,329,0,329,0,329,0,329,0,329,0,329,0,329,0,329,0,329,0,329,0,329,0,329,0,329,0,329,0,329,0,329,0,329,0,329,0,329,0,329,0,329,0,329,0,329,0,329,0,329,0,329,0,329,0,329,0,329,21,329,0,329,0,329,5,329,0,329,0,329,0,329,0,329,0,329,0,329,0,329,0,329,0,329,0,329,0,329,0,329,0,329,0,329,0,329,0,329,0,329,0,329,0,329,0,329,0,329,0,329,0,329,0,329,0,329,0,329,0,329,0,329,0,329,0,329,0,329,0,329,0,329,0,329,0,329,0,329,0,329,0,329,0,329,0,329,0,329,0,329,0,329,0,329,0,329,0,329,0,329,0,329,0,329,0,329,0,329,0,329,0,329,0,329,0,329,0,329,0,329,0,329,0,329,0,329,0,329,0,329,0,329,0,329,0,329,0,329,0,329,0,329,0,329,0,329,0,329,0,329,0,329,0,329,0,329,0,329,0,329,0,329,0,329,0,329,0,329,0,329,0,329,0,329,0,329,0,329,0,329,0,329,0,329,0,329,0,329,0,329,0,329,0,329,0,329,0,329,0,329,0,329,0,329,0,329,0,329,0,329,0,329,0,329,0,329,0,329,0,329,0,329,0,329,0,329,0,329,0,329,0,329,0,329,0,329,0,329,0,329,0,329,0,329,0,329,0,329,0,329,0,329,0
,,330,0,330,0,330,0,330,0,330,0,330,0,330,0,330,0,330,0,330,0,330,0,330,0,330,0,330,0,330,0,330,0,330,0,330,0,330,0,330,0,330,0,330,0,330,0,330,0,330,0,330,0,330,0,330,0,330,0,330,0,330,0,330,0,330,0,330,0,330,0,330,0,330,0,330,0,330,0,330,0,330,0,330,0,330,0,330,0,330,0,330,0,330,0,330,0,330,0,330,0,330,0,330,0,330,0,330,0,330,0,330,0,330,0,330,0,330,0,330,0,330,0,330,0,330,0,330,0,330,0,330,0,330,0,330,0,330,0,330,0,330,0,330,0,330,0,330,0,330,0,330,0,330,0,330,0,330,0,330,0,330,0,330,0,330,0,330,0,330,0,330,0,330,0,330,0,330,0,330,0,330,0,330,0,330,0,330,0,330,0,330,0,330,0,330,0,330,0,330,0,330,0,330,0,330,0,330,0,330,0,330,0,330,0,330,0,330,0,330,0,330,0,330,0,330,0,330,0,330,0,330,0,330,0,330,0,330,0,330,0,330,0,330,5,330,0,330,0,330,0,330,0,330,0,330,0,330,0,330,0,330,0,330,0,330,0,330,0,330,0,330,0,330,0,330,0,330,0,330,0,330,0,330,0,330,0,330,0,330,0,330,0,330,0,330,0,330,0,330,0,330,0,330,0,330,0,330,0,330,0,330,0,330,0,330,0,330,0,330,0,330,0,330,0,330,0,330,0,330,0,330,0,330,0,330,0,330,0,330,0,330,0,330,0,330,0,330,0,330,0,330,0,330,0,330,0,330,0,330,0,330,0,330,0,330,0,330,0,330,0,330,0,330,0,330,0,330,0,330,0,330,0,330,0,330,0,330,0,330,0,330,0,330,0,330,0,330,0,330,0,330,0,330,0,330,0,330,0,330,0,330,0,330,0,330,0,330,0,330,0,330,0,330,0,330,0,330,0,330,0,330,0,330,0,330,0,330,0,330,0,330,0,330,0,330,0,330,0,330,0,330,0,330,0,330,0,330,0,330,0,330,0,330,0,330,0,330,0,330,0,330,0,330,0,330,0,330,0,330,0,330,0,330,0,330,0,330,0,330,0,330,0,330,0,330,0,330,0,330,0,330,0,330,0,330,0,330,0,330,0,330,0,330,0,330,0,330,0,330,0,330,0,330,0,330,0,330,0,330,0,330,0,330,0,330,0,330,3,330,0,330,0,330,0,330,0,330,0,330,0,330,0,330,0,330,0,330,0,330,0,330,0,330,0,330,0,330,0,330,0,330,0,330,0,330,0,330,0,330,0,330,0,330,0,330,0,330,0,330,0,330,0,330,0,330,0,330,0,330,0,330,0,330,0,330,0,330,0,330,0,330,0,330,0,330,0,330,0,330,0,330,0,330,0,330,0,330,0,330,0,330,0,330,0,330,0,330,0,330,0,330,0,330,0,330,0,330,0,330,0,330,0,330,0,330,0,330,0,330,0,330,0,330,0,330,0,330,0,330,0,330,0,330,0,330,0,330,0,330,0,330,0,330,0,330,0,330,0,330,0,330,0,330,0,330,0,330,0,330,0,330,0,330,0,330,0,330,0,330,0,330,0,330,0,330,0,330,0,330,0,330,0,330,0,330,0,330,0,330,0,330,0,330,0,330,0,330,0,330,0,330,0,330,0,330,0,330,0,330,0,330,0,330,0,330,0,330,0,330,0,330,0,330,0,330,0,330,0,330,0,330,0,330,0,330,0,330,0,330,0,330,0,330,0,330,0,330,0,330,0,330,0,330,0,330,0,330,0,330,0,330,0,330,0,330,0,330,0,330,0,330,0,330,0,330,0,330,0,330,0,330,0,330,0,330,0,330,0,330,0,330,1,330,24,330,0,330,0,330,16,330,1,330,0,330,0,330,0,330,0,330,0,330,0,330,0,330,0,330,0,330,0,330,0,330,0,330,0,330,0,330,0,330,0,330,0,330,0,330,0,330,0,330,0,330,0,330,0,330,0,330,0,330,0,330,0,330,0,330,0,330,0,330,0,330,0,330,0,330,0,330,0,330,0,330,0,330,0,330,0,330,0,330,0,330,0,330,0,330,0,330,0,330,0,330,0,330,0,330,0,330,0,330,0,330,0,330,0,330,0,330,0,330,0,330,0,330,0,330,0,330,0,330,0,330,0,330,0,330,0,330,0,330,0,330,0,330,0,330,0,330,0,330,0,330,0,330,0,330,0,330,0,330,0,330,0,330,0,330,0,330,0,330,0,330,0,330,0,330,0,330,0,330,0,330,0,330,0,330,0,330,0,330,0,330,0,330,0,330,0,330,0,330,0,330,0,330,0,330,0,330,0,330,0,330,0,330,0,330,0,330,0,330,0,330,0,330,0,330,0,330,0,330,0,330,0,330,0,330,0,330,0,330,0,330,0,330,0,330,0,330,0,330,0,330,0,330,0
,,331,0,331,0,331,0,331,0,331,0,331,0,331,0,331,0,331,0,331,0,331,0,331,0,331,0,331,0,331,0,331,0,331,0,331,0,331,0,331,0,331,0,331,0,331,0,331,0,331,0,331,0,331,0,331,0,331,0,331,0,331,0,331,0,331,0,331,0,331,0,331,0,331,0,331,0,331,0,331,0,331,0,331,0,331,0,331,0,331,0,331,0,331,0,331,0,331,0,331,0,331,0,331,0,331,0,331,0,331,0,331,0,331,0,331,0,331,0,331,0,331,0,331,0,331,0,331,0,331,0,331,0,331,0,331,0,331,0,331,0,331,0,331,0,331,0,331,0,331,0,331,0,331,0,331,0,331,0,331,0,331,0,331,0,331,0,331,0,331,0,331,0,331,0,331,0,331,0,331,0,331,0,331,0,331,0,331,0,331,0,331,0,331,0,331,0,331,0,331,0,331,0,331,0,331,0,331,0,331,0,331,0,331,0,331,0,331,0,331,0,331,0,331,0,331,0,331,0,331,0,331,0,331,0,331,0,331,0,331,0,331,0,331,1,331,0,331,0,331,0,331,0,331,0,331,0,331,0,331,0,331,0,331,0,331,0,331,0,331,0,331,0,331,0,331,0,331,0,331,0,331,0,331,0,331,0,331,0,331,0,331,0,331,0,331,0,331,0,331,0,331,0,331,0,331,0,331,0,331,0,331,0,331,0,331,0,331,0,331,0,331,0,331,0,331,0,331,0,331,0,331,0,331,0,331,0,331,0,331,0,331,0,331,0,331,0,331,0,331,0,331,0,331,0,331,0,331,0,331,0,331,0,331,0,331,0,331,0,331,0,331,0,331,0,331,0,331,0,331,0,331,0,331,0,331,0,331,0,331,0,331,0,331,0,331,0,331,0,331,0,331,0,331,0,331,0,331,0,331,0,331,0,331,0,331,0,331,0,331,0,331,0,331,0,331,0,331,0,331,0,331,0,331,0,331,0,331,0,331,0,331,0,331,0,331,0,331,0,331,0,331,0,331,0,331,0,331,0,331,0,331,0,331,0,331,0,331,0,331,0,331,0,331,0,331,0,331,0,331,0,331,0,331,0,331,0,331,0,331,0,331,0,331,0,331,0,331,0,331,0,331,0,331,0,331,0,331,0,331,0,331,0,331,0,331,0,331,0,331,0,331,0,331,0,331,0,331,0,331,4,331,0,331,0,331,0,331,8,331,0,331,0,331,0,331,0,331,0,331,0,331,0,331,0,331,0,331,0,331,0,331,0,331,0,331,0,331,0,331,0,331,0,331,0,331,0,331,0,331,0,331,0,331,0,331,0,331,0,331,0,331,0,331,0,331,0,331,0,331,0,331,0,331,0,331,0,331,0,331,0,331,0,331,0,331,0,331,0,331,0,331,0,331,0,331,0,331,0,331,0,331,0,331,0,331,0,331,0,331,0,331,0,331,0,331,0,331,0,331,0,331,0,331,0,331,0,331,0,331,0,331,0,331,0,331,0,331,0,331,0,331,0,331,0,331,0,331,0,331,0,331,0,331,0,331,0,331,0,331,0,331,0,331,0,331,0,331,0,331,0,331,0,331,0,331,0,331,0,331,0,331,0,331,0,331,0,331,0,331,0,331,0,331,0,331,0,331,0,331,0,331,0,331,0,331,0,331,0,331,0,331,0,331,0,331,0,331,0,331,0,331,0,331,0,331,0,331,0,331,0,331,0,331,0,331,0,331,0,331,0,331,0,331,0,331,0,331,0,331,0,331,0,331,0,331,0,331,0,331,0,331,0,331,0,331,0,331,0,331,0,331,0,331,0,331,0,331,0,331,0,331,0,331,0,331,0,331,0,331,0,331,0,331,0,331,0,331,0,331,0,331,0,331,16,331,0,331,0,331,14,331,1,331,0,331,0,331,0,331,0,331,0,331,0,331,0,331,0,331,0,331,0,331,0,331,0,331,0,331,0,331,0,331,0,331,0,331,0,331,0,331,0,331,0,331,0,331,0,331,0,331,0,331,0,331,0,331,0,331,0,331,0,331,0,331,0,331,0,331,0,331,0,331,0,331,0,331,0,331,0,331,0,331,0,331,0,331,0,331,0,331,0,331,0,331,0,331,0,331,0,331,0,331,0,331,0,331,0,331,0,331,0,331,0,331,0,331,0,331,0,331,0,331,0,331,0,331,0,331,0,331,0,331,0,331,0,331,0,331,0,331,0,331,0,331,0,331,0,331,0,331,0,331,0,331,0,331,0,331,0,331,0,331,0,331,0,331,0,331,0,331,0,331,0,331,0,331,0,331,0,331,0,331,0,331,0,331,0,331,0,331,0,331,0,331,0,331,0,331,0,331,0,331,0,331,0,331,0,331,0,331,0,331,0,331,0,331,0,331,0,331,0,331,0,331,0,331,0,331,0,331,0,331,0,331,0,331,0,331,0,331,0,331,0,331,0,331,0
,,332,0,332,0,332,0,332,0,332,0,332,0,332,0,332,0,332,0,332,0,332,0,332,0,332,0,332,0,332,0,332,0,332,0,332,0,332,0,332,0,332,0,332,0,332,0,332,0,332,0,332,0,332,0,332,0,332,0,332,0,332,0,332,0,332,0,332,0,332,0,332,0,332,0,332,0,332,0,332,0,332,0,332,0,332,0,332,0,332,0,332,0,332,0,332,0,332,0,332,0,332,0,332,0,332,0,332,0,332,0,332,0,332,0,332,0,332,0,332,0,332,0,332,0,332,0,332,0,332,0,332,0,332,0,332,0,332,0,332,0,332,0,332,0,332,0,332,0,332,0,332,0,332,0,332,0,332,0,332,0,332,0,332,0,332,0,332,0,332,0,332,0,332,0,332,0,332,0,332,0,332,0,332,0,332,0,332,0,332,0,332,0,332,0,332,0,332,0,332,0,332,0,332,0,332,0,332,0,332,0,332,0,332,0,332,0,332,0,332,0,332,0,332,0,332,0,332,0,332,0,332,0,332,0,332,0,332,0,332,0,332,0,332,4,332,0,332,0,332,0,332,0,332,0,332,0,332,0,332,0,332,0,332,0,332,0,332,0,332,0,332,0,332,0,332,0,332,0,332,0,332,0,332,0,332,0,332,0,332,0,332,0,332,0,332,0,332,0,332,0,332,0,332,0,332,0,332,0,332,0,332,0,332,0,332,0,332,0,332,0,332,0,332,0,332,0,332,0,332,0,332,0,332,0,332,0,332,0,332,0,332,0,332,0,332,0,332,0,332,0,332,0,332,0,332,0,332,0,332,0,332,0,332,0,332,0,332,0,332,0,332,0,332,0,332,0,332,0,332,0,332,0,332,0,332,0,332,0,332,0,332,0,332,0,332,0,332,0,332,0,332,0,332,0,332,0,332,0,332,0,332,0,332,0,332,0,332,0,332,0,332,0,332,0,332,0,332,0,332,0,332,0,332,0,332,0,332,0,332,0,332,0,332,0,332,0,332,0,332,0,332,0,332,0,332,0,332,0,332,0,332,0,332,0,332,0,332,0,332,0,332,0,332,0,332,0,332,0,332,0,332,0,332,0,332,0,332,0,332,0,332,0,332,0,332,0,332,0,332,0,332,0,332,0,332,0,332,0,332,0,332,0,332,0,332,0,332,0,332,0,332,0,332,0,332,0,332,0,332,2,332,0,332,0,332,0,332,5,332,0,332,0,332,0,332,0,332,0,332,0,332,0,332,0,332,0,332,0,332,0,332,0,332,0,332,0,332,0,332,0,332,0,332,0,332,0,332,0,332,0,332,0,332,0,332,0,332,0,332,0,332,0,332,0,332,0,332,0,332,0,332,0,332,0,332,0,332,0,332,0,332,0,332,0,332,0,332,0,332,0,332,0,332,0,332,0,332,0,332,0,332,0,332,0,332,0,332,0,332,0,332,0,332,0,332,0,332,0,332,0,332,0,332,0,332,0,332,0,332,0,332,0,332,0,332,0,332,0,332,0,332,0,332,0,332,0,332,0,332,0,332,0,332,0,332,0,332,0,332,0,332,0,332,0,332,0,332,0,332,0,332,0,332,0,332,0,332,0,332,0,332,0,332,0,332,0,332,0,332,0,332,0,332,0,332,0,332,0,332,0,332,0,332,0,332,0,332,0,332,0,332,0,332,0,332,0,332,0,332,0,332,0,332,0,332,0,332,0,332,0,332,0,332,0,332,0,332,0,332,0,332,0,332,0,332,0,332,0,332,0,332,0,332,0,332,0,332,0,332,0,332,0,332,0,332,0,332,0,332,0,332,0,332,0,332,0,332,0,332,0,332,0,332,0,332,0,332,0,332,0,332,0,332,0,332,0,332,0,332,0,332,0,332,25,332,0,332,0,332,15,332,0,332,0,332,0,332,0,332,0,332,0,332,0,332,0,332,0,332,0,332,0,332,0,332,0,332,0,332,0,332,0,332,0,332,0,332,0,332,0,332,0,332,0,332,0,332,0,332,0,332,0,332,0,332,0,332,0,332,0,332,0,332,0,332,0,332,0,332,0,332,0,332,0,332,0,332,0,332,0,332,0,332,0,332,0,332,0,332,0,332,0,332,0,332,0,332,0,332,0,332,0,332,0,332,0,332,0,332,0,332,0,332,0,332,0,332,0,332,0,332,0,332,0,332,0,332,0,332,0,332,0,332,0,332,0,332,0,332,0,332,0,332,0,332,0,332,0,332,0,332,0,332,0,332,0,332,0,332,0,332,0,332,0,332,0,332,0,332,0,332,0,332,0,332,0,332,0,332,0,332,0,332,0,332,0,332,0,332,0,332,0,332,0,332,0,332,0,332,0,332,0,332,0,332,0,332,0,332,0,332,0,332,0,332,0,332,0,332,0,332,0,332,0,332,0,332,0,332,0,332,0,332,0,332,0,332,0,332,0,332,0,332,0,332,0,332,0
,,333,0,333,0,333,0,333,0,333,0,333,0,333,0,333,0,333,0,333,0,333,0,333,0,333,0,333,0,333,0,333,0,333,0,333,0,333,0,333,0,333,0,333,0,333,0,333,0,333,0,333,0,333,0,333,0,333,0,333,0,333,0,333,0,333,0,333,0,333,0,333,0,333,0,333,0,333,0,333,0,333,0,333,0,333,0,333,0,333,0,333,0,333,0,333,0,333,0,333,0,333,0,333,0,333,0,333,0,333,0,333,0,333,0,333,0,333,0,333,0,333,0,333,0,333,0,333,0,333,0,333,0,333,0,333,0,333,0,333,0,333,0,333,0,333,0,333,0,333,0,333,0,333,0,333,0,333,0,333,0,333,0,333,0,333,0,333,0,333,0,333,0,333,0,333,0,333,0,333,0,333,0,333,0,333,0,333,0,333,0,333,0,333,0,333,0,333,0,333,0,333,0,333,0,333,0,333,0,333,0,333,0,333,0,333,0,333,0,333,0,333,0,333,0,333,0,333,0,333,0,333,0,333,0,333,0,333,0,333,0,333,0,333,11,333,0,333,0,333,0,333,0,333,0,333,0,333,0,333,0,333,0,333,0,333,0,333,0,333,0,333,0,333,0,333,0,333,0,333,0,333,0,333,0,333,0,333,0,333,0,333,0,333,0,333,0,333,0,333,0,333,0,333,0,333,0,333,0,333,0,333,0,333,0,333,0,333,0,333,0,333,0,333,0,333,0,333,0,333,0,333,0,333,0,333,0,333,0,333,0,333,0,333,0,333,0,333,0,333,0,333,0,333,0,333,0,333,0,333,0,333,0,333,0,333,0,333,0,333,0,333,0,333,0,333,0,333,0,333,0,333,0,333,0,333,0,333,0,333,0,333,0,333,0,333,0,333,0,333,0,333,0,333,0,333,0,333,0,333,0,333,0,333,0,333,0,333,0,333,0,333,0,333,0,333,0,333,0,333,0,333,0,333,0,333,0,333,0,333,0,333,0,333,0,333,0,333,0,333,0,333,0,333,0,333,0,333,0,333,0,333,0,333,0,333,0,333,0,333,0,333,0,333,0,333,0,333,0,333,0,333,0,333,0,333,0,333,0,333,0,333,0,333,0,333,0,333,0,333,0,333,0,333,0,333,0,333,0,333,0,333,0,333,0,333,0,333,0,333,0,333,0,333,0,333,0,333,0,333,0,333,0,333,0,333,0,333,5,333,0,333,0,333,2,333,0,333,0,333,0,333,0,333,0,333,0,333,0,333,0,333,0,333,0,333,0,333,0,333,0,333,0,333,0,333,0,333,0,333,0,333,0,333,0,333,0,333,0,333,0,333,0,333,0,333,0,333,0,333,0,333,0,333,0,333,0,333,0,333,0,333,0,333,0,333,0,333,0,333,0,333,0,333,0,333,0,333,0,333,0,333,0,333,0,333,0,333,0,333,0,333,0,333,0,333,0,333,0,333,0,333,0,333,0,333,0,333,0,333,0,333,0,333,0,333,0,333,0,333,0,333,0,333,0,333,0,333,0,333,0,333,0,333,0,333,0,333,0,333,0,333,0,333,0,333,0,333,0,333,0,333,0,333,0,333,0,333,0,333,0,333,0,333,0,333,0,333,0,333,0,333,0,333,0,333,0,333,0,333,0,333,0,333,0,333,0,333,0,333,0,333,0,333,0,333,0,333,0,333,0,333,0,333,0,333,0,333,0,333,0,333,0,333,0,333,0,333,0,333,0,333,0,333,0,333,0,333,0,333,0,333,0,333,0,333,0,333,0,333,0,333,0,333,0,333,0,333,0,333,0,333,0,333,0,333,0,333,0,333,0,333,0,333,0,333,0,333,0,333,0,333,0,333,0,333,0,333,0,333,0,333,0,333,19,333,0,333,0,333,8,333,0,333,0,333,0,333,0,333,0,333,0,333,0,333,0,333,0,333,0,333,0,333,0,333,0,333,0,333,0,333,0,333,0,333,0,333,0,333,0,333,0,333,0,333,0,333,0,333,0,333,0,333,0,333,0,333,0,333,0,333,0,333,0,333,0,333,0,333,0,333,0,333,0,333,0,333,0,333,0,333,0,333,0,333,0,333,0,333,0,333,0,333,0,333,0,333,0,333,0,333,0,333,0,333,0,333,0,333,0,333,0,333,0,333,0,333,0,333,0,333,0,333,0,333,0,333,0,333,0,333,0,333,0,333,0,333,0,333,0,333,0,333,0,333,0,333,0,333,0,333,0,333,0,333,0,333,0,333,0,333,0,333,0,333,0,333,0,333,0,333,0,333,0,333,0,333,0,333,0,333,0,333,0,333,0,333,0,333,0,333,0,333,0,333,0,333,0,333,0,333,0,333,0,333,0,333,0,333,0,333,0,333,0,333,0,333,0,333,0,333,0,333,0,333,0,333,0,333,0,333,0,333,0,333,0,333,0,333,0,333,0,333,0,333,0,333,0
,,334,0,334,0,334,0,334,0,334,0,334,0,334,0,334,0,334,0,334,0,334,0,334,0,334,0,334,0,334,0,334,0,334,0,334,0,334,0,334,0,334,0,334,0,334,0,334,0,334,0,334,0,334,0,334,0,334,0,334,0,334,0,334,0,334,0,334,0,334,0,334,0,334,0,334,0,334,0,334,0,334,0,334,0,334,0,334,0,334,0,334,0,334,0,334,0,334,0,334,0,334,0,334,0,334,0,334,0,334,0,334,0,334,0,334,0,334,0,334,0,334,0,334,0,334,0,334,0,334,0,334,0,334,0,334,0,334,0,334,0,334,0,334,0,334,0,334,0,334,0,334,0,334,0,334,0,334,0,334,0,334,0,334,0,334,0,334,0,334,0,334,0,334,0,334,0,334,0,334,0,334,0,334,0,334,0,334,0,334,0,334,0,334,0,334,0,334,0,334,0,334,0,334,0,334,0,334,0,334,0,334,0,334,0,334,0,334,0,334,0,334,0,334,0,334,0,334,0,334,0,334,0,334,0,334,0,334,0,334,0,334,0,334,8,334,0,334,0,334,0,334,0,334,0,334,0,334,0,334,0,334,0,334,0,334,0,334,0,334,0,334,0,334,0,334,0,334,0,334,0,334,0,334,0,334,0,334,0,334,0,334,0,334,0,334,0,334,0,334,0,334,0,334,0,334,0,334,0,334,0,334,0,334,0,334,0,334,0,334,0,334,0,334,0,334,0,334,0,334,0,334,0,334,0,334,0,334,0,334,0,334,0,334,0,334,0,334,0,334,0,334,0,334,0,334,0,334,0,334,0,334,0,334,0,334,0,334,0,334,0,334,0,334,0,334,0,334,0,334,0,334,0,334,0,334,0,334,0,334,0,334,0,334,0,334,0,334,0,334,0,334,0,334,0,334,0,334,0,334,0,334,0,334,0,334,0,334,0,334,0,334,0,334,0,334,0,334,0,334,0,334,0,334,0,334,0,334,0,334,0,334,0,334,0,334,0,334,0,334,0,334,0,334,0,334,0,334,0,334,0,334,0,334,0,334,0,334,0,334,0,334,0,334,0,334,0,334,0,334,0,334,0,334,0,334,0,334,0,334,0,334,0,334,0,334,0,334,0,334,0,334,0,334,0,334,0,334,0,334,0,334,0,334,0,334,0,334,0,334,0,334,0,334,0,334,0,334,0,334,0,334,0,334,0,334,0,334,2,334,0,334,0,334,0,334,0,334,0,334,0,334,0,334,0,334,0,334,0,334,0,334,0,334,0,334,0,334,0,334,0,334,0,334,0,334,0,334,0,334,0,334,0,334,0,334,0,334,0,334,0,334,0,334,0,334,0,334,0,334,0,334,0,334,0,334,0,334,0,334,0,334,0,334,0,334,0,334,0,334,0,334,0,334,0,334,0,334,0,334,0,334,0,334,0,334,0,334,0,334,0,334,0,334,0,334,0,334,0,334,0,334,0,334,0,334,0,334,0,334,0,334,0,334,0,334,0,334,0,334,0,334,0,334,0,334,0,334,0,334,0,334,0,334,0,334,0,334,0,334,0,334,0,334,0,334,0,334,0,334,0,334,0,334,0,334,0,334,0,334,0,334,0,334,0,334,0,334,0,334,0,334,0,334,0,334,0,334,0,334,0,334,0,334,0,334,0,334,0,334,0,334,0,334,0,334,0,334,0,334,0,334,0,334,0,334,0,334,0,334,0,334,0,334,0,334,0,334,0,334,0,334,0,334,0,334,0,334,0,334,0,334,0,334,0,334,0,334,0,334,0,334,0,334,0,334,0,334,0,334,0,334,0,334,0,334,0,334,0,334,0,334,0,334,0,334,0,334,0,334,0,334,0,334,0,334,0,334,0,334,0,334,0,334,30,334,0,334,0,334,9,334,0,334,0,334,0,334,0,334,0,334,0,334,0,334,0,334,0,334,0,334,0,334,0,334,0,334,0,334,0,334,0,334,0,334,0,334,0,334,0,334,0,334,0,334,0,334,0,334,0,334,0,334,0,334,0,334,0,334,0,334,0,334,0,334,0,334,0,334,0,334,0,334,0,334,0,334,0,334,0,334,0,334,0,334,0,334,0,334,0,334,0,334,0,334,0,334,0,334,0,334,0,334,0,334,0,334,0,334,0,334,0,334,0,334,0,334,0,334,0,334,0,334,0,334,0,334,0,334,0,334,0,334,0,334,0,334,0,334,0,334,0,334,0,334,0,334,0,334,0,334,0,334,0,334,0,334,0,334,0,334,0,334,0,334,0,334,0,334,0,334,0,334,0,334,0,334,0,334,0,334,0,334,0,334,0,334,0,334,0,334,0,334,0,334,0,334,0,334,0,334,0,334,0,334,0,334,0,334,0,334,0,334,0,334,0,334,0,334,0,334,0,334,0,334,0,334,0,334,0,334,0,334,0,334,0,334,0,334,0,334,0,334,0,334,0,334,0
,,335,0,335,0,335,0,335,0,335,0,335,0,335,0,335,0,335,0,335,0,335,0,335,0,335,0,335,0,335,0,335,0,335,0,335,0,335,0,335,0,335,0,335,0,335,0,335,0,335,0,335,0,335,0,335,0,335,0,335,0,335,0,335,0,335,0,335,0,335,0,335,0,335,0,335,0,335,0,335,0,335,0,335,0,335,0,335,0,335,0,335,0,335,0,335,0,335,0,335,0,335,0,335,0,335,0,335,0,335,0,335,0,335,0,335,0,335,0,335,0,335,0,335,0,335,0,335,0,335,0,335,0,335,0,335,0,335,0,335,0,335,0,335,0,335,0,335,0,335,0,335,0,335,0,335,0,335,0,335,0,335,0,335,0,335,0,335,0,335,0,335,0,335,0,335,0,335,0,335,0,335,0,335,0,335,0,335,0,335,0,335,0,335,0,335,0,335,0,335,0,335,0,335,0,335,0,335,0,335,0,335,0,335,0,335,0,335,0,335,0,335,0,335,0,335,0,335,0,335,0,335,0,335,0,335,0,335,0,335,0,335,0,335,0,335,0,335,0,335,0,335,0,335,0,335,0,335,0,335,0,335,0,335,0,335,0,335,0,335,0,335,0,335,0,335,0,335,0,335,0,335,0,335,0,335,0,335,0,335,0,335,0,335,0,335,0,335,0,335,0,335,0,335,0,335,0,335,0,335,0,335,0,335,0,335,0,335,0,335,0,335,0,335,0,335,0,335,0,335,0,335,0,335,0,335,0,335,0,335,0,335,0,335,0,335,0,335,0,335,0,335,0,335,0,335,0,335,0,335,0,335,0,335,0,335,0,335,0,335,0,335,0,335,0,335,0,335,0,335,0,335,0,335,0,335,0,335,0,335,0,335,0,335,0,335,0,335,0,335,0,335,0,335,0,335,0,335,0,335,0,335,0,335,0,335,0,335,0,335,0,335,0,335,0,335,0,335,0,335,0,335,0,335,0,335,0,335,0,335,0,335,0,335,0,335,0,335,0,335,0,335,0,335,0,335,0,335,0,335,0,335,0,335,0,335,0,335,0,335,0,335,0,335,0,335,0,335,0,335,0,335,0,335,0,335,0,335,0,335,0,335,0,335,0,335,0,335,0,335,0,335,0,335,0,335,0,335,0,335,0,335,0,335,0,335,0,335,0,335,0,335,0,335,0,335,0,335,0,335,6,335,0,335,0,335,1,335,8,335,0,335,0,335,0,335,0,335,0,335,0,335,0,335,0,335,0,335,0,335,0,335,0,335,0,335,0,335,0,335,0,335,0,335,0,335,0,335,0,335,0,335,0,335,0,335,0,335,0,335,0,335,0,335,0,335,0,335,0,335,0,335,0,335,0,335,0,335,0,335,0,335,0,335,0,335,0,335,0,335,0,335,0,335,0,335,0,335,0,335,0,335,0,335,0,335,0,335,0,335,0,335,0,335,0,335,0,335,0,335,0,335,0,335,0,335,0,335,0,335,0,335,0,335,0,335,0,335,0,335,0,335,0,335,0,335,0,335,0,335,0,335,0,335,0,335,0,335,0,335,0,335,0,335,0,335,0,335,0,335,0,335,0,335,0,335,0,335,0,335,0,335,0,335,0,335,0,335,0,335,0,335,0,335,0,335,0,335,0,335,0,335,0,335,0,335,0,335,0,335,0,335,0,335,0,335,0,335,0,335,0,335,0,335,0,335,0,335,0,335,0,335,0,335,0,335,0,335,0,335,0,335,0,335,0,335,0,335,0,335,0,335,0,335,0,335,0,335,0,335,0,335,0,335,0,335,0,335,0,335,0,335,0,335,0,335,0,335,0,335,0,335,0,335,0,335,0,335,0,335,0,335,0,335,0,335,0,335,0,335,0,335,0,335,16,335,0,335,0,335,10,335,4,335,0,335,0,335,0,335,0,335,0,335,0,335,0,335,0,335,0,335,0,335,0,335,0,335,0,335,0,335,0,335,0,335,0,335,0,335,0,335,0,335,0,335,0,335,0,335,0,335,0,335,0,335,0,335,0,335,0,335,0,335,0,335,0,335,0,335,0,335,0,335,0,335,0,335,0,335,0,335,0,335,0,335,0,335,0,335,0,335,0,335,0,335,0,335,0,335,0,335,0,335,0,335,0,335,0,335,0,335,0,335,0,335,0,335,0,335,0,335,0,335,0,335,0,335,0,335,0,335,0,335,0,335,0,335,0,335,0,335,0,335,0,335,0,335,0,335,0,335,0,335,0,335,0,335,0,335,0,335,0,335,0,335,0,335,0,335,0,335,0,335,0,335,0,335,0,335,0,335,0,335,0,335,0,335,0,335,0,335,0,335,0,335,0,335,0,335,0,335,0,335,0,335,0,335,0,335,0,335,0,335,0,335,0,335,0,335,0,335,0,335,0,335,0,335,0,335,0,335,0,335,0,335,0,335,0,335,0,335,0,335,0,335,0,335,0
,,336,0,336,0,336,0,336,0,336,0,336,0,336,0,336,0,336,0,336,0,336,0,336,0,336,0,336,0,336,0,336,0,336,0,336,0,336,0,336,0,336,0,336,0,336,0,336,0,336,0,336,0,336,0,336,0,336,0,336,0,336,0,336,0,336,0,336,0,336,0,336,0,336,0,336,0,336,0,336,0,336,0,336,0,336,0,336,0,336,0,336,0,336,0,336,0,336,0,336,0,336,0,336,0,336,0,336,0,336,0,336,0,336,0,336,0,336,0,336,0,336,0,336,0,336,0,336,0,336,0,336,0,336,0,336,0,336,0,336,0,336,0,336,0,336,0,336,0,336,0,336,0,336,0,336,0,336,0,336,0,336,0,336,0,336,0,336,0,336,0,336,0,336,0,336,0,336,0,336,0,336,0,336,0,336,0,336,0,336,0,336,0,336,0,336,0,336,0,336,0,336,0,336,0,336,0,336,0,336,0,336,0,336,0,336,0,336,0,336,0,336,0,336,0,336,0,336,0,336,0,336,0,336,0,336,0,336,0,336,0,336,0,336,0,336,0,336,0,336,0,336,0,336,0,336,0,336,0,336,0,336,0,336,0,336,0,336,0,336,0,336,0,336,0,336,0,336,0,336,0,336,0,336,0,336,0,336,0,336,0,336,0,336,0,336,0,336,0,336,0,336,0,336,0,336,0,336,0,336,0,336,0,336,0,336,0,336,0,336,0,336,0,336,0,336,0,336,0,336,0,336,0,336,0,336,0,336,0,336,0,336,0,336,0,336,0,336,0,336,0,336,0,336,0,336,0,336,0,336,0,336,0,336,0,336,0,336,0,336,0,336,0,336,0,336,0,336,0,336,0,336,0,336,0,336,0,336,0,336,0,336,0,336,0,336,0,336,0,336,0,336,0,336,0,336,0,336,0,336,0,336,0,336,0,336,0,336,0,336,0,336,0,336,0,336,0,336,0,336,0,336,0,336,0,336,0,336,0,336,0,336,0,336,0,336,0,336,0,336,0,336,0,336,0,336,0,336,0,336,0,336,0,336,0,336,0,336,0,336,0,336,0,336,0,336,0,336,0,336,0,336,0,336,0,336,0,336,0,336,0,336,0,336,0,336,0,336,0,336,0,336,0,336,0,336,0,336,0,336,0,336,0,336,0,336,0,336,0,336,0,336,0,336,0,336,0,336,0,336,8,336,0,336,0,336,1,336,4,336,0,336,0,336,0,336,0,336,0,336,0,336,0,336,0,336,0,336,0,336,0,336,0,336,0,336,0,336,0,336,0,336,0,336,0,336,0,336,0,336,0,336,0,336,0,336,0,336,0,336,0,336,0,336,0,336,0,336,0,336,0,336,0,336,0,336,0,336,0,336,0,336,0,336,0,336,0,336,0,336,0,336,0,336,0,336,0,336,0,336,0,336,0,336,0,336,0,336,0,336,0,336,0,336,0,336,0,336,0,336,0,336,0,336,0,336,0,336,0,336,0,336,0,336,0,336,0,336,0,336,0,336,0,336,0,336,0,336,0,336,0,336,0,336,0,336,0,336,0,336,0,336,0,336,0,336,0,336,0,336,0,336,0,336,0,336,0,336,0,336,0,336,0,336,0,336,0,336,0,336,0,336,0,336,0,336,0,336,0,336,0,336,0,336,0,336,0,336,0,336,0,336,0,336,0,336,0,336,0,336,0,336,0,336,0,336,0,336,0,336,0,336,0,336,0,336,0,336,0,336,0,336,0,336,0,336,0,336,0,336,0,336,0,336,0,336,0,336,0,336,0,336,0,336,0,336,0,336,0,336,0,336,0,336,0,336,0,336,0,336,0,336,0,336,0,336,0,336,0,336,0,336,0,336,0,336,0,336,0,336,0,336,0,336,9,336,0,336,0,336,17,336,5,336,0,336,0,336,0,336,0,336,0,336,0,336,0,336,0,336,0,336,0,336,0,336,0,336,0,336,0,336,0,336,0,336,0,336,0,336,0,336,0,336,0,336,0,336,0,336,0,336,0,336,0,336,0,336,0,336,0,336,0,336,0,336,0,336,0,336,0,336,0,336,0,336,0,336,0,336,0,336,0,336,0,336,0,336,0,336,0,336,0,336,0,336,0,336,0,336,0,336,0,336,0,336,0,336,0,336,0,336,0,336,0,336,0,336,0,336,0,336,0,336,0,336,0,336,0,336,0,336,0,336,0,336,0,336,0,336,0,336,0,336,0,336,0,336,0,336,0,336,0,336,0,336,0,336,0,336,0,336,0,336,0,336,0,336,0,336,0,336,0,336,0,336,0,336,0,336,0,336,0,336,0,336,0,336,0,336,0,336,0,336,0,336,0,336,0,336,0,336,0,336,0,336,0,336,0,336,0,336,0,336,0,336,0,336,0,336,0,336,0,336,0,336,0,336,0,336,0,336,0,336,0,336,0,336,0,336,0,336,0,336,0,336,0,336,0
,,337,0,337,0,337,0,337,0,337,0,337,0,337,0,337,0,337,0,337,0,337,0,337,0,337,0,337,0,337,0,337,0,337,0,337,0,337,0,337,0,337,0,337,0,337,0,337,0,337,0,337,0,337,0,337,0,337,0,337,0,337,0,337,0,337,0,337,0,337,0,337,0,337,0,337,0,337,0,337,0,337,0,337,0,337,0,337,0,337,0,337,0,337,0,337,0,337,0,337,0,337,0,337,0,337,0,337,0,337,0,337,0,337,0,337,0,337,0,337,0,337,0,337,0,337,0,337,0,337,0,337,0,337,0,337,0,337,0,337,0,337,0,337,0,337,0,337,0,337,0,337,0,337,0,337,0,337,0,337,0,337,0,337,0,337,0,337,0,337,0,337,0,337,0,337,0,337,0,337,0,337,0,337,0,337,0,337,0,337,0,337,0,337,0,337,0,337,0,337,0,337,0,337,0,337,0,337,0,337,0,337,0,337,0,337,0,337,0,337,0,337,0,337,0,337,0,337,0,337,0,337,0,337,0,337,0,337,0,337,0,337,0,337,0,337,0,337,0,337,0,337,0,337,0,337,0,337,0,337,0,337,0,337,0,337,0,337,0,337,0,337,0,337,0,337,0,337,0,337,0,337,0,337,0,337,0,337,0,337,0,337,0,337,0,337,0,337,0,337,0,337,0,337,0,337,0,337,0,337,0,337,0,337,0,337,0,337,0,337,0,337,0,337,0,337,0,337,0,337,0,337,0,337,0,337,0,337,0,337,0,337,0,337,0,337,0,337,0,337,0,337,0,337,0,337,0,337,0,337,0,337,0,337,0,337,0,337,0,337,0,337,0,337,0,337,0,337,0,337,0,337,0,337,0,337,0,337,0,337,0,337,0,337,0,337,0,337,0,337,0,337,0,337,0,337,0,337,0,337,0,337,0,337,0,337,0,337,0,337,0,337,0,337,0,337,0,337,0,337,0,337,0,337,0,337,0,337,0,337,0,337,0,337,0,337,0,337,0,337,0,337,0,337,0,337,0,337,0,337,0,337,0,337,0,337,0,337,0,337,0,337,0,337,0,337,0,337,0,337,0,337,0,337,0,337,0,337,0,337,0,337,0,337,0,337,0,337,0,337,0,337,0,337,0,337,0,337,0,337,0,337,0,337,0,337,0,337,0,337,0,337,0,337,0,337,0,337,0,337,6,337,0,337,0,337,1,337,7,337,0,337,0,337,0,337,0,337,0,337,0,337,0,337,0,337,0,337,0,337,0,337,0,337,0,337,0,337,0,337,0,337,0,337,0,337,0,337,0,337,0,337,0,337,0,337,0,337,0,337,0,337,0,337,0,337,0,337,0,337,0,337,0,337,0,337,0,337,0,337,0,337,0,337,0,337,0,337,0,337,0,337,0,337,0,337,0,337,0,337,0,337,0,337,0,337,0,337,0,337,0,337,0,337,0,337,0,337,0,337,0,337,0,337,0,337,0,337,0,337,0,337,0,337,0,337,0,337,0,337,0,337,0,337,0,337,0,337,0,337,0,337,0,337,0,337,0,337,0,337,0,337,0,337,0,337,0,337,0,337,0,337,0,337,0,337,0,337,0,337,0,337,0,337,0,337,0,337,0,337,0,337,0,337,0,337,0,337,0,337,0,337,0,337,0,337,0,337,0,337,0,337,0,337,0,337,0,337,0,337,0,337,0,337,0,337,0,337,0,337,0,337,0,337,0,337,0,337,0,337,0,337,0,337,0,337,0,337,0,337,0,337,0,337,0,337,0,337,0,337,0,337,0,337,0,337,0,337,0,337,0,337,0,337,0,337,0,337,0,337,0,337,0,337,0,337,0,337,0,337,0,337,0,337,0,337,0,337,0,337,0,337,0,337,14,337,0,337,0,337,12,337,1,337,0,337,0,337,0,337,0,337,0,337,0,337,0,337,0,337,0,337,0,337,0,337,0,337,0,337,0,337,0,337,0,337,0,337,0,337,0,337,0,337,0,337,0,337,0,337,0,337,0,337,0,337,0,337,0,337,0,337,0,337,0,337,0,337,0,337,0,337,0,337,0,337,0,337,0,337,0,337,0,337,0,337,0,337,0,337,0,337,0,337,0,337,0,337,0,337,0,337,0,337,0,337,0,337,0,337,0,337,0,337,0,337,0,337,0,337,0,337,0,337,0,337,0,337,0,337,0,337,0,337,0,337,0,337,0,337,0,337,0,337,0,337,0,337,0,337,0,337,0,337,0,337,0,337,0,337,0,337,0,337,0,337,0,337,0,337,0,337,0,337,0,337,0,337,0,337,0,337,0,337,0,337,0,337,0,337,0,337,0,337,0,337,0,337,0,337,0,337,0,337,0,337,0,337,0,337,0,337,0,337,0,337,0,337,0,337,0,337,0,337,0,337,0,337,0,337,0,337,0,337,0,337,0,337,0,337,0,337,0,337,0,337,0,337,0
,,338,0,338,0,338,0,338,0,338,0,338,0,338,0,338,0,338,0,338,0,338,0,338,0,338,0,338,0,338,0,338,0,338,0,338,0,338,0,338,0,338,0,338,0,338,0,338,0,338,0,338,0,338,0,338,0,338,0,338,0,338,0,338,0,338,0,338,0,338,0,338,0,338,0,338,0,338,0,338,0,338,0,338,0,338,0,338,0,338,0,338,0,338,0,338,0,338,0,338,0,338,0,338,0,338,0,338,0,338,0,338,0,338,0,338,0,338,0,338,0,338,0,338,0,338,0,338,0,338,0,338,0,338,0,338,0,338,0,338,0,338,0,338,0,338,0,338,0,338,0,338,0,338,0,338,0,338,0,338,0,338,0,338,0,338,0,338,0,338,0,338,0,338,0,338,0,338,0,338,0,338,0,338,0,338,0,338,0,338,0,338,0,338,0,338,0,338,0,338,0,338,0,338,0,338,0,338,0,338,0,338,0,338,0,338,0,338,0,338,0,338,0,338,0,338,0,338,0,338,0,338,0,338,0,338,0,338,0,338,0,338,0,338,7,338,0,338,0,338,0,338,0,338,0,338,0,338,0,338,0,338,0,338,0,338,0,338,0,338,0,338,0,338,0,338,0,338,0,338,0,338,0,338,0,338,0,338,0,338,0,338,0,338,0,338,0,338,0,338,0,338,0,338,0,338,0,338,0,338,0,338,0,338,0,338,0,338,0,338,0,338,0,338,0,338,0,338,0,338,0,338,0,338,0,338,0,338,0,338,0,338,0,338,0,338,0,338,0,338,0,338,0,338,0,338,0,338,0,338,0,338,0,338,0,338,0,338,0,338,0,338,0,338,0,338,0,338,0,338,0,338,0,338,0,338,0,338,0,338,0,338,0,338,0,338,0,338,0,338,0,338,0,338,0,338,0,338,0,338,0,338,0,338,0,338,0,338,0,338,0,338,0,338,0,338,0,338,0,338,0,338,0,338,0,338,0,338,0,338,0,338,0,338,0,338,0,338,0,338,0,338,0,338,0,338,0,338,0,338,0,338,0,338,0,338,0,338,0,338,0,338,0,338,0,338,0,338,0,338,0,338,0,338,0,338,0,338,0,338,0,338,0,338,0,338,0,338,0,338,0,338,0,338,0,338,0,338,0,338,0,338,0,338,0,338,0,338,0,338,0,338,0,338,0,338,0,338,0,338,0,338,0,338,0,338,1,338,3,338,0,338,0,338,0,338,0,338,0,338,0,338,0,338,0,338,0,338,0,338,0,338,0,338,0,338,0,338,0,338,0,338,0,338,0,338,0,338,0,338,0,338,0,338,0,338,0,338,0,338,0,338,0,338,0,338,0,338,0,338,0,338,0,338,0,338,0,338,0,338,0,338,0,338,0,338,0,338,0,338,0,338,0,338,0,338,0,338,0,338,0,338,0,338,0,338,0,338,0,338,0,338,0,338,0,338,0,338,0,338,0,338,0,338,0,338,0,338,0,338,0,338,0,338,0,338,0,338,0,338,0,338,0,338,0,338,0,338,0,338,0,338,0,338,0,338,0,338,0,338,0,338,0,338,0,338,0,338,0,338,0,338,0,338,0,338,0,338,0,338,0,338,0,338,0,338,0,338,0,338,0,338,0,338,0,338,0,338,0,338,0,338,0,338,0,338,0,338,0,338,0,338,0,338,0,338,0,338,0,338,0,338,0,338,0,338,0,338,0,338,0,338,0,338,0,338,0,338,0,338,0,338,0,338,0,338,0,338,0,338,0,338,0,338,0,338,0,338,0,338,0,338,0,338,0,338,0,338,0,338,0,338,0,338,0,338,0,338,0,338,0,338,0,338,0,338,0,338,0,338,0,338,0,338,0,338,0,338,0,338,0,338,0,338,18,338,0,338,0,338,13,338,0,338,0,338,0,338,0,338,0,338,0,338,0,338,0,338,0,338,0,338,0,338,0,338,0,338,0,338,0,338,0,338,0,338,0,338,0,338,0,338,0,338,0,338,0,338,0,338,0,338,0,338,0,338,0,338,0,338,0,338,0,338,0,338,0,338,0,338,0,338,0,338,0,338,0,338,0,338,0,338,0,338,0,338,0,338,0,338,0,338,0,338,0,338,0,338,0,338,0,338,0,338,0,338,0,338,0,338,0,338,0,338,0,338,0,338,0,338,0,338,0,338,0,338,0,338,0,338,0,338,0,338,0,338,0,338,0,338,0,338,0,338,0,338,0,338,0,338,0,338,0,338,0,338,0,338,0,338,0,338,0,338,0,338,0,338,0,338,0,338,0,338,0,338,0,338,0,338,0,338,0,338,0,338,0,338,0,338,0,338,0,338,0,338,0,338,0,338,0,338,0,338,0,338,0,338,0,338,0,338,0,338,0,338,0,338,0,338,0,338,0,338,0,338,0,338,0,338,0,338,0,338,0,338,0,338,0,338,0,338,0,338,0,338,0,338,0
,,339,0,339,0,339,0,339,0,339,0,339,0,339,0,339,0,339,0,339,0,339,0,339,0,339,0,339,0,339,0,339,0,339,0,339,0,339,0,339,0,339,0,339,0,339,0,339,0,339,0,339,0,339,0,339,0,339,0,339,0,339,0,339,0,339,0,339,0,339,0,339,0,339,0,339,0,339,0,339,0,339,0,339,0,339,0,339,0,339,0,339,0,339,0,339,0,339,0,339,0,339,0,339,0,339,0,339,0,339,0,339,0,339,0,339,0,339,0,339,0,339,0,339,0,339,0,339,0,339,0,339,0,339,0,339,0,339,0,339,0,339,0,339,0,339,0,339,0,339,0,339,0,339,0,339,0,339,0,339,0,339,0,339,0,339,0,339,0,339,0,339,0,339,0,339,0,339,0,339,0,339,0,339,0,339,0,339,0,339,0,339,0,339,0,339,0,339,0,339,0,339,0,339,0,339,0,339,0,339,0,339,0,339,0,339,0,339,0,339,0,339,0,339,0,339,0,339,0,339,0,339,0,339,0,339,0,339,0,339,0,339,0,339,7,339,0,339,0,339,0,339,0,339,0,339,0,339,0,339,0,339,0,339,0,339,0,339,0,339,0,339,0,339,0,339,0,339,0,339,0,339,0,339,0,339,0,339,0,339,0,339,0,339,0,339,0,339,0,339,0,339,0,339,0,339,0,339,0,339,0,339,0,339,0,339,0,339,0,339,0,339,0,339,0,339,0,339,0,339,0,339,0,339,0,339,0,339,0,339,0,339,0,339,0,339,0,339,0,339,0,339,0,339,0,339,0,339,0,339,0,339,0,339,0,339,0,339,0,339,0,339,0,339,0,339,0,339,0,339,0,339,0,339,0,339,0,339,0,339,0,339,0,339,0,339,0,339,0,339,0,339,0,339,0,339,0,339,0,339,0,339,0,339,0,339,0,339,0,339,0,339,0,339,0,339,0,339,0,339,0,339,0,339,0,339,0,339,0,339,0,339,0,339,0,339,0,339,0,339,0,339,0,339,0,339,0,339,0,339,0,339,0,339,0,339,0,339,0,339,0,339,0,339,0,339,0,339,0,339,0,339,0,339,0,339,0,339,0,339,0,339,0,339,0,339,0,339,0,339,0,339,0,339,0,339,0,339,0,339,0,339,0,339,0,339,0,339,0,339,0,339,0,339,0,339,0,339,0,339,0,339,0,339,0,339,0,339,7,339,0,339,0,339,0,339,0,339,0,339,0,339,0,339,0,339,0,339,0,339,0,339,0,339,0,339,0,339,0,339,0,339,0,339,0,339,0,339,0,339,0,339,0,339,0,339,0,339,0,339,0,339,0,339,0,339,0,339,0,339,0,339,0,339,0,339,0,339,0,339,0,339,0,339,0,339,0,339,0,339,0,339,0,339,0,339,0,339,0,339,0,339,0,339,0,339,0,339,0,339,0,339,0,339,0,339,0,339,0,339,0,339,0,339,0,339,0,339,0,339,0,339,0,339,0,339,0,339,0,339,0,339,0,339,0,339,0,339,0,339,0,339,0,339,0,339,0,339,0,339,0,339,0,339,0,339,0,339,0,339,0,339,0,339,0,339,0,339,0,339,0,339,0,339,0,339,0,339,0,339,0,339,0,339,0,339,0,339,0,339,0,339,0,339,0,339,0,339,0,339,0,339,0,339,0,339,0,339,0,339,0,339,0,339,0,339,0,339,0,339,0,339,0,339,0,339,0,339,0,339,0,339,0,339,0,339,0,339,0,339,0,339,0,339,0,339,0,339,0,339,0,339,0,339,0,339,0,339,0,339,0,339,0,339,0,339,0,339,0,339,0,339,0,339,0,339,0,339,0,339,0,339,0,339,0,339,0,339,0,339,0,339,0,339,24,339,0,339,0,339,11,339,0,339,0,339,0,339,0,339,0,339,0,339,0,339,0,339,0,339,0,339,0,339,0,339,0,339,0,339,0,339,0,339,0,339,0,339,0,339,0,339,0,339,0,339,0,339,0,339,0,339,0,339,0,339,0,339,0,339,0,339,0,339,0,339,0,339,0,339,0,339,0,339,0,339,0,339,0,339,0,339,0,339,0,339,0,339,0,339,0,339,0,339,0,339,0,339,0,339,0,339,0,339,0,339,0,339,0,339,0,339,0,339,0,339,0,339,0,339,0,339,0,339,0,339,0,339,0,339,0,339,0,339,0,339,0,339,0,339,0,339,0,339,0,339,0,339,0,339,0,339,0,339,0,339,0,339,0,339,0,339,0,339,0,339,0,339,0,339,0,339,0,339,0,339,0,339,0,339,0,339,0,339,0,339,0,339,0,339,0,339,0,339,0,339,0,339,0,339,0,339,0,339,0,339,0,339,0,339,0,339,0,339,0,339,0,339,0,339,0,339,0,339,0,339,0,339,0,339,0,339,0,339,0,339,0,339,0,339,0,339,0,339,0,339,0,339,0
,,340,0,340,0,340,0,340,0,340,0,340,0,340,0,340,0,340,0,340,0,340,0,340,0,340,0,340,0,340,0,340,0,340,0,340,0,340,0,340,0,340,0,340,0,340,0,340,0,340,0,340,0,340,0,340,0,340,0,340,0,340,0,340,0,340,0,340,0,340,0,340,0,340,0,340,0,340,0,340,0,340,0,340,0,340,0,340,0,340,0,340,0,340,0,340,0,340,0,340,0,340,0,340,0,340,0,340,0,340,0,340,0,340,0,340,0,340,0,340,0,340,0,340,0,340,0,340,0,340,0,340,0,340,0,340,0,340,0,340,0,340,0,340,0,340,0,340,0,340,0,340,0,340,0,340,0,340,0,340,0,340,0,340,0,340,0,340,0,340,0,340,0,340,0,340,0,340,0,340,0,340,0,340,0,340,0,340,0,340,0,340,0,340,0,340,0,340,0,340,0,340,0,340,0,340,0,340,0,340,0,340,0,340,0,340,0,340,0,340,0,340,0,340,0,340,0,340,0,340,0,340,0,340,0,340,0,340,0,340,0,340,0,340,7,340,0,340,0,340,0,340,0,340,0,340,0,340,0,340,0,340,0,340,0,340,0,340,0,340,0,340,0,340,0,340,0,340,0,340,0,340,0,340,0,340,0,340,0,340,0,340,0,340,0,340,0,340,0,340,0,340,0,340,0,340,0,340,0,340,0,340,0,340,0,340,0,340,0,340,0,340,0,340,0,340,0,340,0,340,0,340,0,340,0,340,0,340,0,340,0,340,0,340,0,340,0,340,0,340,0,340,0,340,0,340,0,340,0,340,0,340,0,340,0,340,0,340,0,340,0,340,0,340,0,340,0,340,0,340,0,340,0,340,0,340,0,340,0,340,0,340,0,340,0,340,0,340,0,340,0,340,0,340,0,340,0,340,0,340,0,340,0,340,0,340,0,340,0,340,0,340,0,340,0,340,0,340,0,340,0,340,0,340,0,340,0,340,0,340,0,340,0,340,0,340,0,340,0,340,0,340,0,340,0,340,0,340,0,340,0,340,0,340,0,340,0,340,0,340,0,340,0,340,0,340,0,340,0,340,0,340,0,340,0,340,0,340,0,340,0,340,0,340,0,340,0,340,0,340,0,340,0,340,0,340,0,340,0,340,0,340,0,340,0,340,0,340,0,340,0,340,0,340,0,340,0,340,0,340,2,340,0,340,0,340,0,340,4,340,0,340,0,340,0,340,0,340,0,340,0,340,0,340,0,340,0,340,0,340,0,340,0,340,0,340,0,340,0,340,0,340,0,340,0,340,0,340,0,340,0,340,0,340,0,340,0,340,0,340,0,340,0,340,0,340,0,340,0,340,0,340,0,340,0,340,0,340,0,340,0,340,0,340,0,340,0,340,0,340,0,340,0,340,0,340,0,340,0,340,0,340,0,340,0,340,0,340,0,340,0,340,0,340,0,340,0,340,0,340,0,340,0,340,0,340,0,340,0,340,0,340,0,340,0,340,0,340,0,340,0,340,0,340,0,340,0,340,0,340,0,340,0,340,0,340,0,340,0,340,0,340,0,340,0,340,0,340,0,340,0,340,0,340,0,340,0,340,0,340,0,340,0,340,0,340,0,340,0,340,0,340,0,340,0,340,0,340,0,340,0,340,0,340,0,340,0,340,0,340,0,340,0,340,0,340,0,340,0,340,0,340,0,340,0,340,0,340,0,340,0,340,0,340,0,340,0,340,0,340,0,340,0,340,0,340,0,340,0,340,0,340,0,340,0,340,0,340,0,340,0,340,0,340,0,340,0,340,0,340,0,340,0,340,0,340,0,340,0,340,0,340,0,340,0,340,0,340,0,340,0,340,0,340,0,340,0,340,0,340,0,340,0,340,20,340,0,340,0,340,14,340,0,340,0,340,0,340,0,340,0,340,0,340,0,340,0,340,0,340,0,340,0,340,0,340,0,340,0,340,0,340,0,340,0,340,0,340,0,340,0,340,0,340,0,340,0,340,0,340,0,340,0,340,0,340,0,340,0,340,0,340,0,340,0,340,0,340,0,340,0,340,0,340,0,340,0,340,0,340,0,340,0,340,0,340,0,340,0,340,0,340,0,340,0,340,0,340,0,340,0,340,0,340,0,340,0,340,0,340,0,340,0,340,0,340,0,340,0,340,0,340,0,340,0,340,0,340,0,340,0,340,0,340,0,340,0,340,0,340,0,340,0,340,0,340,0,340,0,340,0,340,0,340,0,340,0,340,0,340,0,340,0,340,0,340,0,340,0,340,0,340,0,340,0,340,0,340,0,340,0,340,0,340,0,340,0,340,0,340,0,340,0,340,0,340,0,340,0,340,0,340,0,340,0,340,0,340,0,340,0,340,0,340,0,340,0,340,0,340,0,340,0,340,0,340,0,340,0,340,0,340,0,340,0,340,0,340,0,340,0,340,0,340,0,340,0,340,0
,,341,0,341,0,341,0,341,0,341,0,341,0,341,0,341,0,341,0,341,0,341,0,341,0,341,0,341,0,341,0,341,0,341,0,341,0,341,0,341,0,341,0,341,0,341,0,341,0,341,0,341,0,341,0,341,0,341,0,341,0,341,0,341,0,341,0,341,0,341,0,341,0,341,0,341,0,341,0,341,0,341,0,341,0,341,0,341,0,341,0,341,0,341,0,341,0,341,0,341,0,341,0,341,0,341,0,341,0,341,0,341,0,341,0,341,0,341,0,341,0,341,0,341,0,341,0,341,0,341,0,341,0,341,0,341,0,341,0,341,0,341,0,341,0,341,0,341,0,341,0,341,0,341,0,341,0,341,0,341,0,341,0,341,0,341,0,341,0,341,0,341,0,341,0,341,0,341,0,341,0,341,0,341,0,341,0,341,0,341,0,341,0,341,0,341,0,341,0,341,0,341,0,341,0,341,0,341,0,341,0,341,0,341,0,341,0,341,0,341,0,341,0,341,0,341,0,341,0,341,0,341,0,341,0,341,0,341,0,341,0,341,0,341,8,341,0,341,0,341,0,341,0,341,0,341,0,341,0,341,0,341,0,341,0,341,0,341,0,341,0,341,0,341,0,341,0,341,0,341,0,341,0,341,0,341,0,341,0,341,0,341,0,341,0,341,0,341,0,341,0,341,0,341,0,341,0,341,0,341,0,341,0,341,0,341,0,341,0,341,0,341,0,341,0,341,0,341,0,341,0,341,0,341,0,341,0,341,0,341,0,341,0,341,0,341,0,341,0,341,0,341,0,341,0,341,0,341,0,341,0,341,0,341,0,341,0,341,0,341,0,341,0,341,0,341,0,341,0,341,0,341,0,341,0,341,0,341,0,341,0,341,0,341,0,341,0,341,0,341,0,341,0,341,0,341,0,341,0,341,0,341,0,341,0,341,0,341,0,341,0,341,0,341,0,341,0,341,0,341,0,341,0,341,0,341,0,341,0,341,0,341,0,341,0,341,0,341,0,341,0,341,0,341,0,341,0,341,0,341,0,341,0,341,0,341,0,341,0,341,0,341,0,341,0,341,0,341,0,341,0,341,0,341,0,341,0,341,0,341,0,341,0,341,0,341,0,341,0,341,0,341,0,341,0,341,0,341,0,341,0,341,0,341,0,341,0,341,0,341,0,341,0,341,0,341,0,341,0,341,1,341,0,341,0,341,1,341,8,341,0,341,0,341,0,341,0,341,0,341,0,341,0,341,0,341,0,341,0,341,0,341,0,341,0,341,0,341,0,341,0,341,0,341,0,341,0,341,0,341,0,341,0,341,0,341,0,341,0,341,0,341,0,341,0,341,0,341,0,341,0,341,0,341,0,341,0,341,0,341,0,341,0,341,0,341,0,341,0,341,0,341,0,341,0,341,0,341,0,341,0,341,0,341,0,341,0,341,0,341,0,341,0,341,0,341,0,341,0,341,0,341,0,341,0,341,0,341,0,341,0,341,0,341,0,341,0,341,0,341,0,341,0,341,0,341,0,341,0,341,0,341,0,341,0,341,0,341,0,341,0,341,0,341,0,341,0,341,0,341,0,341,0,341,0,341,0,341,0,341,0,341,0,341,0,341,0,341,0,341,0,341,0,341,0,341,0,341,0,341,0,341,0,341,0,341,0,341,0,341,0,341,0,341,0,341,0,341,0,341,0,341,0,341,0,341,0,341,0,341,0,341,0,341,0,341,0,341,0,341,0,341,0,341,0,341,0,341,0,341,0,341,0,341,0,341,0,341,0,341,0,341,0,341,0,341,0,341,0,341,0,341,0,341,0,341,0,341,0,341,0,341,0,341,0,341,0,341,0,341,0,341,0,341,0,341,0,341,0,341,0,341,0,341,20,341,0,341,0,341,13,341,0,341,0,341,0,341,0,341,0,341,0,341,0,341,0,341,0,341,0,341,0,341,0,341,0,341,0,341,0,341,0,341,0,341,0,341,0,341,0,341,0,341,0,341,0,341,0,341,0,341,0,341,0,341,0,341,0,341,0,341,0,341,0,341,0,341,0,341,0,341,0,341,0,341,0,341,0,341,0,341,0,341,0,341,0,341,0,341,0,341,0,341,0,341,0,341,0,341,0,341,0,341,0,341,0,341,0,341,0,341,0,341,0,341,0,341,0,341,0,341,0,341,0,341,0,341,0,341,0,341,0,341,0,341,0,341,0,341,0,341,0,341,0,341,0,341,0,341,0,341,0,341,0,341,0,341,0,341,0,341,0,341,0,341,0,341,0,341,0,341,0,341,0,341,0,341,0,341,0,341,0,341,0,341,0,341,0,341,0,341,0,341,0,341,0,341,0,341,0,341,0,341,0,341,0,341,0,341,0,341,0,341,0,341,0,341,0,341,0,341,0,341,0,341,0,341,0,341,0,341,0,341,0,341,0,341,0,341,0,341,0,341,0,341,0,341,0
,,342,0,342,0,342,0,342,0,342,0,342,0,342,0,342,0,342,0,342,0,342,0,342,0,342,0,342,0,342,0,342,0,342,0,342,0,342,0,342,0,342,0,342,0,342,0,342,0,342,0,342,0,342,0,342,0,342,0,342,0,342,0,342,0,342,0,342,0,342,0,342,0,342,0,342,0,342,0,342,0,342,0,342,0,342,0,342,0,342,0,342,0,342,0,342,0,342,0,342,0,342,0,342,0,342,0,342,0,342,0,342,0,342,0,342,0,342,0,342,0,342,0,342,0,342,0,342,0,342,0,342,0,342,0,342,0,342,0,342,0,342,0,342,0,342,0,342,0,342,0,342,0,342,0,342,0,342,0,342,0,342,0,342,0,342,0,342,0,342,0,342,0,342,0,342,0,342,0,342,0,342,0,342,0,342,0,342,0,342,0,342,0,342,0,342,0,342,0,342,0,342,0,342,0,342,0,342,0,342,0,342,0,342,0,342,0,342,0,342,0,342,0,342,0,342,0,342,0,342,0,342,0,342,0,342,0,342,0,342,0,342,0,342,5,342,0,342,0,342,0,342,0,342,0,342,0,342,0,342,0,342,0,342,0,342,0,342,0,342,0,342,0,342,0,342,0,342,0,342,0,342,0,342,0,342,0,342,0,342,0,342,0,342,0,342,0,342,0,342,0,342,0,342,0,342,0,342,0,342,0,342,0,342,0,342,0,342,0,342,0,342,0,342,0,342,0,342,0,342,0,342,0,342,0,342,0,342,0,342,0,342,0,342,0,342,0,342,0,342,0,342,0,342,0,342,0,342,0,342,0,342,0,342,0,342,0,342,0,342,0,342,0,342,0,342,0,342,0,342,0,342,0,342,0,342,0,342,0,342,0,342,0,342,0,342,0,342,0,342,0,342,0,342,0,342,0,342,0,342,0,342,0,342,0,342,0,342,0,342,0,342,0,342,0,342,0,342,0,342,0,342,0,342,0,342,0,342,0,342,0,342,0,342,0,342,0,342,0,342,0,342,0,342,0,342,0,342,0,342,0,342,0,342,0,342,0,342,0,342,0,342,0,342,0,342,0,342,0,342,0,342,0,342,0,342,0,342,0,342,0,342,0,342,0,342,0,342,0,342,0,342,0,342,0,342,0,342,0,342,0,342,0,342,0,342,0,342,0,342,0,342,0,342,0,342,0,342,0,342,2,342,0,342,0,342,0,342,8,342,0,342,0,342,0,342,0,342,0,342,0,342,0,342,0,342,0,342,0,342,0,342,0,342,0,342,0,342,0,342,0,342,0,342,0,342,0,342,0,342,0,342,0,342,0,342,0,342,0,342,0,342,0,342,0,342,0,342,0,342,0,342,0,342,0,342,0,342,0,342,0,342,0,342,0,342,0,342,0,342,0,342,0,342,0,342,0,342,0,342,0,342,0,342,0,342,0,342,0,342,0,342,0,342,0,342,0,342,0,342,0,342,0,342,0,342,0,342,0,342,0,342,0,342,0,342,0,342,0,342,0,342,0,342,0,342,0,342,0,342,0,342,0,342,0,342,0,342,0,342,0,342,0,342,0,342,0,342,0,342,0,342,0,342,0,342,0,342,0,342,0,342,0,342,0,342,0,342,0,342,0,342,0,342,0,342,0,342,0,342,0,342,0,342,0,342,0,342,0,342,0,342,0,342,0,342,0,342,0,342,0,342,0,342,0,342,0,342,0,342,0,342,0,342,0,342,0,342,0,342,0,342,0,342,0,342,0,342,0,342,0,342,0,342,0,342,0,342,0,342,0,342,0,342,0,342,0,342,0,342,0,342,0,342,0,342,0,342,0,342,0,342,0,342,0,342,0,342,0,342,0,342,0,342,0,342,0,342,0,342,0,342,0,342,25,342,0,342,0,342,9,342,0,342,0,342,0,342,0,342,0,342,0,342,0,342,0,342,0,342,0,342,0,342,0,342,0,342,0,342,0,342,0,342,0,342,0,342,0,342,0,342,0,342,0,342,0,342,0,342,0,342,0,342,0,342,0,342,0,342,0,342,0,342,0,342,0,342,0,342,0,342,0,342,0,342,0,342,0,342,0,342,0,342,0,342,0,342,0,342,0,342,0,342,0,342,0,342,0,342,0,342,0,342,0,342,0,342,0,342,0,342,0,342,0,342,0,342,0,342,0,342,0,342,0,342,0,342,0,342,0,342,0,342,0,342,0,342,0,342,0,342,0,342,0,342,0,342,0,342,0,342,0,342,0,342,0,342,0,342,0,342,0,342,0,342,0,342,0,342,0,342,0,342,0,342,0,342,0,342,0,342,0,342,0,342,0,342,0,342,0,342,0,342,0,342,0,342,0,342,0,342,0,342,0,342,0,342,0,342,0,342,0,342,0,342,0,342,0,342,0,342,0,342,0,342,0,342,0,342,0,342,0,342,0,342,0,342,0,342,0,342,0,342,0,342,0,342,0
,,343,0,343,0,343,0,343,0,343,0,343,0,343,0,343,0,343,0,343,0,343,0,343,0,343,0,343,0,343,0,343,0,343,0,343,0,343,0,343,0,343,0,343,0,343,0,343,0,343,0,343,0,343,0,343,0,343,0,343,0,343,0,343,0,343,0,343,0,343,0,343,0,343,0,343,0,343,0,343,0,343,0,343,0,343,0,343,0,343,0,343,0,343,0,343,0,343,0,343,0,343,0,343,0,343,0,343,0,343,0,343,0,343,0,343,0,343,0,343,0,343,0,343,0,343,0,343,0,343,0,343,0,343,0,343,0,343,0,343,0,343,0,343,0,343,0,343,0,343,0,343,0,343,0,343,0,343,0,343,0,343,0,343,0,343,0,343,0,343,0,343,0,343,0,343,0,343,0,343,0,343,0,343,0,343,0,343,0,343,0,343,0,343,0,343,0,343,0,343,0,343,0,343,0,343,0,343,0,343,0,343,0,343,0,343,0,343,0,343,0,343,0,343,0,343,0,343,0,343,0,343,0,343,0,343,0,343,0,343,0,343,0,343,5,343,0,343,0,343,0,343,0,343,0,343,0,343,0,343,0,343,0,343,0,343,0,343,0,343,0,343,0,343,0,343,0,343,0,343,0,343,0,343,0,343,0,343,0,343,0,343,0,343,0,343,0,343,0,343,0,343,0,343,0,343,0,343,0,343,0,343,0,343,0,343,0,343,0,343,0,343,0,343,0,343,0,343,0,343,0,343,0,343,0,343,0,343,0,343,0,343,0,343,0,343,0,343,0,343,0,343,0,343,0,343,0,343,0,343,0,343,0,343,0,343,0,343,0,343,0,343,0,343,0,343,0,343,0,343,0,343,0,343,0,343,0,343,0,343,0,343,0,343,0,343,0,343,0,343,0,343,0,343,0,343,0,343,0,343,0,343,0,343,0,343,0,343,0,343,0,343,0,343,0,343,0,343,0,343,0,343,0,343,0,343,0,343,0,343,0,343,0,343,0,343,0,343,0,343,0,343,0,343,0,343,0,343,0,343,0,343,0,343,0,343,0,343,0,343,0,343,0,343,0,343,0,343,0,343,0,343,0,343,0,343,0,343,0,343,0,343,0,343,0,343,0,343,0,343,0,343,0,343,0,343,0,343,0,343,0,343,0,343,0,343,0,343,0,343,0,343,0,343,0,343,0,343,0,343,1,343,0,343,0,343,1,343,8,343,0,343,0,343,0,343,0,343,0,343,0,343,0,343,0,343,0,343,0,343,0,343,0,343,0,343,0,343,0,343,0,343,0,343,0,343,0,343,0,343,0,343,0,343,0,343,0,343,0,343,0,343,0,343,0,343,0,343,0,343,0,343,0,343,0,343,0,343,0,343,0,343,0,343,0,343,0,343,0,343,0,343,0,343,0,343,0,343,0,343,0,343,0,343,0,343,0,343,0,343,0,343,0,343,0,343,0,343,0,343,0,343,0,343,0,343,0,343,0,343,0,343,0,343,0,343,0,343,0,343,0,343,0,343,0,343,0,343,0,343,0,343,0,343,0,343,0,343,0,343,0,343,0,343,0,343,0,343,0,343,0,343,0,343,0,343,0,343,0,343,0,343,0,343,0,343,0,343,0,343,0,343,0,343,0,343,0,343,0,343,0,343,0,343,0,343,0,343,0,343,0,343,0,343,0,343,0,343,0,343,0,343,0,343,0,343,0,343,0,343,0,343,0,343,0,343,0,343,0,343,0,343,0,343,0,343,0,343,0,343,0,343,0,343,0,343,0,343,0,343,0,343,0,343,0,343,0,343,0,343,0,343,0,343,0,343,0,343,0,343,0,343,0,343,0,343,0,343,0,343,0,343,0,343,0,343,0,343,0,343,0,343,0,343,21,343,0,343,0,343,11,343,0,343,0,343,0,343,0,343,0,343,0,343,0,343,0,343,0,343,0,343,0,343,0,343,0,343,0,343,0,343,0,343,0,343,0,343,0,343,0,343,0,343,0,343,0,343,0,343,0,343,0,343,0,343,0,343,0,343,0,343,0,343,0,343,0,343,0,343,0,343,0,343,0,343,0,343,0,343,0,343,0,343,0,343,0,343,0,343,0,343,0,343,0,343,0,343,0,343,0,343,0,343,0,343,0,343,0,343,0,343,0,343,0,343,0,343,0,343,0,343,0,343,0,343,0,343,0,343,0,343,0,343,0,343,0,343,0,343,0,343,0,343,0,343,0,343,0,343,0,343,0,343,0,343,0,343,0,343,0,343,0,343,0,343,0,343,0,343,0,343,0,343,0,343,0,343,0,343,0,343,0,343,0,343,0,343,0,343,0,343,0,343,0,343,0,343,0,343,0,343,0,343,0,343,0,343,0,343,0,343,0,343,0,343,0,343,0,343,0,343,0,343,0,343,0,343,0,343,0,343,0,343,0,343,0,343,0,343,0,343,0,343,0,343,0,343,0
,,344,0,344,0,344,0,344,0,344,0,344,0,344,0,344,0,344,0,344,0,344,0,344,0,344,0,344,0,344,0,344,0,344,0,344,0,344,0,344,0,344,0,344,0,344,0,344,0,344,0,344,0,344,0,344,0,344,0,344,0,344,0,344,0,344,0,344,0,344,0,344,0,344,0,344,0,344,0,344,0,344,0,344,0,344,0,344,0,344,0,344,0,344,0,344,0,344,0,344,0,344,0,344,0,344,0,344,0,344,0,344,0,344,0,344,0,344,0,344,0,344,0,344,0,344,0,344,0,344,0,344,0,344,0,344,0,344,0,344,0,344,0,344,0,344,0,344,0,344,0,344,0,344,0,344,0,344,0,344,0,344,0,344,0,344,0,344,0,344,0,344,0,344,0,344,0,344,0,344,0,344,0,344,0,344,0,344,0,344,0,344,0,344,0,344,0,344,0,344,0,344,0,344,0,344,0,344,0,344,0,344,0,344,0,344,0,344,0,344,0,344,0,344,0,344,0,344,0,344,0,344,0,344,0,344,0,344,0,344,0,344,0,344,1,344,0,344,0,344,0,344,0,344,0,344,0,344,0,344,0,344,0,344,0,344,0,344,0,344,0,344,0,344,0,344,0,344,0,344,0,344,0,344,0,344,0,344,0,344,0,344,0,344,0,344,0,344,0,344,0,344,0,344,0,344,0,344,0,344,0,344,0,344,0,344,0,344,0,344,0,344,0,344,0,344,0,344,0,344,0,344,0,344,0,344,0,344,0,344,0,344,0,344,0,344,0,344,0,344,0,344,0,344,0,344,0,344,0,344,0,344,0,344,0,344,0,344,0,344,0,344,0,344,0,344,0,344,0,344,0,344,0,344,0,344,0,344,0,344,0,344,0,344,0,344,0,344,0,344,0,344,0,344,0,344,0,344,0,344,0,344,0,344,0,344,0,344,0,344,0,344,0,344,0,344,0,344,0,344,0,344,0,344,0,344,0,344,0,344,0,344,0,344,0,344,0,344,0,344,0,344,0,344,0,344,0,344,0,344,0,344,0,344,0,344,0,344,0,344,0,344,0,344,0,344,0,344,0,344,0,344,0,344,0,344,0,344,0,344,0,344,0,344,0,344,0,344,0,344,0,344,0,344,0,344,0,344,0,344,0,344,0,344,0,344,0,344,0,344,0,344,0,344,0,344,0,344,0,344,7,344,0,344,0,344,1,344,3,344,0,344,0,344,0,344,0,344,0,344,0,344,0,344,0,344,0,344,0,344,0,344,0,344,0,344,0,344,0,344,0,344,0,344,0,344,0,344,0,344,0,344,0,344,0,344,0,344,0,344,0,344,0,344,0,344,0,344,0,344,0,344,0,344,0,344,0,344,0,344,0,344,0,344,0,344,0,344,0,344,0,344,0,344,0,344,0,344,0,344,0,344,0,344,0,344,0,344,0,344,0,344,0,344,0,344,0,344,0,344,0,344,0,344,0,344,0,344,0,344,0,344,0,344,0,344,0,344,0,344,0,344,0,344,0,344,0,344,0,344,0,344,0,344,0,344,0,344,0,344,0,344,0,344,0,344,0,344,0,344,0,344,0,344,0,344,0,344,0,344,0,344,0,344,0,344,0,344,0,344,0,344,0,344,0,344,0,344,0,344,0,344,0,344,0,344,0,344,0,344,0,344,0,344,0,344,0,344,0,344,0,344,0,344,0,344,0,344,0,344,0,344,0,344,0,344,0,344,0,344,0,344,0,344,0,344,0,344,0,344,0,344,0,344,0,344,0,344,0,344,0,344,0,344,0,344,0,344,0,344,0,344,0,344,0,344,0,344,0,344,0,344,0,344,0,344,0,344,0,344,0,344,0,344,0,344,0,344,0,344,0,344,0,344,9,344,0,344,0,344,17,344,2,344,0,344,0,344,0,344,0,344,0,344,0,344,0,344,0,344,0,344,0,344,0,344,0,344,0,344,0,344,0,344,0,344,0,344,0,344,0,344,0,344,0,344,0,344,0,344,0,344,0,344,0,344,0,344,0,344,0,344,0,344,0,344,0,344,0,344,0,344,0,344,0,344,0,344,0,344,0,344,0,344,0,344,0,344,0,344,0,344,0,344,0,344,0,344,0,344,0,344,0,344,0,344,0,344,0,344,0,344,0,344,0,344,0,344,0,344,0,344,0,344,0,344,0,344,0,344,0,344,0,344,0,344,0,344,0,344,0,344,0,344,0,344,0,344,0,344,0,344,0,344,0,344,0,344,0,344,0,344,0,344,0,344,0,344,0,344,0,344,0,344,0,344,0,344,0,344,0,344,0,344,0,344,0,344,0,344,0,344,0,344,0,344,0,344,0,344,0,344,0,344,0,344,0,344,0,344,0,344,0,344,0,344,0,344,0,344,0,344,0,344,0,344,0,344,0,344,0,344,0,344,0,344,0,344,0,344,0,344,0,344,0,344,0,344,0
,,345,0,345,0,345,0,345,0,345,0,345,0,345,0,345,0,345,0,345,0,345,0,345,0,345,0,345,0,345,0,345,0,345,0,345,0,345,0,345,0,345,0,345,0,345,0,345,0,345,0,345,0,345,0,345,0,345,0,345,0,345,0,345,0,345,0,345,0,345,0,345,0,345,0,345,0,345,0,345,0,345,0,345,0,345,0,345,0,345,0,345,0,345,0,345,0,345,0,345,0,345,0,345,0,345,0,345,0,345,0,345,0,345,0,345,0,345,0,345,0,345,0,345,0,345,0,345,0,345,0,345,0,345,0,345,0,345,0,345,0,345,0,345,0,345,0,345,0,345,0,345,0,345,0,345,0,345,0,345,0,345,0,345,0,345,0,345,0,345,0,345,0,345,0,345,0,345,0,345,0,345,0,345,0,345,0,345,0,345,0,345,0,345,0,345,0,345,0,345,0,345,0,345,0,345,0,345,0,345,0,345,0,345,0,345,0,345,0,345,0,345,0,345,0,345,0,345,0,345,0,345,0,345,0,345,0,345,0,345,0,345,0,345,10,345,0,345,0,345,0,345,0,345,0,345,0,345,0,345,0,345,0,345,0,345,0,345,0,345,0,345,0,345,0,345,0,345,0,345,0,345,0,345,0,345,0,345,0,345,0,345,0,345,0,345,0,345,0,345,0,345,0,345,0,345,0,345,0,345,0,345,0,345,0,345,0,345,0,345,0,345,0,345,0,345,0,345,0,345,0,345,0,345,0,345,0,345,0,345,0,345,0,345,0,345,0,345,0,345,0,345,0,345,0,345,0,345,0,345,0,345,0,345,0,345,0,345,0,345,0,345,0,345,0,345,0,345,0,345,0,345,0,345,0,345,0,345,0,345,0,345,0,345,0,345,0,345,0,345,0,345,0,345,0,345,0,345,0,345,0,345,0,345,0,345,0,345,0,345,0,345,0,345,0,345,0,345,0,345,0,345,0,345,0,345,0,345,0,345,0,345,0,345,0,345,0,345,0,345,0,345,0,345,0,345,0,345,0,345,0,345,0,345,0,345,0,345,0,345,0,345,0,345,0,345,0,345,0,345,0,345,0,345,0,345,0,345,0,345,0,345,0,345,0,345,0,345,0,345,0,345,0,345,0,345,0,345,0,345,0,345,0,345,0,345,0,345,0,345,0,345,0,345,0,345,0,345,0,345,1,345,0,345,0,345,1,345,9,345,0,345,0,345,0,345,0,345,0,345,0,345,0,345,0,345,0,345,0,345,0,345,0,345,0,345,0,345,0,345,0,345,0,345,0,345,0,345,0,345,0,345,0,345,0,345,0,345,0,345,0,345,0,345,0,345,0,345,0,345,0,345,0,345,0,345,0,345,0,345,0,345,0,345,0,345,0,345,0,345,0,345,0,345,0,345,0,345,0,345,0,345,0,345,0,345,0,345,0,345,0,345,0,345,0,345,0,345,0,345,0,345,0,345,0,345,0,345,0,345,0,345,0,345,0,345,0,345,0,345,0,345,0,345,0,345,0,345,0,345,0,345,0,345,0,345,0,345,0,345,0,345,0,345,0,345,0,345,0,345,0,345,0,345,0,345,0,345,0,345,0,345,0,345,0,345,0,345,0,345,0,345,0,345,0,345,0,345,0,345,0,345,0,345,0,345,0,345,0,345,0,345,0,345,0,345,0,345,0,345,0,345,0,345,0,345,0,345,0,345,0,345,0,345,0,345,0,345,0,345,0,345,0,345,0,345,0,345,0,345,0,345,0,345,0,345,0,345,0,345,0,345,0,345,0,345,0,345,0,345,0,345,0,345,0,345,0,345,0,345,0,345,0,345,0,345,0,345,0,345,0,345,0,345,0,345,0,345,0,345,0,345,0,345,16,345,0,345,0,345,10,345,0,345,0,345,0,345,0,345,0,345,0,345,0,345,0,345,0,345,0,345,0,345,0,345,0,345,0,345,0,345,0,345,0,345,0,345,0,345,0,345,0,345,0,345,0,345,0,345,0,345,0,345,0,345,0,345,0,345,0,345,0,345,0,345,0,345,0,345,0,345,0,345,0,345,0,345,0,345,0,345,0,345,0,345,0,345,0,345,0,345,0,345,0,345,0,345,0,345,0,345,0,345,0,345,0,345,0,345,0,345,0,345,0,345,0,345,0,345,0,345,0,345,0,345,0,345,0,345,0,345,0,345,0,345,0,345,0,345,0,345,0,345,0,345,0,345,0,345,0,345,0,345,0,345,0,345,0,345,0,345,0,345,0,345,0,345,0,345,0,345,0,345,0,345,0,345,0,345,0,345,0,345,0,345,0,345,0,345,0,345,0,345,0,345,0,345,0,345,0,345,0,345,0,345,0,345,0,345,0,345,0,345,0,345,0,345,0,345,0,345,0,345,0,345,0,345,0,345,0,345,0,345,0,345,0,345,0,345,0,345,0,345,0,345,0,345,0
,,346,0,346,0,346,0,346,0,346,0,346,0,346,0,346,0,346,0,346,0,346,0,346,0,346,0,346,0,346,0,346,0,346,0,346,0,346,0,346,0,346,0,346,0,346,0,346,0,346,0,346,0,346,0,346,0,346,0,346,0,346,0,346,0,346,0,346,0,346,0,346,0,346,0,346,0,346,0,346,0,346,0,346,0,346,0,346,0,346,0,346,0,346,0,346,0,346,0,346,0,346,0,346,0,346,0,346,0,346,0,346,0,346,0,346,0,346,0,346,0,346,0,346,0,346,0,346,0,346,0,346,0,346,0,346,0,346,0,346,0,346,0,346,0,346,0,346,0,346,0,346,0,346,0,346,0,346,0,346,0,346,0,346,0,346,0,346,0,346,0,346,0,346,0,346,0,346,0,346,0,346,0,346,0,346,0,346,0,346,0,346,0,346,0,346,0,346,0,346,0,346,0,346,0,346,0,346,0,346,0,346,0,346,0,346,0,346,0,346,0,346,0,346,0,346,0,346,0,346,0,346,0,346,0,346,0,346,0,346,0,346,0,346,0,346,0,346,0,346,0,346,0,346,0,346,0,346,0,346,0,346,0,346,0,346,0,346,0,346,0,346,0,346,0,346,0,346,0,346,0,346,0,346,0,346,0,346,0,346,0,346,0,346,0,346,0,346,0,346,0,346,0,346,0,346,0,346,0,346,0,346,0,346,0,346,0,346,0,346,0,346,0,346,0,346,0,346,0,346,0,346,0,346,0,346,0,346,0,346,0,346,0,346,0,346,0,346,0,346,0,346,0,346,0,346,0,346,0,346,0,346,0,346,0,346,0,346,0,346,0,346,0,346,0,346,0,346,0,346,0,346,0,346,0,346,0,346,0,346,0,346,0,346,0,346,0,346,0,346,0,346,0,346,0,346,0,346,0,346,0,346,0,346,0,346,0,346,0,346,0,346,0,346,0,346,0,346,0,346,0,346,0,346,0,346,0,346,0,346,0,346,0,346,0,346,0,346,0,346,0,346,0,346,0,346,0,346,0,346,0,346,0,346,0,346,0,346,0,346,0,346,0,346,0,346,0,346,0,346,0,346,0,346,0,346,0,346,0,346,0,346,0,346,0,346,0,346,0,346,0,346,0,346,0,346,0,346,0,346,0,346,0,346,0,346,0,346,0,346,0,346,0,346,0,346,0,346,0,346,7,346,0,346,0,346,1,346,6,346,0,346,0,346,0,346,0,346,0,346,0,346,0,346,0,346,0,346,0,346,0,346,0,346,0,346,0,346,0,346,0,346,0,346,0,346,0,346,0,346,0,346,0,346,0,346,0,346,0,346,0,346,0,346,0,346,0,346,0,346,0,346,0,346,0,346,0,346,0,346,0,346,0,346,0,346,0,346,0,346,0,346,0,346,0,346,0,346,0,346,0,346,0,346,0,346,0,346,0,346,0,346,0,346,0,346,0,346,0,346,0,346,0,346,0,346,0,346,0,346,0,346,0,346,0,346,0,346,0,346,0,346,0,346,0,346,0,346,0,346,0,346,0,346,0,346,0,346,0,346,0,346,0,346,0,346,0,346,0,346,0,346,0,346,0,346,0,346,0,346,0,346,0,346,0,346,0,346,0,346,0,346,0,346,0,346,0,346,0,346,0,346,0,346,0,346,0,346,0,346,0,346,0,346,0,346,0,346,0,346,0,346,0,346,0,346,0,346,0,346,0,346,0,346,0,346,0,346,0,346,0,346,0,346,0,346,0,346,0,346,0,346,0,346,0,346,0,346,0,346,0,346,0,346,0,346,0,346,0,346,0,346,0,346,0,346,0,346,0,346,0,346,0,346,0,346,0,346,0,346,0,346,0,346,0,346,0,346,0,346,0,346,0,346,11,346,0,346,0,346,16,346,3,346,0,346,0,346,0,346,0,346,0,346,0,346,0,346,0,346,0,346,0,346,0,346,0,346,0,346,0,346,0,346,0,346,0,346,0,346,0,346,0,346,0,346,0,346,0,346,0,346,0,346,0,346,0,346,0,346,0,346,0,346,0,346,0,346,0,346,0,346,0,346,0,346,0,346,0,346,0,346,0,346,0,346,0,346,0,346,0,346,0,346,0,346,0,346,0,346,0,346,0,346,0,346,0,346,0,346,0,346,0,346,0,346,0,346,0,346,0,346,0,346,0,346,0,346,0,346,0,346,0,346,0,346,0,346,0,346,0,346,0,346,0,346,0,346,0,346,0,346,0,346,0,346,0,346,0,346,0,346,0,346,0,346,0,346,0,346,0,346,0,346,0,346,0,346,0,346,0,346,0,346,0,346,0,346,0,346,0,346,0,346,0,346,0,346,0,346,0,346,0,346,0,346,0,346,0,346,0,346,0,346,0,346,0,346,0,346,0,346,0,346,0,346,0,346,0,346,0,346,0,346,0,346,0,346,0,346,0,346,0,346,0,346,0,346,0
,,347,0,347,0,347,0,347,0,347,0,347,0,347,0,347,0,347,0,347,0,347,0,347,0,347,0,347,0,347,0,347,0,347,0,347,0,347,0,347,0,347,0,347,0,347,0,347,0,347,0,347,0,347,0,347,0,347,0,347,0,347,0,347,0,347,0,347,0,347,0,347,0,347,0,347,0,347,0,347,0,347,0,347,0,347,0,347,0,347,0,347,0,347,0,347,0,347,0,347,0,347,0,347,0,347,0,347,0,347,0,347,0,347,0,347,0,347,0,347,0,347,0,347,0,347,0,347,0,347,0,347,0,347,0,347,0,347,0,347,0,347,0,347,0,347,0,347,0,347,0,347,0,347,0,347,0,347,0,347,0,347,0,347,0,347,0,347,0,347,0,347,0,347,0,347,0,347,0,347,0,347,0,347,0,347,0,347,0,347,0,347,0,347,0,347,0,347,0,347,0,347,0,347,0,347,0,347,0,347,0,347,0,347,0,347,0,347,0,347,0,347,0,347,0,347,0,347,0,347,0,347,0,347,0,347,0,347,0,347,0,347,0,347,2,347,0,347,0,347,0,347,0,347,0,347,0,347,0,347,0,347,0,347,0,347,0,347,0,347,0,347,0,347,0,347,0,347,0,347,0,347,0,347,0,347,0,347,0,347,0,347,0,347,0,347,0,347,0,347,0,347,0,347,0,347,0,347,0,347,0,347,0,347,0,347,0,347,0,347,0,347,0,347,0,347,0,347,0,347,0,347,0,347,0,347,0,347,0,347,0,347,0,347,0,347,0,347,0,347,0,347,0,347,0,347,0,347,0,347,0,347,0,347,0,347,0,347,0,347,0,347,0,347,0,347,0,347,0,347,0,347,0,347,0,347,0,347,0,347,0,347,0,347,0,347,0,347,0,347,0,347,0,347,0,347,0,347,0,347,0,347,0,347,0,347,0,347,0,347,0,347,0,347,0,347,0,347,0,347,0,347,0,347,0,347,0,347,0,347,0,347,0,347,0,347,0,347,0,347,0,347,0,347,0,347,0,347,0,347,0,347,0,347,0,347,0,347,0,347,0,347,0,347,0,347,0,347,0,347,0,347,0,347,0,347,0,347,0,347,0,347,0,347,0,347,0,347,0,347,0,347,0,347,0,347,0,347,0,347,0,347,0,347,0,347,0,347,0,347,0,347,0,347,0,347,0,347,0,347,3,347,0,347,0,347,0,347,3,347,0,347,0,347,0,347,0,347,0,347,0,347,0,347,0,347,0,347,0,347,0,347,0,347,0,347,0,347,0,347,0,347,0,347,0,347,0,347,0,347,0,347,0,347,0,347,0,347,0,347,0,347,0,347,0,347,0,347,0,347,0,347,0,347,0,347,0,347,0,347,0,347,0,347,0,347,0,347,0,347,0,347,0,347,0,347,0,347,0,347,0,347,0,347,0,347,0,347,0,347,0,347,0,347,0,347,0,347,0,347,0,347,0,347,0,347,0,347,0,347,0,347,0,347,0,347,0,347,0,347,0,347,0,347,0,347,0,347,0,347,0,347,0,347,0,347,0,347,0,347,0,347,0,347,0,347,0,347,0,347,0,347,0,347,0,347,0,347,0,347,0,347,0,347,0,347,0,347,0,347,0,347,0,347,0,347,0,347,0,347,0,347,0,347,0,347,0,347,0,347,0,347,0,347,0,347,0,347,0,347,0,347,0,347,0,347,0,347,0,347,0,347,0,347,0,347,0,347,0,347,0,347,0,347,0,347,0,347,0,347,0,347,0,347,0,347,0,347,0,347,0,347,0,347,0,347,0,347,0,347,0,347,0,347,0,347,0,347,0,347,0,347,0,347,0,347,0,347,0,347,0,347,0,347,0,347,0,347,0,347,0,347,0,347,19,347,0,347,0,347,19,347,4,347,0,347,0,347,0,347,0,347,0,347,0,347,0,347,0,347,0,347,0,347,0,347,0,347,0,347,0,347,0,347,0,347,0,347,0,347,0,347,0,347,0,347,0,347,0,347,0,347,0,347,0,347,0,347,0,347,0,347,0,347,0,347,0,347,0,347,0,347,0,347,0,347,0,347,0,347,0,347,0,347,0,347,0,347,0,347,0,347,0,347,0,347,0,347,0,347,0,347,0,347,0,347,0,347,0,347,0,347,0,347,0,347,0,347,0,347,0,347,0,347,0,347,0,347,0,347,0,347,0,347,0,347,0,347,0,347,0,347,0,347,0,347,0,347,0,347,0,347,0,347,0,347,0,347,0,347,0,347,0,347,0,347,0,347,0,347,0,347,0,347,0,347,0,347,0,347,0,347,0,347,0,347,0,347,0,347,0,347,0,347,0,347,0,347,0,347,0,347,0,347,0,347,0,347,0,347,0,347,0,347,0,347,0,347,0,347,0,347,0,347,0,347,0,347,0,347,0,347,0,347,0,347,0,347,0,347,0,347,0,347,0,347,0,347,0
,,348,0,348,0,348,0,348,0,348,0,348,0,348,0,348,0,348,0,348,0,348,0,348,0,348,0,348,0,348,0,348,0,348,0,348,0,348,0,348,0,348,0,348,0,348,0,348,0,348,0,348,0,348,0,348,0,348,0,348,0,348,0,348,0,348,0,348,0,348,0,348,0,348,0,348,0,348,0,348,0,348,0,348,0,348,0,348,0,348,0,348,0,348,0,348,0,348,0,348,0,348,0,348,0,348,0,348,0,348,0,348,0,348,0,348,0,348,0,348,0,348,0,348,0,348,0,348,0,348,0,348,0,348,0,348,0,348,0,348,0,348,0,348,0,348,0,348,0,348,0,348,0,348,0,348,0,348,0,348,0,348,0,348,0,348,0,348,0,348,0,348,0,348,0,348,0,348,0,348,0,348,0,348,0,348,0,348,0,348,0,348,0,348,0,348,0,348,0,348,0,348,0,348,0,348,0,348,0,348,0,348,0,348,0,348,0,348,0,348,0,348,0,348,0,348,0,348,0,348,0,348,0,348,0,348,0,348,0,348,0,348,0,348,2,348,0,348,0,348,0,348,0,348,0,348,0,348,0,348,0,348,0,348,0,348,0,348,0,348,0,348,0,348,0,348,0,348,0,348,0,348,0,348,0,348,0,348,0,348,0,348,0,348,0,348,0,348,0,348,0,348,0,348,0,348,0,348,0,348,0,348,0,348,0,348,0,348,0,348,0,348,0,348,0,348,0,348,0,348,0,348,0,348,0,348,0,348,0,348,0,348,0,348,0,348,0,348,0,348,0,348,0,348,0,348,0,348,0,348,0,348,0,348,0,348,0,348,0,348,0,348,0,348,0,348,0,348,0,348,0,348,0,348,0,348,0,348,0,348,0,348,0,348,0,348,0,348,0,348,0,348,0,348,0,348,0,348,0,348,0,348,0,348,0,348,0,348,0,348,0,348,0,348,0,348,0,348,0,348,0,348,0,348,0,348,0,348,0,348,0,348,0,348,0,348,0,348,0,348,0,348,0,348,0,348,0,348,0,348,0,348,0,348,0,348,0,348,0,348,0,348,0,348,0,348,0,348,0,348,0,348,0,348,0,348,0,348,0,348,0,348,0,348,0,348,0,348,0,348,0,348,0,348,0,348,0,348,0,348,0,348,0,348,0,348,0,348,0,348,0,348,0,348,0,348,0,348,0,348,2,348,0,348,0,348,0,348,7,348,0,348,0,348,0,348,0,348,0,348,0,348,0,348,0,348,0,348,0,348,0,348,0,348,0,348,0,348,0,348,0,348,0,348,0,348,0,348,0,348,0,348,0,348,0,348,0,348,0,348,0,348,0,348,0,348,0,348,0,348,0,348,0,348,0,348,0,348,0,348,0,348,0,348,0,348,0,348,0,348,0,348,0,348,0,348,0,348,0,348,0,348,0,348,0,348,0,348,0,348,0,348,0,348,0,348,0,348,0,348,0,348,0,348,0,348,0,348,0,348,0,348,0,348,0,348,0,348,0,348,0,348,0,348,0,348,0,348,0,348,0,348,0,348,0,348,0,348,0,348,0,348,0,348,0,348,0,348,0,348,0,348,0,348,0,348,0,348,0,348,0,348,0,348,0,348,0,348,0,348,0,348,0,348,0,348,0,348,0,348,0,348,0,348,0,348,0,348,0,348,0,348,0,348,0,348,0,348,0,348,0,348,0,348,0,348,0,348,0,348,0,348,0,348,0,348,0,348,0,348,0,348,0,348,0,348,0,348,0,348,0,348,0,348,0,348,0,348,0,348,0,348,0,348,0,348,0,348,0,348,0,348,0,348,0,348,0,348,0,348,0,348,0,348,0,348,0,348,0,348,0,348,0,348,0,348,0,348,0,348,0,348,0,348,22,348,0,348,0,348,15,348,2,348,0,348,0,348,0,348,0,348,0,348,0,348,0,348,0,348,0,348,0,348,0,348,0,348,0,348,0,348,0,348,0,348,0,348,0,348,0,348,0,348,0,348,0,348,0,348,0,348,0,348,0,348,0,348,0,348,0,348,0,348,0,348,0,348,0,348,0,348,0,348,0,348,0,348,0,348,0,348,0,348,0,348,0,348,0,348,0,348,0,348,0,348,0,348,0,348,0,348,0,348,0,348,0,348,0,348,0,348,0,348,0,348,0,348,0,348,0,348,0,348,0,348,0,348,0,348,0,348,0,348,0,348,0,348,0,348,0,348,0,348,0,348,0,348,0,348,0,348,0,348,0,348,0,348,0,348,0,348,0,348,0,348,0,348,0,348,0,348,0,348,0,348,0,348,0,348,0,348,0,348,0,348,0,348,0,348,0,348,0,348,0,348,0,348,0,348,0,348,0,348,0,348,0,348,0,348,0,348,0,348,0,348,0,348,0,348,0,348,0,348,0,348,0,348,0,348,0,348,0,348,0,348,0,348,0,348,0,348,0,348,0,348,0,348,0
,,349,0,349,0,349,0,349,0,349,0,349,0,349,0,349,0,349,0,349,0,349,0,349,0,349,0,349,0,349,0,349,0,349,0,349,0,349,0,349,0,349,0,349,0,349,0,349,0,349,0,349,0,349,0,349,0,349,0,349,0,349,0,349,0,349,0,349,0,349,0,349,0,349,0,349,0,349,0,349,0,349,0,349,0,349,0,349,0,349,0,349,0,349,0,349,0,349,0,349,0,349,0,349,0,349,0,349,0,349,0,349,0,349,0,349,0,349,0,349,0,349,0,349,0,349,0,349,0,349,0,349,0,349,0,349,0,349,0,349,0,349,0,349,0,349,0,349,0,349,0,349,0,349,0,349,0,349,0,349,0,349,0,349,0,349,0,349,0,349,0,349,0,349,0,349,0,349,0,349,0,349,0,349,0,349,0,349,0,349,0,349,0,349,0,349,0,349,0,349,0,349,0,349,0,349,0,349,0,349,0,349,0,349,0,349,0,349,0,349,0,349,0,349,0,349,0,349,0,349,0,349,0,349,0,349,0,349,0,349,0,349,0,349,8,349,0,349,0,349,0,349,0,349,0,349,0,349,0,349,0,349,0,349,0,349,0,349,0,349,0,349,0,349,0,349,0,349,0,349,0,349,0,349,0,349,0,349,0,349,0,349,0,349,0,349,0,349,0,349,0,349,0,349,0,349,0,349,0,349,0,349,0,349,0,349,0,349,0,349,0,349,0,349,0,349,0,349,0,349,0,349,0,349,0,349,0,349,0,349,0,349,0,349,0,349,0,349,0,349,0,349,0,349,0,349,0,349,0,349,0,349,0,349,0,349,0,349,0,349,0,349,0,349,0,349,0,349,0,349,0,349,0,349,0,349,0,349,0,349,0,349,0,349,0,349,0,349,0,349,0,349,0,349,0,349,0,349,0,349,0,349,0,349,0,349,0,349,0,349,0,349,0,349,0,349,0,349,0,349,0,349,0,349,0,349,0,349,0,349,0,349,0,349,0,349,0,349,0,349,0,349,0,349,0,349,0,349,0,349,0,349,0,349,0,349,0,349,0,349,0,349,0,349,0,349,0,349,0,349,0,349,0,349,0,349,0,349,0,349,0,349,0,349,0,349,0,349,0,349,0,349,0,349,0,349,0,349,0,349,0,349,0,349,0,349,0,349,0,349,0,349,0,349,0,349,0,349,0,349,1,349,0,349,0,349,1,349,3,349,0,349,0,349,0,349,0,349,0,349,0,349,0,349,0,349,0,349,0,349,0,349,0,349,0,349,0,349,0,349,0,349,0,349,0,349,0,349,0,349,0,349,0,349,0,349,0,349,0,349,0,349,0,349,0,349,0,349,0,349,0,349,0,349,0,349,0,349,0,349,0,349,0,349,0,349,0,349,0,349,0,349,0,349,0,349,0,349,0,349,0,349,0,349,0,349,0,349,0,349,0,349,0,349,0,349,0,349,0,349,0,349,0,349,0,349,0,349,0,349,0,349,0,349,0,349,0,349,0,349,0,349,0,349,0,349,0,349,0,349,0,349,0,349,0,349,0,349,0,349,0,349,0,349,0,349,0,349,0,349,0,349,0,349,0,349,0,349,0,349,0,349,0,349,0,349,0,349,0,349,0,349,0,349,0,349,0,349,0,349,0,349,0,349,0,349,0,349,0,349,0,349,0,349,0,349,0,349,0,349,0,349,0,349,0,349,0,349,0,349,0,349,0,349,0,349,0,349,0,349,0,349,0,349,0,349,0,349,0,349,0,349,0,349,0,349,0,349,0,349,0,349,0,349,0,349,0,349,0,349,0,349,0,349,0,349,0,349,0,349,0,349,0,349,0,349,0,349,0,349,0,349,0,349,0,349,0,349,0,349,0,349,0,349,18,349,0,349,0,349,13,349,0,349,0,349,0,349,0,349,0,349,0,349,0,349,0,349,0,349,0,349,0,349,0,349,0,349,0,349,0,349,0,349,0,349,0,349,0,349,0,349,0,349,0,349,0,349,0,349,0,349,0,349,0,349,0,349,0,349,0,349,0,349,0,349,0,349,0,349,0,349,0,349,0,349,0,349,0,349,0,349,0,349,0,349,0,349,0,349,0,349,0,349,0,349,0,349,0,349,0,349,0,349,0,349,0,349,0,349,0,349,0,349,0,349,0,349,0,349,0,349,0,349,0,349,0,349,0,349,0,349,0,349,0,349,0,349,0,349,0,349,0,349,0,349,0,349,0,349,0,349,0,349,0,349,0,349,0,349,0,349,0,349,0,349,0,349,0,349,0,349,0,349,0,349,0,349,0,349,0,349,0,349,0,349,0,349,0,349,0,349,0,349,0,349,0,349,0,349,0,349,0,349,0,349,0,349,0,349,0,349,0,349,0,349,0,349,0,349,0,349,0,349,0,349,0,349,0,349,0,349,0,349,0,349,0,349,0,349,0,349,0,349,0,349,0,349,0
,,350,0,350,0,350,0,350,0,350,0,350,0,350,0,350,0,350,0,350,0,350,0,350,0,350,0,350,0,350,0,350,0,350,0,350,0,350,0,350,0,350,0,350,0,350,0,350,0,350,0,350,0,350,0,350,0,350,0,350,0,350,0,350,0,350,0,350,0,350,0,350,0,350,0,350,0,350,0,350,0,350,0,350,0,350,0,350,0,350,0,350,0,350,0,350,0,350,0,350,0,350,0,350,0,350,0,350,0,350,0,350,0,350,0,350,0,350,0,350,0,350,0,350,0,350,0,350,0,350,0,350,0,350,0,350,0,350,0,350,0,350,0,350,0,350,0,350,0,350,0,350,0,350,0,350,0,350,0,350,0,350,0,350,0,350,0,350,0,350,0,350,0,350,0,350,0,350,0,350,0,350,0,350,0,350,0,350,0,350,0,350,0,350,0,350,0,350,0,350,0,350,0,350,0,350,0,350,0,350,0,350,0,350,0,350,0,350,0,350,0,350,0,350,0,350,0,350,0,350,0,350,0,350,0,350,0,350,0,350,0,350,0,350,7,350,0,350,0,350,0,350,0,350,0,350,0,350,0,350,0,350,0,350,0,350,0,350,0,350,0,350,0,350,0,350,0,350,0,350,0,350,0,350,0,350,0,350,0,350,0,350,0,350,0,350,0,350,0,350,0,350,0,350,0,350,0,350,0,350,0,350,0,350,0,350,0,350,0,350,0,350,0,350,0,350,0,350,0,350,0,350,0,350,0,350,0,350,0,350,0,350,0,350,0,350,0,350,0,350,0,350,0,350,0,350,0,350,0,350,0,350,0,350,0,350,0,350,0,350,0,350,0,350,0,350,0,350,0,350,0,350,0,350,0,350,0,350,0,350,0,350,0,350,0,350,0,350,0,350,0,350,0,350,0,350,0,350,0,350,0,350,0,350,0,350,0,350,0,350,0,350,0,350,0,350,0,350,0,350,0,350,0,350,0,350,0,350,0,350,0,350,0,350,0,350,0,350,0,350,0,350,0,350,0,350,0,350,0,350,0,350,0,350,0,350,0,350,0,350,0,350,0,350,0,350,0,350,0,350,0,350,0,350,0,350,0,350,0,350,0,350,0,350,0,350,0,350,0,350,0,350,0,350,0,350,0,350,0,350,0,350,0,350,0,350,0,350,0,350,0,350,0,350,0,350,0,350,0,350,2,350,0,350,0,350,1,350,5,350,0,350,0,350,0,350,0,350,0,350,0,350,0,350,0,350,0,350,0,350,0,350,0,350,0,350,0,350,0,350,0,350,0,350,0,350,0,350,0,350,0,350,0,350,0,350,0,350,0,350,0,350,0,350,0,350,0,350,0,350,0,350,0,350,0,350,0,350,0,350,0,350,0,350,0,350,0,350,0,350,0,350,0,350,0,350,0,350,0,350,0,350,0,350,0,350,0,350,0,350,0,350,0,350,0,350,0,350,0,350,0,350,0,350,0,350,0,350,0,350,0,350,0,350,0,350,0,350,0,350,0,350,0,350,0,350,0,350,0,350,0,350,0,350,0,350,0,350,0,350,0,350,0,350,0,350,0,350,0,350,0,350,0,350,0,350,0,350,0,350,0,350,0,350,0,350,0,350,0,350,0,350,0,350,0,350,0,350,0,350,0,350,0,350,0,350,0,350,0,350,0,350,0,350,0,350,0,350,0,350,0,350,0,350,0,350,0,350,0,350,0,350,0,350,0,350,0,350,0,350,0,350,0,350,0,350,0,350,0,350,0,350,0,350,0,350,0,350,0,350,0,350,0,350,0,350,0,350,0,350,0,350,0,350,0,350,0,350,0,350,0,350,0,350,0,350,0,350,0,350,0,350,0,350,0,350,0,350,0,350,0,350,0,350,15,350,0,350,0,350,15,350,0,350,0,350,0,350,0,350,0,350,0,350,0,350,0,350,0,350,0,350,0,350,0,350,0,350,0,350,0,350,0,350,0,350,0,350,0,350,0,350,0,350,0,350,0,350,0,350,0,350,0,350,0,350,0,350,0,350,0,350,0,350,0,350,0,350,0,350,0,350,0,350,0,350,0,350,0,350,0,350,0,350,0,350,0,350,0,350,0,350,0,350,0,350,0,350,0,350,0,350,0,350,0,350,0,350,0,350,0,350,0,350,0,350,0,350,0,350,0,350,0,350,0,350,0,350,0,350,0,350,0,350,0,350,0,350,0,350,0,350,0,350,0,350,0,350,0,350,0,350,0,350,0,350,0,350,0,350,0,350,0,350,0,350,0,350,0,350,0,350,0,350,0,350,0,350,0,350,0,350,0,350,0,350,0,350,0,350,0,350,0,350,0,350,0,350,0,350,0,350,0,350,0,350,0,350,0,350,0,350,0,350,0,350,0,350,0,350,0,350,0,350,0,350,0,350,0,350,0,350,0,350,0,350,0,350,0,350,0,350,0,350,0,350,0,350,0
,,351,0,351,0,351,0,351,0,351,0,351,0,351,0,351,0,351,0,351,0,351,0,351,0,351,0,351,0,351,0,351,0,351,0,351,0,351,0,351,0,351,0,351,0,351,0,351,0,351,0,351,0,351,0,351,0,351,0,351,0,351,0,351,0,351,0,351,0,351,0,351,0,351,0,351,0,351,0,351,0,351,0,351,0,351,0,351,0,351,0,351,0,351,0,351,0,351,0,351,0,351,0,351,0,351,0,351,0,351,0,351,0,351,0,351,0,351,0,351,0,351,0,351,0,351,0,351,0,351,0,351,0,351,0,351,0,351,0,351,0,351,0,351,0,351,0,351,0,351,0,351,0,351,0,351,0,351,0,351,0,351,0,351,0,351,0,351,0,351,0,351,0,351,0,351,0,351,0,351,0,351,0,351,0,351,0,351,0,351,0,351,0,351,0,351,0,351,0,351,0,351,0,351,0,351,0,351,0,351,0,351,0,351,0,351,0,351,0,351,0,351,0,351,0,351,0,351,0,351,0,351,0,351,0,351,0,351,0,351,0,351,0,351,5,351,0,351,0,351,0,351,0,351,0,351,0,351,0,351,0,351,0,351,0,351,0,351,0,351,0,351,0,351,0,351,0,351,0,351,0,351,0,351,0,351,0,351,0,351,0,351,0,351,0,351,0,351,0,351,0,351,0,351,0,351,0,351,0,351,0,351,0,351,0,351,0,351,0,351,0,351,0,351,0,351,0,351,0,351,0,351,0,351,0,351,0,351,0,351,0,351,0,351,0,351,0,351,0,351,0,351,0,351,0,351,0,351,0,351,0,351,0,351,0,351,0,351,0,351,0,351,0,351,0,351,0,351,0,351,0,351,0,351,0,351,0,351,0,351,0,351,0,351,0,351,0,351,0,351,0,351,0,351,0,351,0,351,0,351,0,351,0,351,0,351,0,351,0,351,0,351,0,351,0,351,0,351,0,351,0,351,0,351,0,351,0,351,0,351,0,351,0,351,0,351,0,351,0,351,0,351,0,351,0,351,0,351,0,351,0,351,0,351,0,351,0,351,0,351,0,351,0,351,0,351,0,351,0,351,0,351,0,351,0,351,0,351,0,351,0,351,0,351,0,351,0,351,0,351,0,351,0,351,0,351,0,351,0,351,0,351,0,351,0,351,0,351,0,351,0,351,0,351,0,351,0,351,0,351,0,351,0,351,0,351,0,351,8,351,0,351,0,351,0,351,0,351,0,351,0,351,0,351,0,351,0,351,0,351,0,351,0,351,0,351,0,351,0,351,0,351,0,351,0,351,0,351,0,351,0,351,0,351,0,351,0,351,0,351,0,351,0,351,0,351,0,351,0,351,0,351,0,351,0,351,0,351,0,351,0,351,0,351,0,351,0,351,0,351,0,351,0,351,0,351,0,351,0,351,0,351,0,351,0,351,0,351,0,351,0,351,0,351,0,351,0,351,0,351,0,351,0,351,0,351,0,351,0,351,0,351,0,351,0,351,0,351,0,351,0,351,0,351,0,351,0,351,0,351,0,351,0,351,0,351,0,351,0,351,0,351,0,351,0,351,0,351,0,351,0,351,0,351,0,351,0,351,0,351,0,351,0,351,0,351,0,351,0,351,0,351,0,351,0,351,0,351,0,351,0,351,0,351,0,351,0,351,0,351,0,351,0,351,0,351,0,351,0,351,0,351,0,351,0,351,0,351,0,351,0,351,0,351,0,351,0,351,0,351,0,351,0,351,0,351,0,351,0,351,0,351,0,351,0,351,0,351,0,351,0,351,0,351,0,351,0,351,0,351,0,351,0,351,0,351,0,351,0,351,0,351,0,351,0,351,0,351,0,351,0,351,0,351,0,351,0,351,0,351,0,351,0,351,27,351,0,351,0,351,11,351,0,351,0,351,0,351,0,351,0,351,0,351,0,351,0,351,0,351,0,351,0,351,0,351,0,351,0,351,0,351,0,351,0,351,0,351,0,351,0,351,0,351,0,351,0,351,0,351,0,351,0,351,0,351,0,351,0,351,0,351,0,351,0,351,0,351,0,351,0,351,0,351,0,351,0,351,0,351,0,351,0,351,0,351,0,351,0,351,0,351,0,351,0,351,0,351,0,351,0,351,0,351,0,351,0,351,0,351,0,351,0,351,0,351,0,351,0,351,0,351,0,351,0,351,0,351,0,351,0,351,0,351,0,351,0,351,0,351,0,351,0,351,0,351,0,351,0,351,0,351,0,351,0,351,0,351,0,351,0,351,0,351,0,351,0,351,0,351,0,351,0,351,0,351,0,351,0,351,0,351,0,351,0,351,0,351,0,351,0,351,0,351,0,351,0,351,0,351,0,351,0,351,0,351,0,351,0,351,0,351,0,351,0,351,0,351,0,351,0,351,0,351,0,351,0,351,0,351,0,351,0,351,0,351,0,351,0,351,0,351,0,351,0,351,0,351,0
,,352,0,352,0,352,0,352,0,352,0,352,0,352,0,352,0,352,0,352,0,352,0,352,0,352,0,352,0,352,0,352,0,352,0,352,0,352,0,352,0,352,0,352,0,352,0,352,0,352,0,352,0,352,0,352,0,352,0,352,0,352,0,352,0,352,0,352,0,352,0,352,0,352,0,352,0,352,0,352,0,352,0,352,0,352,0,352,0,352,0,352,0,352,0,352,0,352,0,352,0,352,0,352,0,352,0,352,0,352,0,352,0,352,0,352,0,352,0,352,0,352,0,352,0,352,0,352,0,352,0,352,0,352,0,352,0,352,0,352,0,352,0,352,0,352,0,352,0,352,0,352,0,352,0,352,0,352,0,352,0,352,0,352,0,352,0,352,0,352,0,352,0,352,0,352,0,352,0,352,0,352,0,352,0,352,0,352,0,352,0,352,0,352,0,352,0,352,0,352,0,352,0,352,0,352,0,352,0,352,0,352,0,352,0,352,0,352,0,352,0,352,0,352,0,352,0,352,0,352,0,352,0,352,0,352,0,352,0,352,0,352,0,352,4,352,0,352,0,352,0,352,0,352,0,352,0,352,0,352,0,352,0,352,0,352,0,352,0,352,0,352,0,352,0,352,0,352,0,352,0,352,0,352,0,352,0,352,0,352,0,352,0,352,0,352,0,352,0,352,0,352,0,352,0,352,0,352,0,352,0,352,0,352,0,352,0,352,0,352,0,352,0,352,0,352,0,352,0,352,0,352,0,352,0,352,0,352,0,352,0,352,0,352,0,352,0,352,0,352,0,352,0,352,0,352,0,352,0,352,0,352,0,352,0,352,0,352,0,352,0,352,0,352,0,352,0,352,0,352,0,352,0,352,0,352,0,352,0,352,0,352,0,352,0,352,0,352,0,352,0,352,0,352,0,352,0,352,0,352,0,352,0,352,0,352,0,352,0,352,0,352,0,352,0,352,0,352,0,352,0,352,0,352,0,352,0,352,0,352,0,352,0,352,0,352,0,352,0,352,0,352,0,352,0,352,0,352,0,352,0,352,0,352,0,352,0,352,0,352,0,352,0,352,0,352,0,352,0,352,0,352,0,352,0,352,0,352,0,352,0,352,0,352,0,352,0,352,0,352,0,352,0,352,0,352,0,352,0,352,0,352,0,352,0,352,0,352,0,352,0,352,0,352,0,352,0,352,0,352,0,352,0,352,0,352,1,352,11,352,0,352,0,352,0,352,0,352,0,352,0,352,0,352,0,352,0,352,0,352,0,352,0,352,0,352,0,352,0,352,0,352,0,352,0,352,0,352,0,352,0,352,0,352,0,352,0,352,0,352,0,352,0,352,0,352,0,352,0,352,0,352,0,352,0,352,0,352,0,352,0,352,0,352,0,352,0,352,0,352,0,352,0,352,0,352,0,352,0,352,0,352,0,352,0,352,0,352,0,352,0,352,0,352,0,352,0,352,0,352,0,352,0,352,0,352,0,352,0,352,0,352,0,352,0,352,0,352,0,352,0,352,0,352,0,352,0,352,0,352,0,352,0,352,0,352,0,352,0,352,0,352,0,352,0,352,0,352,0,352,0,352,0,352,0,352,0,352,0,352,0,352,0,352,0,352,0,352,0,352,0,352,0,352,0,352,0,352,0,352,0,352,0,352,0,352,0,352,0,352,0,352,0,352,0,352,0,352,0,352,0,352,0,352,0,352,0,352,0,352,0,352,0,352,0,352,0,352,0,352,0,352,0,352,0,352,0,352,0,352,0,352,0,352,0,352,0,352,0,352,0,352,0,352,0,352,0,352,0,352,0,352,0,352,0,352,0,352,0,352,0,352,0,352,0,352,0,352,0,352,0,352,0,352,0,352,0,352,0,352,0,352,0,352,19,352,0,352,0,352,7,352,0,352,0,352,0,352,0,352,0,352,0,352,0,352,0,352,0,352,0,352,0,352,0,352,0,352,0,352,0,352,0,352,0,352,0,352,0,352,0,352,0,352,0,352,0,352,0,352,0,352,0,352,0,352,0,352,0,352,0,352,0,352,0,352,0,352,0,352,0,352,0,352,0,352,0,352,0,352,0,352,0,352,0,352,0,352,0,352,0,352,0,352,0,352,0,352,0,352,0,352,0,352,0,352,0,352,0,352,0,352,0,352,0,352,0,352,0,352,0,352,0,352,0,352,0,352,0,352,0,352,0,352,0,352,0,352,0,352,0,352,0,352,0,352,0,352,0,352,0,352,0,352,0,352,0,352,0,352,0,352,0,352,0,352,0,352,0,352,0,352,0,352,0,352,0,352,0,352,0,352,0,352,0,352,0,352,0,352,0,352,0,352,0,352,0,352,0,352,0,352,0,352,0,352,0,352,0,352,0,352,0,352,0,352,0,352,0,352,0,352,0,352,0,352,0,352,0,352,0,352,0,352,0,352,0,352,0,352,0,352,0,352,0,352,0,352,0
,,353,0,353,0,353,0,353,0,353,0,353,0,353,0,353,0,353,0,353,0,353,0,353,0,353,0,353,0,353,0,353,0,353,0,353,0,353,0,353,0,353,0,353,0,353,0,353,0,353,0,353,0,353,0,353,0,353,0,353,0,353,0,353,0,353,0,353,0,353,0,353,0,353,0,353,0,353,0,353,0,353,0,353,0,353,0,353,0,353,0,353,0,353,0,353,0,353,0,353,0,353,0,353,0,353,0,353,0,353,0,353,0,353,0,353,0,353,0,353,0,353,0,353,0,353,0,353,0,353,0,353,0,353,0,353,0,353,0,353,0,353,0,353,0,353,0,353,0,353,0,353,0,353,0,353,0,353,0,353,0,353,0,353,0,353,0,353,0,353,0,353,0,353,0,353,0,353,0,353,0,353,0,353,0,353,0,353,0,353,0,353,0,353,0,353,0,353,0,353,0,353,0,353,0,353,0,353,0,353,0,353,0,353,0,353,0,353,0,353,0,353,0,353,0,353,0,353,0,353,0,353,0,353,0,353,0,353,0,353,0,353,0,353,4,353,0,353,0,353,0,353,0,353,0,353,0,353,0,353,0,353,0,353,0,353,0,353,0,353,0,353,0,353,0,353,0,353,0,353,0,353,0,353,0,353,0,353,0,353,0,353,0,353,0,353,0,353,0,353,0,353,0,353,0,353,0,353,0,353,0,353,0,353,0,353,0,353,0,353,0,353,0,353,0,353,0,353,0,353,0,353,0,353,0,353,0,353,0,353,0,353,0,353,0,353,0,353,0,353,0,353,0,353,0,353,0,353,0,353,0,353,0,353,0,353,0,353,0,353,0,353,0,353,0,353,0,353,0,353,0,353,0,353,0,353,0,353,0,353,0,353,0,353,0,353,0,353,0,353,0,353,0,353,0,353,0,353,0,353,0,353,0,353,0,353,0,353,0,353,0,353,0,353,0,353,0,353,0,353,0,353,0,353,0,353,0,353,0,353,0,353,0,353,0,353,0,353,0,353,0,353,0,353,0,353,0,353,0,353,0,353,0,353,0,353,0,353,0,353,0,353,0,353,0,353,0,353,0,353,0,353,0,353,0,353,0,353,0,353,0,353,0,353,0,353,0,353,0,353,0,353,0,353,0,353,0,353,0,353,0,353,0,353,0,353,0,353,0,353,0,353,0,353,0,353,0,353,0,353,3,353,0,353,0,353,1,353,6,353,0,353,0,353,0,353,0,353,0,353,0,353,0,353,0,353,0,353,0,353,0,353,0,353,0,353,0,353,0,353,0,353,0,353,0,353,0,353,0,353,0,353,0,353,0,353,0,353,0,353,0,353,0,353,0,353,0,353,0,353,0,353,0,353,0,353,0,353,0,353,0,353,0,353,0,353,0,353,0,353,0,353,0,353,0,353,0,353,0,353,0,353,0,353,0,353,0,353,0,353,0,353,0,353,0,353,0,353,0,353,0,353,0,353,0,353,0,353,0,353,0,353,0,353,0,353,0,353,0,353,0,353,0,353,0,353,0,353,0,353,0,353,0,353,0,353,0,353,0,353,0,353,0,353,0,353,0,353,0,353,0,353,0,353,0,353,0,353,0,353,0,353,0,353,0,353,0,353,0,353,0,353,0,353,0,353,0,353,0,353,0,353,0,353,0,353,0,353,0,353,0,353,0,353,0,353,0,353,0,353,0,353,0,353,0,353,0,353,0,353,0,353,0,353,0,353,0,353,0,353,0,353,0,353,0,353,0,353,0,353,0,353,0,353,0,353,0,353,0,353,0,353,0,353,0,353,0,353,0,353,0,353,0,353,0,353,0,353,0,353,0,353,0,353,0,353,0,353,0,353,0,353,0,353,0,353,0,353,0,353,0,353,0,353,14,353,0,353,0,353,15,353,0,353,0,353,0,353,0,353,0,353,0,353,0,353,0,353,0,353,0,353,0,353,0,353,0,353,0,353,0,353,0,353,0,353,0,353,0,353,0,353,0,353,0,353,0,353,0,353,0,353,0,353,0,353,0,353,0,353,0,353,0,353,0,353,0,353,0,353,0,353,0,353,0,353,0,353,0,353,0,353,0,353,0,353,0,353,0,353,0,353,0,353,0,353,0,353,0,353,0,353,0,353,0,353,0,353,0,353,0,353,0,353,0,353,0,353,0,353,0,353,0,353,0,353,0,353,0,353,0,353,0,353,0,353,0,353,0,353,0,353,0,353,0,353,0,353,0,353,0,353,0,353,0,353,0,353,0,353,0,353,0,353,0,353,0,353,0,353,0,353,0,353,0,353,0,353,0,353,0,353,0,353,0,353,0,353,0,353,0,353,0,353,0,353,0,353,0,353,0,353,0,353,0,353,0,353,0,353,0,353,0,353,0,353,0,353,0,353,0,353,0,353,0,353,0,353,0,353,0,353,0,353,0,353,0,353,0,353,0,353,0,353,0,353,0,353,0
,,354,0,354,0,354,0,354,0,354,0,354,0,354,0,354,0,354,0,354,0,354,0,354,0,354,0,354,0,354,0,354,0,354,0,354,0,354,0,354,0,354,0,354,0,354,0,354,0,354,0,354,0,354,0,354,0,354,0,354,0,354,0,354,0,354,0,354,0,354,0,354,0,354,0,354,0,354,0,354,0,354,0,354,0,354,0,354,0,354,0,354,0,354,0,354,0,354,0,354,0,354,0,354,0,354,0,354,0,354,0,354,0,354,0,354,0,354,0,354,0,354,0,354,0,354,0,354,0,354,0,354,0,354,0,354,0,354,0,354,0,354,0,354,0,354,0,354,0,354,0,354,0,354,0,354,0,354,0,354,0,354,0,354,0,354,0,354,0,354,0,354,0,354,0,354,0,354,0,354,0,354,0,354,0,354,0,354,0,354,0,354,0,354,0,354,0,354,0,354,0,354,0,354,0,354,0,354,0,354,0,354,0,354,0,354,0,354,0,354,0,354,0,354,0,354,0,354,0,354,0,354,0,354,0,354,0,354,0,354,0,354,0,354,5,354,0,354,0,354,0,354,0,354,0,354,0,354,0,354,0,354,0,354,0,354,0,354,0,354,0,354,0,354,0,354,0,354,0,354,0,354,0,354,0,354,0,354,0,354,0,354,0,354,0,354,0,354,0,354,0,354,0,354,0,354,0,354,0,354,0,354,0,354,0,354,0,354,0,354,0,354,0,354,0,354,0,354,0,354,0,354,0,354,0,354,0,354,0,354,0,354,0,354,0,354,0,354,0,354,0,354,0,354,0,354,0,354,0,354,0,354,0,354,0,354,0,354,0,354,0,354,0,354,0,354,0,354,0,354,0,354,0,354,0,354,0,354,0,354,0,354,0,354,0,354,0,354,0,354,0,354,0,354,0,354,0,354,0,354,0,354,0,354,0,354,0,354,0,354,0,354,0,354,0,354,0,354,0,354,0,354,0,354,0,354,0,354,0,354,0,354,0,354,0,354,0,354,0,354,0,354,0,354,0,354,0,354,0,354,0,354,0,354,0,354,0,354,0,354,0,354,0,354,0,354,0,354,0,354,0,354,0,354,0,354,0,354,0,354,0,354,0,354,0,354,0,354,0,354,0,354,0,354,0,354,0,354,0,354,0,354,0,354,0,354,0,354,0,354,0,354,0,354,0,354,0,354,0,354,0,354,0,354,0,354,0,354,8,354,0,354,0,354,0,354,0,354,0,354,0,354,0,354,0,354,0,354,0,354,0,354,0,354,0,354,0,354,0,354,0,354,0,354,0,354,0,354,0,354,0,354,0,354,0,354,0,354,0,354,0,354,0,354,0,354,0,354,0,354,0,354,0,354,0,354,0,354,0,354,0,354,0,354,0,354,0,354,0,354,0,354,0,354,0,354,0,354,0,354,0,354,0,354,0,354,0,354,0,354,0,354,0,354,0,354,0,354,0,354,0,354,0,354,0,354,0,354,0,354,0,354,0,354,0,354,0,354,0,354,0,354,0,354,0,354,0,354,0,354,0,354,0,354,0,354,0,354,0,354,0,354,0,354,0,354,0,354,0,354,0,354,0,354,0,354,0,354,0,354,0,354,0,354,0,354,0,354,0,354,0,354,0,354,0,354,0,354,0,354,0,354,0,354,0,354,0,354,0,354,0,354,0,354,0,354,0,354,0,354,0,354,0,354,0,354,0,354,0,354,0,354,0,354,0,354,0,354,0,354,0,354,0,354,0,354,0,354,0,354,0,354,0,354,0,354,0,354,0,354,0,354,0,354,0,354,0,354,0,354,0,354,0,354,0,354,0,354,0,354,0,354,0,354,0,354,0,354,0,354,0,354,0,354,0,354,0,354,0,354,0,354,0,354,21,354,0,354,0,354,7,354,0,354,0,354,0,354,0,354,0,354,0,354,0,354,0,354,0,354,0,354,0,354,0,354,0,354,0,354,0,354,0,354,0,354,0,354,0,354,0,354,0,354,0,354,0,354,0,354,0,354,0,354,0,354,0,354,0,354,0,354,0,354,0,354,0,354,0,354,0,354,0,354,0,354,0,354,0,354,0,354,0,354,0,354,0,354,0,354,0,354,0,354,0,354,0,354,0,354,0,354,0,354,0,354,0,354,0,354,0,354,0,354,0,354,0,354,0,354,0,354,0,354,0,354,0,354,0,354,0,354,0,354,0,354,0,354,0,354,0,354,0,354,0,354,0,354,0,354,0,354,0,354,0,354,0,354,0,354,0,354,0,354,0,354,0,354,0,354,0,354,0,354,0,354,0,354,0,354,0,354,0,354,0,354,0,354,0,354,0,354,0,354,0,354,0,354,0,354,0,354,0,354,0,354,0,354,0,354,0,354,0,354,0,354,0,354,0,354,0,354,0,354,0,354,0,354,0,354,0,354,0,354,0,354,0,354,0,354,0,354,0,354,0,354,0,354,0
,,355,0,355,0,355,0,355,0,355,0,355,0,355,0,355,0,355,0,355,0,355,0,355,0,355,0,355,0,355,0,355,0,355,0,355,0,355,0,355,0,355,0,355,0,355,0,355,0,355,0,355,0,355,0,355,0,355,0,355,0,355,0,355,0,355,0,355,0,355,0,355,0,355,0,355,0,355,0,355,0,355,0,355,0,355,0,355,0,355,0,355,0,355,0,355,0,355,0,355,0,355,0,355,0,355,0,355,0,355,0,355,0,355,0,355,0,355,0,355,0,355,0,355,0,355,0,355,0,355,0,355,0,355,0,355,0,355,0,355,0,355,0,355,0,355,0,355,0,355,0,355,0,355,0,355,0,355,0,355,0,355,0,355,0,355,0,355,0,355,0,355,0,355,0,355,0,355,0,355,0,355,0,355,0,355,0,355,0,355,0,355,0,355,0,355,0,355,0,355,0,355,0,355,0,355,0,355,0,355,0,355,0,355,0,355,0,355,0,355,0,355,0,355,0,355,0,355,0,355,0,355,0,355,0,355,0,355,0,355,0,355,0,355,5,355,0,355,0,355,0,355,0,355,0,355,0,355,0,355,0,355,0,355,0,355,0,355,0,355,0,355,0,355,0,355,0,355,0,355,0,355,0,355,0,355,0,355,0,355,0,355,0,355,0,355,0,355,0,355,0,355,0,355,0,355,0,355,0,355,0,355,0,355,0,355,0,355,0,355,0,355,0,355,0,355,0,355,0,355,0,355,0,355,0,355,0,355,0,355,0,355,0,355,0,355,0,355,0,355,0,355,0,355,0,355,0,355,0,355,0,355,0,355,0,355,0,355,0,355,0,355,0,355,0,355,0,355,0,355,0,355,0,355,0,355,0,355,0,355,0,355,0,355,0,355,0,355,0,355,0,355,0,355,0,355,0,355,0,355,0,355,0,355,0,355,0,355,0,355,0,355,0,355,0,355,0,355,0,355,0,355,0,355,0,355,0,355,0,355,0,355,0,355,0,355,0,355,0,355,0,355,0,355,0,355,0,355,0,355,0,355,0,355,0,355,0,355,0,355,0,355,0,355,0,355,0,355,0,355,0,355,0,355,0,355,0,355,0,355,0,355,0,355,0,355,0,355,0,355,0,355,0,355,0,355,0,355,0,355,0,355,0,355,0,355,0,355,0,355,0,355,0,355,0,355,0,355,0,355,1,355,0,355,0,355,0,355,4,355,0,355,0,355,0,355,0,355,0,355,0,355,0,355,0,355,0,355,0,355,0,355,0,355,0,355,0,355,0,355,0,355,0,355,0,355,0,355,0,355,0,355,0,355,0,355,0,355,0,355,0,355,0,355,0,355,0,355,0,355,0,355,0,355,0,355,0,355,0,355,0,355,0,355,0,355,0,355,0,355,0,355,0,355,0,355,0,355,0,355,0,355,0,355,0,355,0,355,0,355,0,355,0,355,0,355,0,355,0,355,0,355,0,355,0,355,0,355,0,355,0,355,0,355,0,355,0,355,0,355,0,355,0,355,0,355,0,355,0,355,0,355,0,355,0,355,0,355,0,355,0,355,0,355,0,355,0,355,0,355,0,355,0,355,0,355,0,355,0,355,0,355,0,355,0,355,0,355,0,355,0,355,0,355,0,355,0,355,0,355,0,355,0,355,0,355,0,355,0,355,0,355,0,355,0,355,0,355,0,355,0,355,0,355,0,355,0,355,0,355,0,355,0,355,0,355,0,355,0,355,0,355,0,355,0,355,0,355,0,355,0,355,0,355,0,355,0,355,0,355,0,355,0,355,0,355,0,355,0,355,0,355,0,355,0,355,0,355,0,355,0,355,0,355,0,355,0,355,0,355,0,355,0,355,0,355,0,355,0,355,0,355,0,355,23,355,0,355,0,355,14,355,1,355,0,355,0,355,0,355,0,355,0,355,0,355,0,355,0,355,0,355,0,355,0,355,0,355,0,355,0,355,0,355,0,355,0,355,0,355,0,355,0,355,0,355,0,355,0,355,0,355,0,355,0,355,0,355,0,355,0,355,0,355,0,355,0,355,0,355,0,355,0,355,0,355,0,355,0,355,0,355,0,355,0,355,0,355,0,355,0,355,0,355,0,355,0,355,0,355,0,355,0,355,0,355,0,355,0,355,0,355,0,355,0,355,0,355,0,355,0,355,0,355,0,355,0,355,0,355,0,355,0,355,0,355,0,355,0,355,0,355,0,355,0,355,0,355,0,355,0,355,0,355,0,355,0,355,0,355,0,355,0,355,0,355,0,355,0,355,0,355,0,355,0,355,0,355,0,355,0,355,0,355,0,355,0,355,0,355,0,355,0,355,0,355,0,355,0,355,0,355,0,355,0,355,0,355,0,355,0,355,0,355,0,355,0,355,0,355,0,355,0,355,0,355,0,355,0,355,0,355,0,355,0,355,0,355,0,355,0,355,0,355,0,355,0,355,0
,,356,0,356,0,356,0,356,0,356,0,356,0,356,0,356,0,356,0,356,0,356,0,356,0,356,0,356,0,356,0,356,0,356,0,356,0,356,0,356,0,356,0,356,0,356,0,356,0,356,0,356,0,356,0,356,0,356,0,356,0,356,0,356,0,356,0,356,0,356,0,356,0,356,0,356,0,356,0,356,0,356,0,356,0,356,0,356,0,356,0,356,0,356,0,356,0,356,0,356,0,356,0,356,0,356,0,356,0,356,0,356,0,356,0,356,0,356,0,356,0,356,0,356,0,356,0,356,0,356,0,356,0,356,0,356,0,356,0,356,0,356,0,356,0,356,0,356,0,356,0,356,0,356,0,356,0,356,0,356,0,356,0,356,0,356,0,356,0,356,0,356,0,356,0,356,0,356,0,356,0,356,0,356,0,356,0,356,0,356,0,356,0,356,0,356,0,356,0,356,0,356,0,356,0,356,0,356,0,356,0,356,0,356,0,356,0,356,0,356,0,356,0,356,0,356,0,356,0,356,0,356,0,356,0,356,0,356,0,356,0,356,0,356,4,356,0,356,0,356,0,356,0,356,0,356,0,356,0,356,0,356,0,356,0,356,0,356,0,356,0,356,0,356,0,356,0,356,0,356,0,356,0,356,0,356,0,356,0,356,0,356,0,356,0,356,0,356,0,356,0,356,0,356,0,356,0,356,0,356,0,356,0,356,0,356,0,356,0,356,0,356,0,356,0,356,0,356,0,356,0,356,0,356,0,356,0,356,0,356,0,356,0,356,0,356,0,356,0,356,0,356,0,356,0,356,0,356,0,356,0,356,0,356,0,356,0,356,0,356,0,356,0,356,0,356,0,356,0,356,0,356,0,356,0,356,0,356,0,356,0,356,0,356,0,356,0,356,0,356,0,356,0,356,0,356,0,356,0,356,0,356,0,356,0,356,0,356,0,356,0,356,0,356,0,356,0,356,0,356,0,356,0,356,0,356,0,356,0,356,0,356,0,356,0,356,0,356,0,356,0,356,0,356,0,356,0,356,0,356,0,356,0,356,0,356,0,356,0,356,0,356,0,356,0,356,0,356,0,356,0,356,0,356,0,356,0,356,0,356,0,356,0,356,0,356,0,356,0,356,0,356,0,356,0,356,0,356,0,356,0,356,0,356,0,356,0,356,0,356,0,356,0,356,0,356,0,356,0,356,2,356,0,356,0,356,0,356,8,356,0,356,0,356,0,356,0,356,0,356,0,356,0,356,0,356,0,356,0,356,0,356,0,356,0,356,0,356,0,356,0,356,0,356,0,356,0,356,0,356,0,356,0,356,0,356,0,356,0,356,0,356,0,356,0,356,0,356,0,356,0,356,0,356,0,356,0,356,0,356,0,356,0,356,0,356,0,356,0,356,0,356,0,356,0,356,0,356,0,356,0,356,0,356,0,356,0,356,0,356,0,356,0,356,0,356,0,356,0,356,0,356,0,356,0,356,0,356,0,356,0,356,0,356,0,356,0,356,0,356,0,356,0,356,0,356,0,356,0,356,0,356,0,356,0,356,0,356,0,356,0,356,0,356,0,356,0,356,0,356,0,356,0,356,0,356,0,356,0,356,0,356,0,356,0,356,0,356,0,356,0,356,0,356,0,356,0,356,0,356,0,356,0,356,0,356,0,356,0,356,0,356,0,356,0,356,0,356,0,356,0,356,0,356,0,356,0,356,0,356,0,356,0,356,0,356,0,356,0,356,0,356,0,356,0,356,0,356,0,356,0,356,0,356,0,356,0,356,0,356,0,356,0,356,0,356,0,356,0,356,0,356,0,356,0,356,0,356,0,356,0,356,0,356,0,356,0,356,0,356,0,356,0,356,0,356,0,356,0,356,0,356,0,356,24,356,0,356,0,356,12,356,0,356,0,356,0,356,0,356,0,356,0,356,0,356,0,356,0,356,0,356,0,356,0,356,0,356,0,356,0,356,0,356,0,356,0,356,0,356,0,356,0,356,0,356,0,356,0,356,0,356,0,356,0,356,0,356,0,356,0,356,0,356,0,356,0,356,0,356,0,356,0,356,0,356,0,356,0,356,0,356,0,356,0,356,0,356,0,356,0,356,0,356,0,356,0,356,0,356,0,356,0,356,0,356,0,356,0,356,0,356,0,356,0,356,0,356,0,356,0,356,0,356,0,356,0,356,0,356,0,356,0,356,0,356,0,356,0,356,0,356,0,356,0,356,0,356,0,356,0,356,0,356,0,356,0,356,0,356,0,356,0,356,0,356,0,356,0,356,0,356,0,356,0,356,0,356,0,356,0,356,0,356,0,356,0,356,0,356,0,356,0,356,0,356,0,356,0,356,0,356,0,356,0,356,0,356,0,356,0,356,0,356,0,356,0,356,0,356,0,356,0,356,0,356,0,356,0,356,0,356,0,356,0,356,0,356,0,356,0,356,0,356,0,356,0,356,0
,,357,0,357,0,357,0,357,0,357,0,357,0,357,0,357,0,357,0,357,0,357,0,357,0,357,0,357,0,357,0,357,0,357,0,357,0,357,0,357,0,357,0,357,0,357,0,357,0,357,0,357,0,357,0,357,0,357,0,357,0,357,0,357,0,357,0,357,0,357,0,357,0,357,0,357,0,357,0,357,0,357,0,357,0,357,0,357,0,357,0,357,0,357,0,357,0,357,0,357,0,357,0,357,0,357,0,357,0,357,0,357,0,357,0,357,0,357,0,357,0,357,0,357,0,357,0,357,0,357,0,357,0,357,0,357,0,357,0,357,0,357,0,357,0,357,0,357,0,357,0,357,0,357,0,357,0,357,0,357,0,357,0,357,0,357,0,357,0,357,0,357,0,357,0,357,0,357,0,357,0,357,0,357,0,357,0,357,0,357,0,357,0,357,0,357,0,357,0,357,0,357,0,357,0,357,0,357,0,357,0,357,0,357,0,357,0,357,0,357,0,357,0,357,0,357,0,357,0,357,0,357,0,357,0,357,0,357,0,357,0,357,0,357,8,357,0,357,0,357,0,357,0,357,0,357,0,357,0,357,0,357,0,357,0,357,0,357,0,357,0,357,0,357,0,357,0,357,0,357,0,357,0,357,0,357,0,357,0,357,0,357,0,357,0,357,0,357,0,357,0,357,0,357,0,357,0,357,0,357,0,357,0,357,0,357,0,357,0,357,0,357,0,357,0,357,0,357,0,357,0,357,0,357,0,357,0,357,0,357,0,357,0,357,0,357,0,357,0,357,0,357,0,357,0,357,0,357,0,357,0,357,0,357,0,357,0,357,0,357,0,357,0,357,0,357,0,357,0,357,0,357,0,357,0,357,0,357,0,357,0,357,0,357,0,357,0,357,0,357,0,357,0,357,0,357,0,357,0,357,0,357,0,357,0,357,0,357,0,357,0,357,0,357,0,357,0,357,0,357,0,357,0,357,0,357,0,357,0,357,0,357,0,357,0,357,0,357,0,357,0,357,0,357,0,357,0,357,0,357,0,357,0,357,0,357,0,357,0,357,0,357,0,357,0,357,0,357,0,357,0,357,0,357,0,357,0,357,0,357,0,357,0,357,0,357,0,357,0,357,0,357,0,357,0,357,0,357,0,357,0,357,0,357,0,357,0,357,0,357,0,357,0,357,0,357,0,357,0,357,0,357,0,357,0,357,0,357,0,357,0,357,0,357,1,357,0,357,0,357,7,357,0,357,0,357,0,357,0,357,0,357,0,357,0,357,0,357,0,357,0,357,0,357,0,357,0,357,0,357,0,357,0,357,0,357,0,357,0,357,0,357,0,357,0,357,0,357,0,357,0,357,0,357,0,357,0,357,0,357,0,357,0,357,0,357,0,357,0,357,0,357,0,357,0,357,0,357,0,357,0,357,0,357,0,357,0,357,0,357,0,357,0,357,0,357,0,357,0,357,0,357,0,357,0,357,0,357,0,357,0,357,0,357,0,357,0,357,0,357,0,357,0,357,0,357,0,357,0,357,0,357,0,357,0,357,0,357,0,357,0,357,0,357,0,357,0,357,0,357,0,357,0,357,0,357,0,357,0,357,0,357,0,357,0,357,0,357,0,357,0,357,0,357,0,357,0,357,0,357,0,357,0,357,0,357,0,357,0,357,0,357,0,357,0,357,0,357,0,357,0,357,0,357,0,357,0,357,0,357,0,357,0,357,0,357,0,357,0,357,0,357,0,357,0,357,0,357,0,357,0,357,0,357,0,357,0,357,0,357,0,357,0,357,0,357,0,357,0,357,0,357,0,357,0,357,0,357,0,357,0,357,0,357,0,357,0,357,0,357,0,357,0,357,0,357,0,357,0,357,0,357,1,357,33,357,0,357,0,357,0,357,0,357,0,357,0,357,0,357,0,357,0,357,0,357,0,357,0,357,0,357,0,357,0,357,0,357,0,357,0,357,0,357,0,357,0,357,0,357,0,357,0,357,0,357,0,357,0,357,0,357,0,357,0,357,0,357,0,357,0,357,0,357,0,357,0,357,0,357,0,357,0,357,0,357,0,357,0,357,0,357,0,357,0,357,0,357,0,357,0,357,0,357,0,357,0,357,0,357,0,357,0,357,0,357,0,357,0,357,0,357,0,357,0,357,0,357,0,357,0,357,0,357,0,357,0,357,0,357,0,357,0,357,0,357,0,357,0,357,0,357,0,357,0,357,0,357,0,357,0,357,0,357,0,357,0,357,0,357,0,357,0,357,0,357,0,357,0,357,0,357,0,357,0,357,0,357,0,357,0,357,0,357,0,357,0,357,0,357,0,357,0,357,0,357,0,357,0,357,0,357,0,357,0,357,0,357,0,357,0,357,0,357,0,357,0,357,0,357,0,357,0,357,0,357,0,357,0,357,0,357,0,357,0,357,0,357,0,357,0,357,0,357,0,357,0,357,0
,,358,0,358,0,358,0,358,0,358,0,358,0,358,0,358,0,358,0,358,0,358,0,358,0,358,0,358,0,358,0,358,0,358,0,358,0,358,0,358,0,358,0,358,0,358,0,358,0,358,0,358,0,358,0,358,0,358,0,358,0,358,0,358,0,358,0,358,0,358,0,358,0,358,0,358,0,358,0,358,0,358,0,358,0,358,0,358,0,358,0,358,0,358,0,358,0,358,0,358,0,358,0,358,0,358,0,358,0,358,0,358,0,358,0,358,0,358,0,358,0,358,0,358,0,358,0,358,0,358,0,358,0,358,0,358,0,358,0,358,0,358,0,358,0,358,0,358,0,358,0,358,0,358,0,358,0,358,0,358,0,358,0,358,0,358,0,358,0,358,0,358,0,358,0,358,0,358,0,358,0,358,0,358,0,358,0,358,0,358,0,358,0,358,0,358,0,358,0,358,0,358,0,358,0,358,0,358,0,358,0,358,0,358,0,358,0,358,0,358,0,358,0,358,0,358,0,358,0,358,0,358,0,358,0,358,0,358,0,358,0,358,0,358,17,358,0,358,0,358,0,358,0,358,0,358,0,358,0,358,0,358,0,358,0,358,0,358,0,358,0,358,0,358,0,358,0,358,0,358,0,358,0,358,0,358,0,358,0,358,0,358,0,358,0,358,0,358,0,358,0,358,0,358,0,358,0,358,0,358,0,358,0,358,0,358,0,358,0,358,0,358,0,358,0,358,0,358,0,358,0,358,0,358,0,358,0,358,0,358,0,358,0,358,0,358,0,358,0,358,0,358,0,358,0,358,0,358,0,358,0,358,0,358,0,358,0,358,0,358,0,358,0,358,0,358,0,358,0,358,0,358,0,358,0,358,0,358,0,358,0,358,0,358,0,358,0,358,0,358,0,358,0,358,0,358,0,358,0,358,0,358,0,358,0,358,0,358,0,358,0,358,0,358,0,358,0,358,0,358,0,358,0,358,0,358,0,358,0,358,0,358,0,358,0,358,0,358,0,358,0,358,0,358,0,358,0,358,0,358,0,358,0,358,0,358,0,358,0,358,0,358,0,358,0,358,0,358,0,358,0,358,0,358,0,358,0,358,0,358,0,358,0,358,0,358,0,358,0,358,0,358,0,358,0,358,0,358,0,358,0,358,0,358,0,358,0,358,0,358,0,358,0,358,0,358,0,358,0,358,0,358,0,358,0,358,1,358,2,358,0,358,0,358,3,358,0,358,0,358,1,358,0,358,0,358,0,358,0,358,0,358,0,358,0,358,0,358,0,358,0,358,0,358,0,358,0,358,0,358,0,358,0,358,0,358,0,358,0,358,0,358,0,358,0,358,0,358,0,358,0,358,0,358,0,358,0,358,0,358,0,358,0,358,0,358,0,358,0,358,0,358,0,358,0,358,0,358,0,358,0,358,0,358,0,358,0,358,0,358,0,358,0,358,0,358,0,358,0,358,0,358,0,358,0,358,0,358,0,358,0,358,0,358,0,358,0,358,0,358,0,358,0,358,0,358,0,358,0,358,0,358,0,358,0,358,0,358,0,358,0,358,0,358,0,358,0,358,0,358,0,358,0,358,0,358,0,358,0,358,0,358,0,358,0,358,0,358,0,358,0,358,0,358,0,358,0,358,0,358,0,358,0,358,0,358,0,358,0,358,0,358,0,358,0,358,0,358,0,358,0,358,0,358,0,358,0,358,0,358,0,358,0,358,0,358,0,358,0,358,0,358,0,358,0,358,0,358,0,358,0,358,0,358,0,358,0,358,0,358,0,358,0,358,0,358,0,358,0,358,0,358,0,358,0,358,0,358,0,358,0,358,0,358,0,358,0,358,0,358,0,358,0,358,0,358,0,358,0,358,0,358,0,358,17,358,0,358,0,358,4,358,0,358,0,358,0,358,0,358,0,358,0,358,0,358,0,358,0,358,0,358,0,358,0,358,0,358,0,358,0,358,0,358,0,358,0,358,0,358,0,358,0,358,0,358,0,358,0,358,0,358,0,358,0,358,0,358,0,358,0,358,0,358,0,358,0,358,0,358,0,358,0,358,0,358,0,358,0,358,0,358,0,358,0,358,0,358,0,358,0,358,0,358,0,358,0,358,0,358,0,358,0,358,0,358,0,358,0,358,0,358,0,358,0,358,0,358,0,358,0,358,0,358,0,358,0,358,0,358,0,358,0,358,0,358,0,358,0,358,0,358,0,358,0,358,0,358,0,358,0,358,0,358,0,358,0,358,0,358,0,358,0,358,0,358,0,358,0,358,0,358,0,358,0,358,0,358,0,358,0,358,0,358,0,358,0,358,0,358,0,358,0,358,0,358,0,358,0,358,0,358,0,358,0,358,0,358,0,358,0,358,0,358,0,358,0,358,0,358,0,358,0,358,0,358,0,358,0,358,0,358,0,358,0,358,0,358,0,358,0,358,0,358,0,358,0,358,0
,,359,0,359,0,359,0,359,0,359,0,359,0,359,0,359,0,359,0,359,0,359,0,359,0,359,0,359,0,359,0,359,0,359,0,359,0,359,0,359,0,359,0,359,0,359,0,359,0,359,0,359,0,359,0,359,0,359,0,359,0,359,0,359,0,359,0,359,0,359,0,359,0,359,0,359,0,359,0,359,0,359,0,359,0,359,0,359,0,359,0,359,0,359,0,359,0,359,0,359,0,359,0,359,0,359,0,359,0,359,0,359,0,359,0,359,0,359,0,359,0,359,0,359,0,359,0,359,0,359,0,359,0,359,0,359,0,359,0,359,0,359,0,359,0,359,0,359,0,359,0,359,0,359,0,359,0,359,0,359,0,359,0,359,0,359,0,359,0,359,0,359,0,359,0,359,0,359,0,359,0,359,0,359,0,359,0,359,0,359,0,359,0,359,0,359,0,359,0,359,0,359,0,359,0,359,0,359,0,359,0,359,0,359,0,359,0,359,0,359,0,359,0,359,0,359,0,359,0,359,0,359,0,359,0,359,0,359,0,359,0,359,0,359,6,359,0,359,0,359,0,359,0,359,0,359,0,359,0,359,0,359,0,359,0,359,0,359,0,359,0,359,0,359,0,359,0,359,0,359,0,359,0,359,0,359,0,359,0,359,0,359,0,359,0,359,0,359,0,359,0,359,0,359,0,359,0,359,0,359,0,359,0,359,0,359,0,359,0,359,0,359,0,359,0,359,0,359,0,359,0,359,0,359,0,359,0,359,0,359,0,359,0,359,0,359,0,359,0,359,0,359,0,359,0,359,0,359,0,359,0,359,0,359,0,359,0,359,0,359,0,359,0,359,0,359,0,359,0,359,0,359,0,359,0,359,0,359,0,359,0,359,0,359,0,359,0,359,0,359,0,359,0,359,0,359,0,359,0,359,0,359,0,359,0,359,0,359,0,359,0,359,0,359,0,359,0,359,0,359,0,359,0,359,0,359,0,359,0,359,0,359,0,359,0,359,0,359,0,359,0,359,0,359,0,359,0,359,0,359,0,359,0,359,0,359,0,359,0,359,0,359,0,359,0,359,0,359,0,359,0,359,0,359,0,359,0,359,0,359,0,359,0,359,0,359,0,359,0,359,0,359,0,359,0,359,0,359,0,359,0,359,0,359,0,359,0,359,0,359,0,359,0,359,0,359,0,359,0,359,0,359,0,359,0,359,0,359,0,359,0,359,0,359,3,359,0,359,0,359,13,359,4,359,0,359,0,359,0,359,0,359,0,359,0,359,0,359,0,359,0,359,0,359,0,359,0,359,0,359,0,359,0,359,0,359,0,359,0,359,0,359,0,359,0,359,0,359,0,359,0,359,0,359,0,359,0,359,0,359,0,359,0,359,0,359,0,359,0,359,0,359,0,359,0,359,0,359,0,359,0,359,0,359,0,359,0,359,0,359,0,359,0,359,0,359,0,359,0,359,0,359,0,359,0,359,0,359,0,359,0,359,0,359,0,359,0,359,0,359,0,359,0,359,0,359,0,359,0,359,0,359,0,359,0,359,0,359,0,359,0,359,0,359,0,359,0,359,0,359,0,359,0,359,0,359,0,359,0,359,0,359,0,359,0,359,0,359,0,359,0,359,0,359,0,359,0,359,0,359,0,359,0,359,0,359,0,359,0,359,0,359,0,359,0,359,0,359,0,359,0,359,0,359,0,359,0,359,0,359,0,359,0,359,0,359,0,359,0,359,0,359,0,359,0,359,0,359,0,359,0,359,0,359,0,359,0,359,0,359,0,359,0,359,0,359,0,359,0,359,0,359,0,359,0,359,0,359,0,359,0,359,0,359,0,359,0,359,0,359,0,359,0,359,0,359,0,359,0,359,0,359,0,359,32,359,0,359,0,359,0,359,0,359,0,359,0,359,0,359,0,359,0,359,0,359,0,359,0,359,0,359,0,359,0,359,0,359,0,359,0,359,0,359,0,359,0,359,0,359,0,359,0,359,0,359,0,359,0,359,0,359,0,359,0,359,0,359,0,359,0,359,0,359,0,359,0,359,0,359,0,359,0,359,0,359,0,359,0,359,0,359,0,359,0,359,0,359,0,359,0,359,0,359,0,359,0,359,0,359,0,359,0,359,0,359,0,359,0,359,0,359,0,359,0,359,0,359,0,359,0,359,0,359,0,359,0,359,0,359,0,359,0,359,0,359,0,359,0,359,0,359,0,359,0,359,0,359,0,359,0,359,0,359,0,359,0,359,0,359,0,359,0,359,0,359,0,359,0,359,0,359,0,359,0,359,0,359,0,359,0,359,0,359,0,359,0,359,0,359,0,359,0,359,0,359,0,359,0,359,0,359,0,359,0,359,0,359,0,359,0,359,0,359,0,359,0,359,0,359,0,359,0,359,0,359,0,359,0,359,0,359,0,359,0,359,0,359,0,359,0,359,0,359,0,359,0,359,0
,,360,0,360,0,360,0,360,0,360,0,360,0,360,0,360,0,360,0,360,0,360,0,360,0,360,0,360,0,360,0,360,0,360,0,360,0,360,0,360,0,360,0,360,0,360,0,360,0,360,0,360,0,360,0,360,0,360,0,360,0,360,0,360,0,360,0,360,0,360,0,360,0,360,0,360,0,360,0,360,0,360,0,360,0,360,0,360,0,360,0,360,0,360,0,360,0,360,0,360,0,360,0,360,0,360,0,360,0,360,0,360,0,360,0,360,0,360,0,360,0,360,0,360,0,360,0,360,0,360,0,360,0,360,0,360,0,360,0,360,0,360,0,360,0,360,0,360,0,360,0,360,0,360,0,360,0,360,0,360,0,360,0,360,0,360,0,360,0,360,0,360,0,360,0,360,0,360,0,360,0,360,0,360,0,360,0,360,0,360,0,360,0,360,0,360,0,360,0,360,0,360,0,360,0,360,0,360,0,360,0,360,0,360,0,360,0,360,0,360,0,360,0,360,0,360,0,360,0,360,0,360,0,360,0,360,0,360,0,360,0,360,0,360,4,360,0,360,0,360,0,360,0,360,0,360,0,360,0,360,0,360,0,360,0,360,0,360,0,360,0,360,0,360,0,360,0,360,0,360,0,360,0,360,0,360,0,360,0,360,0,360,0,360,0,360,0,360,0,360,0,360,0,360,0,360,0,360,0,360,0,360,0,360,0,360,0,360,0,360,0,360,0,360,0,360,0,360,0,360,0,360,0,360,0,360,0,360,0,360,0,360,0,360,0,360,0,360,0,360,0,360,0,360,0,360,0,360,0,360,0,360,0,360,0,360,0,360,0,360,0,360,0,360,0,360,0,360,0,360,0,360,0,360,0,360,0,360,0,360,0,360,0,360,0,360,0,360,0,360,0,360,0,360,0,360,0,360,0,360,0,360,0,360,0,360,0,360,0,360,0,360,0,360,0,360,0,360,0,360,0,360,0,360,0,360,0,360,0,360,0,360,0,360,0,360,0,360,0,360,0,360,0,360,0,360,0,360,0,360,0,360,0,360,0,360,0,360,0,360,0,360,0,360,0,360,0,360,0,360,0,360,0,360,0,360,0,360,0,360,0,360,0,360,0,360,0,360,0,360,0,360,0,360,0,360,0,360,0,360,0,360,0,360,0,360,0,360,0,360,0,360,0,360,0,360,0,360,0,360,0,360,0,360,0,360,0,360,3,360,0,360,0,360,13,360,2,360,0,360,3,360,0,360,0,360,0,360,0,360,0,360,0,360,0,360,0,360,0,360,0,360,0,360,0,360,0,360,0,360,0,360,0,360,0,360,0,360,0,360,0,360,0,360,0,360,0,360,0,360,0,360,0,360,0,360,0,360,0,360,0,360,0,360,0,360,0,360,0,360,0,360,0,360,0,360,0,360,0,360,0,360,0,360,0,360,0,360,0,360,0,360,0,360,0,360,0,360,0,360,0,360,0,360,0,360,0,360,0,360,0,360,0,360,0,360,0,360,0,360,0,360,0,360,0,360,0,360,0,360,0,360,0,360,0,360,0,360,0,360,0,360,0,360,0,360,0,360,0,360,0,360,0,360,0,360,0,360,0,360,0,360,0,360,0,360,0,360,0,360,0,360,0,360,0,360,0,360,0,360,0,360,0,360,0,360,0,360,0,360,0,360,0,360,0,360,0,360,0,360,0,360,0,360,0,360,0,360,0,360,0,360,0,360,0,360,0,360,0,360,0,360,0,360,0,360,0,360,0,360,0,360,0,360,0,360,0,360,0,360,0,360,0,360,0,360,0,360,0,360,0,360,0,360,0,360,0,360,0,360,0,360,0,360,0,360,0,360,0,360,0,360,0,360,0,360,0,360,0,360,0,360,0,360,24,360,0,360,0,360,0,360,0,360,0,360,0,360,0,360,0,360,0,360,0,360,0,360,0,360,0,360,0,360,0,360,0,360,0,360,0,360,0,360,0,360,0,360,0,360,0,360,0,360,0,360,0,360,0,360,0,360,0,360,0,360,0,360,0,360,0,360,0,360,0,360,0,360,0,360,0,360,0,360,0,360,0,360,0,360,0,360,0,360,0,360,0,360,0,360,0,360,0,360,0,360,0,360,0,360,0,360,0,360,0,360,0,360,0,360,0,360,0,360,0,360,0,360,0,360,0,360,0,360,0,360,0,360,0,360,0,360,0,360,0,360,0,360,0,360,0,360,0,360,0,360,0,360,0,360,0,360,0,360,0,360,0,360,0,360,0,360,0,360,0,360,0,360,0,360,0,360,0,360,0,360,0,360,0,360,0,360,0,360,0,360,0,360,0,360,0,360,0,360,0,360,0,360,0,360,0,360,0,360,0,360,0,360,0,360,0,360,0,360,0,360,0,360,0,360,0,360,0,360,0,360,0,360,0,360,0,360,0,360,0,360,0,360,0,360,0,360,0,360,0,360,0,360,0
,,361,0,361,0,361,0,361,0,361,0,361,0,361,0,361,0,361,0,361,0,361,0,361,0,361,0,361,0,361,0,361,0,361,0,361,0,361,0,361,0,361,0,361,0,361,0,361,0,361,0,361,0,361,0,361,0,361,0,361,0,361,0,361,0,361,0,361,0,361,0,361,0,361,0,361,0,361,0,361,0,361,0,361,0,361,0,361,0,361,0,361,0,361,0,361,0,361,0,361,0,361,0,361,0,361,0,361,0,361,0,361,0,361,0,361,0,361,0,361,0,361,0,361,0,361,0,361,0,361,0,361,0,361,0,361,0,361,0,361,0,361,0,361,0,361,0,361,0,361,0,361,0,361,0,361,0,361,0,361,0,361,0,361,0,361,0,361,0,361,0,361,0,361,0,361,0,361,0,361,0,361,0,361,0,361,0,361,0,361,0,361,0,361,0,361,0,361,0,361,0,361,0,361,0,361,0,361,0,361,0,361,0,361,0,361,0,361,0,361,0,361,0,361,0,361,0,361,0,361,0,361,0,361,0,361,0,361,0,361,0,361,0,361,0,361,0,361,0,361,0,361,0,361,0,361,0,361,0,361,0,361,0,361,0,361,0,361,0,361,0,361,0,361,0,361,0,361,0,361,0,361,0,361,0,361,0,361,0,361,0,361,0,361,0,361,0,361,0,361,0,361,0,361,0,361,0,361,0,361,0,361,0,361,0,361,0,361,0,361,0,361,0,361,0,361,0,361,0,361,0,361,0,361,0,361,0,361,0,361,0,361,0,361,0,361,0,361,0,361,0,361,0,361,0,361,0,361,0,361,0,361,0,361,0,361,0,361,0,361,0,361,0,361,0,361,0,361,0,361,0,361,0,361,0,361,0,361,0,361,0,361,0,361,0,361,0,361,0,361,0,361,0,361,0,361,0,361,0,361,0,361,0,361,0,361,0,361,0,361,0,361,0,361,0,361,0,361,0,361,0,361,0,361,0,361,0,361,0,361,0,361,0,361,0,361,0,361,0,361,0,361,0,361,0,361,0,361,0,361,0,361,0,361,0,361,0,361,0,361,0,361,0,361,0,361,0,361,0,361,0,361,0,361,0,361,0,361,0,361,0,361,0,361,0,361,0,361,0,361,0,361,0,361,0,361,0,361,0,361,0,361,0,361,0,361,0,361,0,361,0,361,0,361,0,361,0,361,0,361,0,361,0,361,0,361,0,361,0,361,0,361,0,361,6,361,1,361,0,361,10,361,10,361,0,361,0,361,0,361,0,361,0,361,0,361,0,361,0,361,0,361,0,361,0,361,0,361,0,361,0,361,0,361,0,361,0,361,0,361,0,361,0,361,0,361,0,361,0,361,0,361,0,361,0,361,0,361,0,361,0,361,0,361,0,361,0,361,0,361,0,361,0,361,0,361,0,361,0,361,0,361,0,361,0,361,0,361,0,361,0,361,0,361,0,361,0,361,0,361,0,361,0,361,0,361,0,361,0,361,0,361,0,361,0,361,0,361,0,361,0,361,0,361,0,361,0,361,0,361,0,361,0,361,0,361,0,361,0,361,0,361,0,361,0,361,0,361,0,361,0,361,0,361,0,361,0,361,0,361,0,361,0,361,0,361,0,361,0,361,0,361,0,361,0,361,0,361,0,361,0,361,0,361,0,361,0,361,0,361,0,361,0,361,0,361,0,361,0,361,0,361,0,361,0,361,0,361,0,361,0,361,0,361,0,361,0,361,0,361,0,361,0,361,0,361,0,361,0,361,0,361,0,361,0,361,0,361,0,361,0,361,0,361,0,361,0,361,0,361,0,361,0,361,0,361,0,361,0,361,0,361,0,361,0,361,0,361,0,361,0,361,0,361,0,361,0,361,0,361,0,361,0,361,26,361,0,361,0,361,0,361,0,361,0,361,0,361,0,361,0,361,0,361,0,361,0,361,0,361,0,361,0,361,0,361,0,361,0,361,0,361,0,361,0,361,0,361,0,361,0,361,0,361,0,361,0,361,0,361,0,361,0,361,0,361,0,361,0,361,0,361,0,361,0,361,0,361,0,361,0,361,0,361,0,361,0,361,0,361,0,361,0,361,0,361,0,361,0,361,0,361,0,361,0,361,0,361,0,361,0,361,0,361,0,361,0,361,0,361,0,361,0,361,0,361,0,361,0,361,0,361,0,361,0,361,0,361,0,361,0,361,0,361,0,361,0,361,0,361,0,361,0,361,0,361,0,361,0,361,0,361,0,361,0,361,0,361,0,361,0,361,0,361,0,361,0,361,0,361,0,361,0,361,0,361,0,361,0,361,0,361,0,361,0,361,0,361,0,361,0,361,0,361,0,361,0,361,0,361,0,361,0,361,0,361,0,361,0,361,0,361,0,361,0,361,0,361,0,361,0,361,0,361,0,361,0,361,0,361,0,361,0,361,0,361,0,361,0,361,0,361,0,361,0,361,0,361,0
,,362,0,362,0,362,0,362,0,362,0,362,0,362,0,362,0,362,0,362,0,362,0,362,0,362,0,362,0,362,0,362,0,362,0,362,0,362,0,362,0,362,0,362,0,362,0,362,0,362,0,362,0,362,0,362,0,362,0,362,0,362,0,362,0,362,0,362,0,362,0,362,0,362,0,362,0,362,0,362,0,362,0,362,0,362,0,362,0,362,0,362,0,362,0,362,0,362,0,362,0,362,0,362,0,362,0,362,0,362,0,362,0,362,0,362,0,362,0,362,0,362,0,362,0,362,0,362,0,362,0,362,0,362,0,362,0,362,0,362,0,362,0,362,0,362,0,362,0,362,0,362,0,362,0,362,0,362,0,362,0,362,0,362,0,362,0,362,0,362,0,362,0,362,0,362,0,362,0,362,0,362,0,362,0,362,0,362,0,362,0,362,0,362,0,362,0,362,0,362,0,362,0,362,0,362,0,362,0,362,0,362,0,362,0,362,0,362,0,362,0,362,0,362,0,362,0,362,0,362,0,362,0,362,0,362,0,362,0,362,0,362,0,362,0,362,0,362,0,362,0,362,0,362,0,362,0,362,0,362,0,362,0,362,0,362,0,362,0,362,0,362,0,362,0,362,0,362,0,362,0,362,0,362,0,362,0,362,0,362,0,362,0,362,0,362,0,362,0,362,0,362,0,362,0,362,0,362,0,362,0,362,0,362,0,362,0,362,0,362,0,362,0,362,0,362,0,362,0,362,0,362,0,362,0,362,0,362,0,362,0,362,0,362,0,362,0,362,0,362,0,362,0,362,0,362,0,362,0,362,0,362,0,362,0,362,0,362,0,362,0,362,0,362,0,362,0,362,0,362,0,362,0,362,0,362,0,362,0,362,0,362,0,362,0,362,0,362,0,362,0,362,0,362,0,362,0,362,0,362,0,362,0,362,0,362,0,362,0,362,0,362,0,362,0,362,0,362,0,362,0,362,0,362,0,362,0,362,0,362,0,362,0,362,0,362,0,362,0,362,0,362,0,362,0,362,0,362,0,362,0,362,0,362,0,362,0,362,0,362,0,362,0,362,0,362,0,362,0,362,0,362,0,362,0,362,0,362,0,362,0,362,0,362,0,362,0,362,0,362,0,362,0,362,0,362,0,362,0,362,0,362,0,362,0,362,0,362,0,362,0,362,0,362,0,362,0,362,0,362,0,362,0,362,0,362,0,362,0,362,0,362,0,362,0,362,0,362,0,362,0,362,0,362,0,362,0,362,0,362,0,362,0,362,0,362,0,362,0,362,0,362,0,362,0,362,0,362,0,362,0,362,0,362,0,362,0,362,0,362,0,362,0,362,0,362,0,362,0,362,0,362,0,362,0,362,0,362,0,362,0,362,0,362,0,362,0,362,0,362,0,362,0,362,0,362,0,362,0,362,0,362,0,362,0,362,0,362,0,362,0,362,0,362,0,362,0,362,0,362,0,362,0,362,0,362,0,362,0,362,0,362,0,362,0,362,0,362,0,362,0,362,0,362,0,362,0,362,0,362,0,362,0,362,0,362,0,362,0,362,0,362,0,362,0,362,0,362,0,362,0,362,0,362,0,362,0,362,0,362,0,362,0,362,0,362,0,362,0,362,0,362,0,362,0,362,0,362,0,362,0,362,0,362,0,362,0,362,0,362,0,362,0,362,0,362,0,362,0,362,0,362,0,362,0,362,0,362,0,362,0,362,0,362,0,362,0,362,0,362,0,362,0,362,0,362,0,362,0,362,0,362,0,362,0,362,0,362,0,362,0,362,0,362,0,362,0,362,0,362,0,362,0,362,0,362,0,362,0,362,0,362,0,362,0,362,22,362,6,362,0,362,0,362,5,362,0,362,0,362,0,362,0,362,0,362,0,362,0,362,0,362,0,362,0,362,0,362,0,362,0,362,0,362,0,362,0,362,0,362,0,362,0,362,0,362,0,362,0,362,0,362,0,362,0,362,0,362,0,362,0,362,0,362,0,362,0,362,0,362,0,362,0,362,0,362,0,362,0,362,0,362,0,362,0,362,0,362,0,362,0,362,0,362,0,362,0,362,0,362,0,362,0,362,0,362,0,362,0,362,0,362,0,362,0,362,0,362,0,362,0,362,0,362,0,362,0,362,0,362,0,362,0,362,0,362,0,362,0,362,0,362,0,362,0,362,0,362,0,362,0,362,0,362,0,362,0,362,0,362,0,362,0,362,0,362,0,362,0,362,0,362,0,362,0,362,0,362,0,362,0,362,0,362,0,362,0,362,0,362,0,362,0,362,0,362,0,362,0,362,0,362,0,362,0,362,0,362,0,362,0,362,0,362,0,362,0,362,0,362,0,362,0,362,0,362,0,362,0,362,0,362,0,362,0,362,0,362,0,362,0,362,0,362,0,362,0,362,0,362,0,362,0,362,0,362,0,362,0,362,0,362,0,362,0,362,0,362,0
,,363,0,363,0,363,0,363,0,363,0,363,0,363,0,363,0,363,0,363,0,363,0,363,0,363,0,363,0,363,0,363,0,363,0,363,0,363,0,363,0,363,0,363,0,363,0,363,0,363,0,363,0,363,0,363,0,363,0,363,0,363,0,363,0,363,0,363,0,363,0,363,0,363,0,363,0,363,0,363,0,363,0,363,0,363,0,363,0,363,0,363,0,363,0,363,0,363,0,363,0,363,0,363,0,363,0,363,0,363,0,363,0,363,0,363,0,363,0,363,0,363,0,363,0,363,0,363,0,363,0,363,0,363,0,363,0,363,0,363,0,363,0,363,0,363,0,363,0,363,0,363,0,363,0,363,0,363,0,363,0,363,0,363,0,363,0,363,0,363,0,363,0,363,0,363,0,363,0,363,0,363,0,363,0,363,0,363,0,363,0,363,0,363,0,363,0,363,0,363,0,363,0,363,0,363,0,363,0,363,0,363,0,363,0,363,0,363,0,363,0,363,0,363,0,363,0,363,0,363,0,363,0,363,0,363,0,363,0,363,0,363,0,363,0,363,0,363,0,363,0,363,0,363,0,363,0,363,0,363,0,363,0,363,0,363,0,363,0,363,0,363,0,363,0,363,0,363,0,363,0,363,0,363,0,363,0,363,0,363,0,363,0,363,0,363,0,363,0,363,0,363,0,363,0,363,0,363,0,363,0,363,0,363,0,363,0,363,0,363,0,363,0,363,0,363,0,363,0,363,0,363,0,363,0,363,0,363,0,363,0,363,0,363,0,363,0,363,0,363,0,363,0,363,0,363,0,363,0,363,0,363,0,363,0,363,0,363,0,363,0,363,0,363,0,363,0,363,0,363,0,363,0,363,0,363,0,363,0,363,0,363,0,363,0,363,0,363,0,363,0,363,0,363,0,363,0,363,0,363,0,363,0,363,0,363,0,363,0,363,0,363,0,363,0,363,0,363,0,363,0,363,0,363,0,363,0,363,0,363,0,363,0,363,0,363,0,363,0,363,0,363,0,363,0,363,0,363,0,363,0,363,0,363,0,363,0,363,0,363,0,363,0,363,0,363,0,363,0,363,0,363,0,363,0,363,0,363,0,363,0,363,0,363,0,363,0,363,0,363,0,363,0,363,0,363,0,363,0,363,0,363,0,363,0,363,0,363,0,363,0,363,0,363,0,363,0,363,0,363,0,363,0,363,0,363,0,363,0,363,0,363,0,363,0,363,0,363,0,363,0,363,0,363,0,363,0,363,0,363,0,363,0,363,0,363,0,363,0,363,0,363,0,363,0,363,0,363,0,363,0,363,0,363,0,363,0,363,0,363,0,363,0,363,0,363,0,363,0,363,0,363,0,363,0,363,0,363,0,363,0,363,0,363,0,363,0,363,0,363,0,363,0,363,0,363,0,363,0,363,0,363,0,363,0,363,0,363,0,363,0,363,0,363,0,363,0,363,0,363,0,363,0,363,0,363,0,363,0,363,0,363,0,363,0,363,0,363,0,363,0,363,0,363,0,363,0,363,0,363,0,363,0,363,0,363,0,363,0,363,0,363,0,363,0,363,0,363,0,363,0,363,0,363,0,363,0,363,0,363,0,363,0,363,0,363,0,363,0,363,0,363,0,363,0,363,0,363,0,363,0,363,0,363,0,363,0,363,0,363,0,363,0,363,0,363,0,363,0,363,0,363,0,363,0,363,0,363,0,363,0,363,0,363,0,363,0,363,0,363,0,363,0,363,0,363,0,363,0,363,0,363,0,363,0,363,0,363,0,363,0,363,0,363,0,363,0,363,0,363,0,363,0,363,0,363,0,363,0,363,0,363,0,363,0,363,0,363,0,363,0,363,0,363,0,363,0,363,0,363,0,363,0,363,0,363,0,363,0,363,0,363,0,363,0,363,0,363,0,363,0,363,0,363,0,363,0,363,0,363,0,363,0,363,0,363,0,363,0,363,0,363,0,363,0,363,0,363,0,363,0,363,0,363,0,363,0,363,0,363,0,363,0,363,0,363,0,363,0,363,0,363,0,363,0,363,0,363,0,363,0,363,0,363,0,363,0,363,0,363,0,363,0,363,0,363,0,363,0,363,0,363,0,363,0,363,0,363,0,363,0,363,0,363,0,363,0,363,0,363,0,363,0,363,0,363,0,363,0,363,0,363,0,363,0,363,0,363,0,363,0,363,0,363,0,363,0,363,0,363,0,363,0,363,0,363,0,363,0,363,0,363,0,363,0,363,0,363,0,363,0,363,0,363,0,363,0,363,0,363,0,363,0,363,0,363,0,363,0,363,0,363,0,363,0,363,0,363,0,363,0,363,0,363,0,363,0,363,0,363,0,363,0,363,0,363,0,363,0,363,0,363,0,363,0,363,0,363,0,363,0,363,0,363,0,363,0,363,0,363,0,363,0,363,0,363,0,363,0,363,0,363,0,363,0,363,0,363,0
,,364,0,364,0,364,0,364,0,364,0,364,0,364,0,364,0,364,0,364,0,364,0,364,0,364,0,364,0,364,0,364,0,364,0,364,0,364,0,364,0,364,0,364,0,364,0,364,0,364,0,364,0,364,0,364,0,364,0,364,0,364,0,364,0,364,0,364,0,364,0,364,0,364,0,364,0,364,0,364,0,364,0,364,0,364,0,364,0,364,0,364,0,364,0,364,0,364,0,364,0,364,0,364,0,364,0,364,0,364,0,364,0,364,0,364,0,364,0,364,0,364,0,364,0,364,0,364,0,364,0,364,0,364,0,364,0,364,0,364,0,364,0,364,0,364,0,364,0,364,0,364,0,364,0,364,0,364,0,364,0,364,0,364,0,364,0,364,0,364,0,364,0,364,0,364,0,364,0,364,0,364,0,364,0,364,0,364,0,364,0,364,0,364,0,364,0,364,0,364,0,364,0,364,0,364,0,364,0,364,0,364,0,364,0,364,0,364,0,364,0,364,0,364,0,364,0,364,0,364,0,364,0,364,0,364,0,364,0,364,0,364,0,364,0,364,0,364,0,364,0,364,0,364,0,364,0,364,0,364,0,364,0,364,0,364,0,364,0,364,0,364,0,364,0,364,0,364,0,364,0,364,0,364,0,364,0,364,0,364,0,364,0,364,0,364,0,364,0,364,0,364,0,364,0,364,0,364,0,364,0,364,0,364,0,364,0,364,0,364,0,364,0,364,0,364,0,364,0,364,0,364,0,364,0,364,0,364,0,364,0,364,0,364,0,364,0,364,0,364,0,364,0,364,0,364,0,364,0,364,0,364,0,364,0,364,0,364,0,364,0,364,0,364,0,364,0,364,0,364,0,364,0,364,0,364,0,364,0,364,0,364,0,364,0,364,0,364,0,364,0,364,0,364,0,364,0,364,0,364,0,364,0,364,0,364,0,364,0,364,0,364,0,364,0,364,0,364,0,364,0,364,0,364,0,364,0,364,0,364,0,364,0,364,0,364,0,364,0,364,0,364,0,364,0,364,0,364,0,364,0,364,0,364,0,364,0,364,0,364,0,364,0,364,0,364,0,364,0,364,0,364,0,364,0,364,0,364,0,364,0,364,0,364,0,364,0,364,0,364,0,364,0,364,0,364,0,364,0,364,0,364,0,364,0,364,0,364,0,364,0,364,0,364,0,364,0,364,0,364,0,364,0,364,0,364,0,364,0,364,0,364,0,364,0,364,0,364,0,364,0,364,0,364,0,364,0,364,0,364,0,364,0,364,0,364,0,364,0,364,0,364,0,364,0,364,0,364,0,364,0,364,0,364,0,364,0,364,0,364,0,364,0,364,0,364,0,364,0,364,0,364,0,364,0,364,0,364,0,364,0,364,0,364,0,364,0,364,0,364,0,364,0,364,0,364,0,364,0,364,0,364,0,364,0,364,0,364,0,364,0,364,0,364,0,364,0,364,0,364,0,364,0,364,0,364,0,364,0,364,0,364,0,364,0,364,0,364,0,364,0,364,0,364,0,364,0,364,0,364,0,364,0,364,0,364,0,364,0,364,0,364,0,364,0,364,0,364,0,364,0,364,0,364,0,364,0,364,0,364,0,364,0,364,0,364,0,364,0,364,0,364,0,364,0,364,0,364,0,364,0,364,0,364,0,364,0,364,0,364,0,364,0,364,0,364,0,364,0,364,0,364,0,364,0,364,0,364,0,364,0,364,0,364,0,364,0,364,0,364,0,364,0,364,0,364,0,364,0,364,0,364,0,364,0,364,0,364,0,364,0,364,0,364,0,364,0,364,0,364,0,364,0,364,0,364,0,364,0,364,0,364,0,364,0,364,0,364,0,364,0,364,0,364,0,364,0,364,0,364,0,364,0,364,0,364,0,364,0,364,0,364,0,364,0,364,0,364,0,364,0,364,0,364,0,364,0,364,0,364,0,364,0,364,0,364,0,364,0,364,0,364,0,364,0,364,0,364,0,364,0,364,0,364,0,364,0,364,0,364,0,364,0,364,0,364,0,364,0,364,0,364,0,364,0,364,0,364,0,364,0,364,0,364,0,364,0,364,0,364,0,364,0,364,0,364,0,364,0,364,0,364,0,364,0,364,0,364,0,364,0,364,0,364,0,364,0,364,0,364,0,364,0,364,0,364,0,364,0,364,0,364,0,364,0,364,0,364,0,364,0,364,0,364,0,364,0,364,0,364,0,364,0,364,0,364,0,364,0,364,0,364,0,364,0,364,0,364,0,364,0,364,0,364,0,364,0,364,0,364,0,364,0,364,0,364,0,364,0,364,0,364,0,364,0,364,0,364,0,364,0,364,0,364,0,364,0,364,0,364,0,364,0,364,0,364,0,364,0,364,0,364,0,364,0,364,0,364,0,364,0,364,0,364,0,364,0,364,0,364,0,364,0,364,0,364,0,364,0,364,0,364,0,364,0,364,0,364,0
,,365,0,365,0,365,0,365,0,365,0,365,0,365,0,365,0,365,0,365,0,365,0,365,0,365,0,365,0,365,0,365,0,365,0,365,0,365,0,365,0,365,0,365,0,365,0,365,0,365,0,365,0,365,0,365,0,365,0,365,0,365,0,365,0,365,0,365,0,365,0,365,0,365,0,365,0,365,0,365,0,365,0,365,0,365,0,365,0,365,0,365,0,365,0,365,0,365,0,365,0,365,0,365,0,365,0,365,0,365,0,365,0,365,0,365,0,365,0,365,0,365,0,365,0,365,0,365,0,365,0,365,0,365,0,365,0,365,0,365,0,365,0,365,0,365,0,365,0,365,0,365,0,365,0,365,0,365,0,365,0,365,0,365,0,365,0,365,0,365,0,365,0,365,0,365,0,365,0,365,0,365,0,365,0,365,0,365,0,365,0,365,0,365,0,365,0,365,0,365,0,365,0,365,0,365,0,365,0,365,0,365,0,365,0,365,0,365,0,365,0,365,0,365,0,365,0,365,0,365,0,365,0,365,0,365,0,365,0,365,0,365,0,365,0,365,0,365,0,365,0,365,0,365,0,365,0,365,0,365,0,365,0,365,0,365,0,365,0,365,0,365,0,365,0,365,0,365,0,365,0,365,0,365,0,365,0,365,0,365,0,365,0,365,0,365,0,365,0,365,0,365,0,365,0,365,0,365,0,365,0,365,0,365,0,365,0,365,0,365,0,365,0,365,0,365,0,365,0,365,0,365,0,365,0,365,0,365,0,365,0,365,0,365,0,365,0,365,0,365,0,365,0,365,0,365,0,365,0,365,0,365,0,365,0,365,0,365,0,365,0,365,0,365,0,365,0,365,0,365,0,365,0,365,0,365,0,365,0,365,0,365,0,365,0,365,0,365,0,365,0,365,0,365,0,365,0,365,0,365,0,365,0,365,0,365,0,365,0,365,0,365,0,365,0,365,0,365,0,365,0,365,0,365,0,365,0,365,0,365,0,365,0,365,0,365,0,365,0,365,0,365,0,365,0,365,0,365,0,365,0,365,0,365,0,365,0,365,0,365,0,365,0,365,0,365,0,365,0,365,0,365,0,365,0,365,0,365,0,365,0,365,0,365,0,365,0,365,0,365,0,365,0,365,0,365,0,365,0,365,0,365,0,365,0,365,0,365,0,365,0,365,0,365,0,365,0,365,0,365,0,365,0,365,0,365,0,365,0,365,0,365,0,365,0,365,0,365,0,365,0,365,0,365,0,365,0,365,0,365,0,365,0,365,0,365,0,365,0,365,0,365,0,365,0,365,0,365,0,365,0,365,0,365,0,365,0,365,0,365,0,365,0,365,0,365,0,365,0,365,0,365,0,365,0,365,0,365,0,365,0,365,0,365,0,365,0,365,0,365,0,365,0,365,0,365,0,365,0,365,0,365,0,365,0,365,0,365,0,365,0,365,0,365,0,365,0,365,0,365,0,365,0,365,0,365,0,365,0,365,0,365,0,365,0,365,0,365,0,365,0,365,0,365,0,365,0,365,0,365,0,365,0,365,0,365,0,365,0,365,0,365,0,365,0,365,0,365,0,365,0,365,0,365,0,365,0,365,0,365,0,365,0,365,0,365,0,365,0,365,0,365,0,365,0,365,0,365,0,365,0,365,0,365,0,365,0,365,0,365,0,365,0,365,0,365,0,365,0,365,0,365,0,365,0,365,0,365,0,365,0,365,0,365,0,365,0,365,0,365,0,365,0,365,0,365,0,365,0,365,0,365,0,365,0,365,0,365,0,365,0,365,0,365,0,365,0,365,0,365,0,365,0,365,0,365,0,365,0,365,0,365,0,365,0,365,0,365,0,365,0,365,0,365,0,365,0,365,0,365,0,365,0,365,0,365,0,365,0,365,0,365,0,365,0,365,0,365,0,365,0,365,0,365,0,365,0,365,0,365,0,365,0,365,0,365,0,365,0,365,0,365,0,365,0,365,0,365,0,365,0,365,0,365,0,365,0,365,0,365,0,365,0,365,0,365,0,365,0,365,0,365,0,365,0,365,0,365,0,365,0,365,0,365,0,365,0,365,0,365,0,365,0,365,0,365,0,365,0,365,0,365,0,365,0,365,0,365,0,365,0,365,0,365,0,365,0,365,0,365,0,365,0,365,0,365,0,365,0,365,0,365,0,365,0,365,0,365,0,365,0,365,0,365,0,365,0,365,0,365,0,365,0,365,0,365,0,365,0,365,0,365,0,365,0,365,0,365,0,365,0,365,0,365,0,365,0,365,0,365,0,365,0,365,0,365,0,365,0,365,0,365,0,365,0,365,0,365,0,365,0,365,0,365,0,365,0,365,0,365,0,365,0,365,0,365,0,365,0,365,0,365,0,365,0,365,0,365,0,365,0,365,0,365,0,365,0,365,0,365,0,365,0,365,0,365,0,365,0,365,0,365,0,365,0,365,0,365,0
,,366,0,366,0,366,0,366,0,366,0,366,0,366,0,366,0,366,0,366,0,366,0,366,0,366,0,366,0,366,0,366,0,366,0,366,0,366,0,366,0,366,0,366,0,366,0,366,0,366,0,366,0,366,0,366,0,366,0,366,0,366,0,366,0,366,0,366,0,366,0,366,0,366,0,366,0,366,0,366,0,366,0,366,0,366,0,366,0,366,0,366,0,366,0,366,0,366,0,366,0,366,0,366,0,366,0,366,0,366,0,366,0,366,0,366,0,366,0,366,0,366,0,366,0,366,0,366,0,366,0,366,0,366,0,366,0,366,0,366,0,366,0,366,0,366,0,366,0,366,0,366,0,366,0,366,0,366,0,366,0,366,0,366,0,366,0,366,0,366,0,366,0,366,0,366,0,366,0,366,0,366,0,366,0,366,0,366,0,366,0,366,0,366,0,366,0,366,0,366,0,366,0,366,0,366,0,366,0,366,0,366,0,366,0,366,0,366,0,366,0,366,0,366,0,366,0,366,0,366,0,366,0,366,0,366,0,366,0,366,0,366,0,366,0,366,0,366,0,366,0,366,0,366,0,366,0,366,0,366,0,366,0,366,0,366,0,366,0,366,0,366,0,366,0,366,0,366,0,366,0,366,0,366,0,366,0,366,0,366,0,366,0,366,0,366,0,366,0,366,0,366,0,366,0,366,0,366,0,366,0,366,0,366,0,366,0,366,0,366,0,366,0,366,0,366,0,366,0,366,0,366,0,366,0,366,0,366,0,366,0,366,0,366,0,366,0,366,0,366,0,366,0,366,0,366,0,366,0,366,0,366,0,366,0,366,0,366,0,366,0,366,0,366,0,366,0,366,0,366,0,366,0,366,0,366,0,366,0,366,0,366,0,366,0,366,0,366,0,366,0,366,0,366,0,366,0,366,0,366,0,366,0,366,0,366,0,366,0,366,0,366,0,366,0,366,0,366,0,366,0,366,0,366,0,366,0,366,0,366,0,366,0,366,0,366,0,366,0,366,0,366,0,366,0,366,0,366,0,366,0,366,0,366,0,366,0,366,0,366,0,366,0,366,0,366,0,366,0,366,0,366,0,366,0,366,0,366,0,366,0,366,0,366,0,366,0,366,0,366,0,366,0,366,0,366,0,366,0,366,0,366,0,366,0,366,0,366,0,366,0,366,0,366,0,366,0,366,0,366,0,366,0,366,0,366,0,366,0,366,0,366,0,366,0,366,0,366,0,366,0,366,0,366,0,366,0,366,0,366,0,366,0,366,0,366,0,366,0,366,0,366,0,366,0,366,0,366,0,366,0,366,0,366,0,366,0,366,0,366,0,366,0,366,0,366,0,366,0,366,0,366,0,366,0,366,0,366,0,366,0,366,0,366,0,366,0,366,0,366,0,366,0,366,0,366,0,366,0,366,0,366,0,366,0,366,0,366,0,366,0,366,0,366,0,366,0,366,0,366,0,366,0,366,0,366,0,366,0,366,0,366,0,366,0,366,0,366,0,366,0,366,0,366,0,366,0,366,0,366,0,366,0,366,0,366,0,366,0,366,0,366,0,366,0,366,0,366,0,366,0,366,0,366,0,366,0,366,0,366,0,366,0,366,0,366,0,366,0,366,0,366,0,366,0,366,0,366,0,366,0,366,0,366,0,366,0,366,0,366,0,366,0,366,0,366,0,366,0,366,0,366,0,366,0,366,0,366,0,366,0,366,0,366,0,366,0,366,0,366,0,366,0,366,0,366,0,366,0,366,0,366,0,366,0,366,0,366,0,366,0,366,0,366,0,366,0,366,0,366,0,366,0,366,0,366,0,366,0,366,0,366,0,366,0,366,0,366,0,366,0,366,0,366,0,366,0,366,0,366,0,366,0,366,0,366,0,366,0,366,0,366,0,366,0,366,0,366,0,366,0,366,0,366,0,366,0,366,0,366,0,366,0,366,0,366,0,366,0,366,0,366,0,366,0,366,0,366,0,366,0,366,0,366,0,366,0,366,0,366,0,366,0,366,0,366,0,366,0,366,0,366,0,366,0,366,0,366,0,366,0,366,0,366,0,366,0,366,0,366,0,366,0,366,0,366,0,366,0,366,0,366,0,366,0,366,0,366,0,366,0,366,0,366,0,366,0,366,0,366,0,366,0,366,0,366,0,366,0,366,0,366,0,366,0,366,0,366,0,366,0,366,0,366,0,366,0,366,0,366,0,366,0,366,0,366,0,366,0,366,0,366,0,366,0,366,0,366,0,366,0,366,0,366,0,366,0,366,0,366,0,366,0,366,0,366,0,366,0,366,0,366,0,366,0,366,0,366,0,366,0,366,0,366,0,366,0,366,0,366,0,366,0,366,0,366,0,366,0,366,0,366,0,366,0,366,0,366,0,366,0,366,0,366,0,366,0,366,0,366,0,366,0,366,0,366,0,366,0,366,0,366,0,366,0,366,0,366,0
,,367,0,367,0,367,0,367,0,367,0,367,0,367,0,367,0,367,0,367,0,367,0,367,0,367,0,367,0,367,0,367,0,367,0,367,0,367,0,367,0,367,0,367,0,367,0,367,0,367,0,367,0,367,0,367,0,367,0,367,0,367,0,367,0,367,0,367,0,367,0,367,0,367,0,367,0,367,0,367,0,367,0,367,0,367,0,367,0,367,0,367,0,367,0,367,0,367,0,367,0,367,0,367,0,367,0,367,0,367,0,367,0,367,0,367,0,367,0,367,0,367,0,367,0,367,0,367,0,367,0,367,0,367,0,367,0,367,0,367,0,367,0,367,0,367,0,367,0,367,0,367,0,367,0,367,0,367,0,367,0,367,0,367,0,367,0,367,0,367,0,367,0,367,0,367,0,367,0,367,0,367,0,367,0,367,0,367,0,367,0,367,0,367,0,367,0,367,0,367,0,367,0,367,0,367,0,367,0,367,0,367,0,367,0,367,0,367,0,367,0,367,0,367,0,367,0,367,0,367,0,367,0,367,0,367,0,367,0,367,0,367,0,367,0,367,0,367,0,367,0,367,0,367,0,367,0,367,0,367,0,367,0,367,0,367,0,367,0,367,0,367,0,367,0,367,0,367,0,367,0,367,0,367,0,367,0,367,0,367,0,367,0,367,0,367,0,367,0,367,0,367,0,367,0,367,0,367,0,367,0,367,0,367,0,367,0,367,0,367,0,367,0,367,0,367,0,367,0,367,0,367,0,367,0,367,0,367,0,367,0,367,0,367,0,367,0,367,0,367,0,367,0,367,0,367,0,367,0,367,0,367,0,367,0,367,0,367,0,367,0,367,0,367,0,367,0,367,0,367,0,367,0,367,0,367,0,367,0,367,0,367,0,367,0,367,0,367,0,367,0,367,0,367,0,367,0,367,0,367,0,367,0,367,0,367,0,367,0,367,0,367,0,367,0,367,0,367,0,367,0,367,0,367,0,367,0,367,0,367,0,367,0,367,0,367,0,367,0,367,0,367,0,367,0,367,0,367,0,367,0,367,0,367,0,367,0,367,0,367,0,367,0,367,0,367,0,367,0,367,0,367,0,367,0,367,0,367,0,367,0,367,0,367,0,367,0,367,0,367,0,367,0,367,0,367,0,367,0,367,0,367,0,367,0,367,0,367,0,367,0,367,0,367,0,367,0,367,0,367,0,367,0,367,0,367,0,367,0,367,0,367,0,367,0,367,0,367,0,367,0,367,0,367,0,367,0,367,0,367,0,367,0,367,0,367,0,367,0,367,0,367,0,367,0,367,0,367,0,367,0,367,0,367,0,367,0,367,0,367,0,367,0,367,0,367,0,367,0,367,0,367,0,367,0,367,0,367,0,367,0,367,0,367,0,367,0,367,0,367,0,367,0,367,0,367,0,367,0,367,0,367,0,367,0,367,0,367,0,367,0,367,0,367,0,367,0,367,0,367,0,367,0,367,0,367,0,367,0,367,0,367,0,367,0,367,0,367,0,367,0,367,0,367,0,367,0,367,0,367,0,367,0,367,0,367,0,367,0,367,0,367,0,367,0,367,0,367,0,367,0,367,0,367,0,367,0,367,0,367,0,367,0,367,0,367,0,367,0,367,0,367,0,367,0,367,0,367,0,367,0,367,0,367,0,367,0,367,0,367,0,367,0,367,0,367,0,367,0,367,0,367,0,367,0,367,0,367,0,367,0,367,0,367,0,367,0,367,0,367,0,367,0,367,0,367,0,367,0,367,0,367,0,367,0,367,0,367,0,367,0,367,0,367,0,367,0,367,0,367,0,367,0,367,0,367,0,367,0,367,0,367,0,367,0,367,0,367,0,367,0,367,0,367,0,367,0,367,0,367,0,367,0,367,0,367,0,367,0,367,0,367,0,367,0,367,0,367,0,367,0,367,0,367,0,367,0,367,0,367,0,367,0,367,0,367,0,367,0,367,0,367,0,367,0,367,0,367,0,367,0,367,0,367,0,367,0,367,0,367,0,367,0,367,0,367,0,367,0,367,0,367,0,367,0,367,0,367,0,367,0,367,0,367,0,367,0,367,0,367,0,367,0,367,0,367,0,367,0,367,0,367,0,367,0,367,0,367,0,367,0,367,0,367,0,367,0,367,0,367,0,367,0,367,0,367,0,367,0,367,0,367,0,367,0,367,0,367,0,367,0,367,0,367,0,367,0,367,0,367,0,367,0,367,0,367,0,367,0,367,0,367,0,367,0,367,0,367,0,367,0,367,0,367,0,367,0,367,0,367,0,367,0,367,0,367,0,367,0,367,0,367,0,367,0,367,0,367,0,367,0,367,0,367,0,367,0,367,0,367,0,367,0,367,0,367,0,367,0,367,0,367,0,367,0,367,0,367,0,367,0,367,0,367,0,367,0,367,0,367,0,367,0,367,0,367,0,367,0,367,0,367,0,367,0,367,0,367,0
,,368,0,368,0,368,0,368,0,368,0,368,0,368,0,368,0,368,0,368,0,368,0,368,0,368,0,368,0,368,0,368,0,368,0,368,0,368,0,368,0,368,0,368,0,368,0,368,0,368,0,368,0,368,0,368,0,368,0,368,0,368,0,368,0,368,0,368,0,368,0,368,0,368,0,368,0,368,0,368,0,368,0,368,0,368,0,368,0,368,0,368,0,368,0,368,0,368,0,368,0,368,0,368,0,368,0,368,0,368,0,368,0,368,0,368,0,368,0,368,0,368,0,368,0,368,0,368,0,368,0,368,0,368,0,368,0,368,0,368,0,368,0,368,0,368,0,368,0,368,0,368,0,368,0,368,0,368,0,368,0,368,0,368,0,368,0,368,0,368,0,368,0,368,0,368,0,368,0,368,0,368,0,368,0,368,0,368,0,368,0,368,0,368,0,368,0,368,0,368,0,368,0,368,0,368,0,368,0,368,0,368,0,368,0,368,0,368,0,368,0,368,0,368,0,368,0,368,0,368,0,368,0,368,0,368,0,368,0,368,0,368,0,368,0,368,0,368,0,368,0,368,0,368,0,368,0,368,0,368,0,368,0,368,0,368,0,368,0,368,0,368,0,368,0,368,0,368,0,368,0,368,0,368,0,368,0,368,0,368,0,368,0,368,0,368,0,368,0,368,0,368,0,368,0,368,0,368,0,368,0,368,0,368,0,368,0,368,0,368,0,368,0,368,0,368,0,368,0,368,0,368,0,368,0,368,0,368,0,368,0,368,0,368,0,368,0,368,0,368,0,368,0,368,0,368,0,368,0,368,0,368,0,368,0,368,0,368,0,368,0,368,0,368,0,368,0,368,0,368,0,368,0,368,0,368,0,368,0,368,0,368,0,368,0,368,0,368,0,368,0,368,0,368,0,368,0,368,0,368,0,368,0,368,0,368,0,368,0,368,0,368,0,368,0,368,0,368,0,368,0,368,0,368,0,368,0,368,0,368,0,368,0,368,0,368,0,368,0,368,0,368,0,368,0,368,0,368,0,368,0,368,0,368,0,368,0,368,0,368,0,368,0,368,0,368,0,368,0,368,0,368,0,368,0,368,0,368,0,368,0,368,0,368,0,368,0,368,0,368,0,368,0,368,0,368,0,368,0,368,0,368,0,368,0,368,0,368,0,368,0,368,0,368,0,368,0,368,0,368,0,368,0,368,0,368,0,368,0,368,0,368,0,368,0,368,0,368,0,368,0,368,0,368,0,368,0,368,0,368,0,368,0,368,0,368,0,368,0,368,0,368,0,368,0,368,0,368,0,368,0,368,0,368,0,368,0,368,0,368,0,368,0,368,0,368,0,368,0,368,0,368,0,368,0,368,0,368,0,368,0,368,0,368,0,368,0,368,0,368,0,368,0,368,0,368,0,368,0,368,0,368,0,368,0,368,0,368,0,368,0,368,0,368,0,368,0,368,0,368,0,368,0,368,0,368,0,368,0,368,0,368,0,368,0,368,0,368,0,368,0,368,0,368,0,368,0,368,0,368,0,368,0,368,0,368,0,368,0,368,0,368,0,368,0,368,0,368,0,368,0,368,0,368,0,368,0,368,0,368,0,368,0,368,0,368,0,368,0,368,0,368,0,368,0,368,0,368,0,368,0,368,0,368,0,368,0,368,0,368,0,368,0,368,0,368,0,368,0,368,0,368,0,368,0,368,0,368,0,368,0,368,0,368,0,368,0,368,0,368,0,368,0,368,0,368,0,368,0,368,0,368,0,368,0,368,0,368,0,368,0,368,0,368,0,368,0,368,0,368,0,368,0,368,0,368,0,368,0,368,0,368,0,368,0,368,0,368,0,368,0,368,0,368,0,368,0,368,0,368,0,368,0,368,0,368,0,368,0,368,0,368,0,368,0,368,0,368,0,368,0,368,0,368,0,368,0,368,0,368,0,368,0,368,0,368,0,368,0,368,0,368,0,368,0,368,0,368,0,368,0,368,0,368,0,368,0,368,0,368,0,368,0,368,0,368,0,368,0,368,0,368,0,368,0,368,0,368,0,368,0,368,0,368,0,368,0,368,0,368,0,368,0,368,0,368,0,368,0,368,0,368,0,368,0,368,0,368,0,368,0,368,0,368,0,368,0,368,0,368,0,368,0,368,0,368,0,368,0,368,0,368,0,368,0,368,0,368,0,368,0,368,0,368,0,368,0,368,0,368,0,368,0,368,0,368,0,368,0,368,0,368,0,368,0,368,0,368,0,368,0,368,0,368,0,368,0,368,0,368,0,368,0,368,0,368,0,368,0,368,0,368,0,368,0,368,0,368,0,368,0,368,0,368,0,368,0,368,0,368,0,368,0,368,0,368,0,368,0,368,0,368,0,368,0,368,0,368,0,368,0,368,0,368,0,368,0,368,0,368,0,368,0,368,0,368,0,368,0,368,0,368,0,368,0,368,0,368,0
,,369,0,369,0,369,0,369,0,369,0,369,0,369,0,369,0,369,0,369,0,369,0,369,0,369,0,369,0,369,0,369,0,369,0,369,0,369,0,369,0,369,0,369,0,369,0,369,0,369,0,369,0,369,0,369,0,369,0,369,0,369,0,369,0,369,0,369,0,369,0,369,0,369,0,369,0,369,0,369,0,369,0,369,0,369,0,369,0,369,0,369,0,369,0,369,0,369,0,369,0,369,0,369,0,369,0,369,0,369,0,369,0,369,0,369,0,369,0,369,0,369,0,369,0,369,0,369,0,369,0,369,0,369,0,369,0,369,0,369,0,369,0,369,0,369,0,369,0,369,0,369,0,369,0,369,0,369,0,369,0,369,0,369,0,369,0,369,0,369,0,369,0,369,0,369,0,369,0,369,0,369,0,369,0,369,0,369,0,369,0,369,0,369,0,369,0,369,0,369,0,369,0,369,0,369,0,369,0,369,0,369,0,369,0,369,0,369,0,369,0,369,0,369,0,369,0,369,0,369,0,369,0,369,0,369,0,369,0,369,0,369,0,369,0,369,0,369,0,369,0,369,0,369,0,369,0,369,0,369,0,369,0,369,0,369,0,369,0,369,0,369,0,369,0,369,0,369,0,369,0,369,0,369,0,369,0,369,0,369,0,369,0,369,0,369,0,369,0,369,0,369,0,369,0,369,0,369,0,369,0,369,0,369,0,369,0,369,0,369,0,369,0,369,0,369,0,369,0,369,0,369,0,369,0,369,0,369,0,369,0,369,0,369,0,369,0,369,0,369,0,369,0,369,0,369,0,369,0,369,0,369,0,369,0,369,0,369,0,369,0,369,0,369,0,369,0,369,0,369,0,369,0,369,0,369,0,369,0,369,0,369,0,369,0,369,0,369,0,369,0,369,0,369,0,369,0,369,0,369,0,369,0,369,0,369,0,369,0,369,0,369,0,369,0,369,0,369,0,369,0,369,0,369,0,369,0,369,0,369,0,369,0,369,0,369,0,369,0,369,0,369,0,369,0,369,0,369,0,369,0,369,0,369,0,369,0,369,0,369,0,369,0,369,0,369,0,369,0,369,0,369,0,369,0,369,0,369,0,369,0,369,0,369,0,369,0,369,0,369,0,369,0,369,0,369,0,369,0,369,0,369,0,369,0,369,0,369,0,369,0,369,0,369,0,369,0,369,0,369,0,369,0,369,0,369,0,369,0,369,0,369,0,369,0,369,0,369,0,369,0,369,0,369,0,369,0,369,0,369,0,369,0,369,0,369,0,369,0,369,0,369,0,369,0,369,0,369,0,369,0,369,0,369,0,369,0,369,0,369,0,369,0,369,0,369,0,369,0,369,0,369,0,369,0,369,0,369,0,369,0,369,0,369,0,369,0,369,0,369,0,369,0,369,0,369,0,369,0,369,0,369,0,369,0,369,0,369,0,369,0,369,0,369,0,369,0,369,0,369,0,369,0,369,0,369,0,369,0,369,0,369,0,369,0,369,0,369,0,369,0,369,0,369,0,369,0,369,0,369,0,369,0,369,0,369,0,369,0,369,0,369,0,369,0,369,0,369,0,369,0,369,0,369,0,369,0,369,0,369,0,369,0,369,0,369,0,369,0,369,0,369,0,369,0,369,0,369,0,369,0,369,0,369,0,369,0,369,0,369,0,369,0,369,0,369,0,369,0,369,0,369,0,369,0,369,0,369,0,369,0,369,0,369,0,369,0,369,0,369,0,369,0,369,0,369,0,369,0,369,0,369,0,369,0,369,0,369,0,369,0,369,0,369,0,369,0,369,0,369,0,369,0,369,0,369,0,369,0,369,0,369,0,369,0,369,0,369,0,369,0,369,0,369,0,369,0,369,0,369,0,369,0,369,0,369,0,369,0,369,0,369,0,369,0,369,0,369,0,369,0,369,0,369,0,369,0,369,0,369,0,369,0,369,0,369,0,369,0,369,0,369,0,369,0,369,0,369,0,369,0,369,0,369,0,369,0,369,0,369,0,369,0,369,0,369,0,369,0,369,0,369,0,369,0,369,0,369,0,369,0,369,0,369,0,369,0,369,0,369,0,369,0,369,0,369,0,369,0,369,0,369,0,369,0,369,0,369,0,369,0,369,0,369,0,369,0,369,0,369,0,369,0,369,0,369,0,369,0,369,0,369,0,369,0,369,0,369,0,369,0,369,0,369,0,369,0,369,0,369,0,369,0,369,0,369,0,369,0,369,0,369,0,369,0,369,0,369,0,369,0,369,0,369,0,369,0,369,0,369,0,369,0,369,0,369,0,369,0,369,0,369,0,369,0,369,0,369,0,369,0,369,0,369,0,369,0,369,0,369,0,369,0,369,0,369,0,369,0,369,0,369,0,369,0,369,0,369,0,369,0,369,0,369,0,369,0,369,0,369,0,369,0,369,0,369,0,369,0,369,0,369,0,369,0,369,0,369,0
,,370,0,370,0,370,0,370,0,370,0,370,0,370,0,370,0,370,0,370,0,370,0,370,0,370,0,370,0,370,0,370,0,370,0,370,0,370,0,370,0,370,0,370,0,370,0,370,0,370,0,370,0,370,0,370,0,370,0,370,0,370,0,370,0,370,0,370,0,370,0,370,0,370,0,370,0,370,0,370,0,370,0,370,0,370,0,370,0,370,0,370,0,370,0,370,0,370,0,370,0,370,0,370,0,370,0,370,0,370,0,370,0,370,0,370,0,370,0,370,0,370,0,370,0,370,0,370,0,370,0,370,0,370,0,370,0,370,0,370,0,370,0,370,0,370,0,370,0,370,0,370,0,370,0,370,0,370,0,370,0,370,0,370,0,370,0,370,0,370,0,370,0,370,0,370,0,370,0,370,0,370,0,370,0,370,0,370,0,370,0,370,0,370,0,370,0,370,0,370,0,370,0,370,0,370,0,370,0,370,0,370,0,370,0,370,0,370,0,370,0,370,0,370,0,370,0,370,0,370,0,370,0,370,0,370,0,370,0,370,0,370,0,370,0,370,0,370,0,370,0,370,0,370,0,370,0,370,0,370,0,370,0,370,0,370,0,370,0,370,0,370,0,370,0,370,0,370,0,370,0,370,0,370,0,370,0,370,0,370,0,370,0,370,0,370,0,370,0,370,0,370,0,370,0,370,0,370,0,370,0,370,0,370,0,370,0,370,0,370,0,370,0,370,0,370,0,370,0,370,0,370,0,370,0,370,0,370,0,370,0,370,0,370,0,370,0,370,0,370,0,370,0,370,0,370,0,370,0,370,0,370,0,370,0,370,0,370,0,370,0,370,0,370,0,370,0,370,0,370,0,370,0,370,0,370,0,370,0,370,0,370,0,370,0,370,0,370,0,370,0,370,0,370,0,370,0,370,0,370,0,370,0,370,0,370,0,370,0,370,0,370,0,370,0,370,0,370,0,370,0,370,0,370,0,370,0,370,0,370,0,370,0,370,0,370,0,370,0,370,0,370,0,370,0,370,0,370,0,370,0,370,0,370,0,370,0,370,0,370,0,370,0,370,0,370,0,370,0,370,0,370,0,370,0,370,0,370,0,370,0,370,0,370,0,370,0,370,0,370,0,370,0,370,0,370,0,370,0,370,0,370,0,370,0,370,0,370,0,370,0,370,0,370,0,370,0,370,0,370,0,370,0,370,0,370,0,370,0,370,0,370,0,370,0,370,0,370,0,370,0,370,0,370,0,370,0,370,0,370,0,370,0,370,0,370,0,370,0,370,0,370,0,370,0,370,0,370,0,370,0,370,0,370,0,370,0,370,0,370,0,370,0,370,0,370,0,370,0,370,0,370,0,370,0,370,0,370,0,370,0,370,0,370,0,370,0,370,0,370,0,370,0,370,0,370,0,370,0,370,0,370,0,370,0,370,0,370,0,370,0,370,0,370,0,370,0,370,0,370,0,370,0,370,0,370,0,370,0,370,0,370,0,370,0,370,0,370,0,370,0,370,0,370,0,370,0,370,0,370,0,370,0,370,0,370,0,370,0,370,0,370,0,370,0,370,0,370,0,370,0,370,0,370,0,370,0,370,0,370,0,370,0,370,0,370,0,370,0,370,0,370,0,370,0,370,0,370,0,370,0,370,0,370,0,370,0,370,0,370,0,370,0,370,0,370,0,370,0,370,0,370,0,370,0,370,0,370,0,370,0,370,0,370,0,370,0,370,0,370,0,370,0,370,0,370,0,370,0,370,0,370,0,370,0,370,0,370,0,370,0,370,0,370,0,370,0,370,0,370,0,370,0,370,0,370,0,370,0,370,0,370,0,370,0,370,0,370,0,370,0,370,0,370,0,370,0,370,0,370,0,370,0,370,0,370,0,370,0,370,0,370,0,370,0,370,0,370,0,370,0,370,0,370,0,370,0,370,0,370,0,370,0,370,0,370,0,370,0,370,0,370,0,370,0,370,0,370,0,370,0,370,0,370,0,370,0,370,0,370,0,370,0,370,0,370,0,370,0,370,0,370,0,370,0,370,0,370,0,370,0,370,0,370,0,370,0,370,0,370,0,370,0,370,0,370,0,370,0,370,0,370,0,370,0,370,0,370,0,370,0,370,0,370,0,370,0,370,0,370,0,370,0,370,0,370,0,370,0,370,0,370,0,370,0,370,0,370,0,370,0,370,0,370,0,370,0,370,0,370,0,370,0,370,0,370,0,370,0,370,0,370,0,370,0,370,0,370,0,370,0,370,0,370,0,370,0,370,0,370,0,370,0,370,0,370,0,370,0,370,0,370,0,370,0,370,0,370,0,370,0,370,0,370,0,370,0,370,0,370,0,370,0,370,0,370,0,370,0,370,0,370,0,370,0,370,0,370,0,370,0,370,0,370,0,370,0,370,0,370,0,370,0,370,0,370,0,370,0,370,0,370,0,370,0,370,0,370,0
,,371,0,371,0,371,0,371,0,371,0,371,0,371,0,371,0,371,0,371,0,371,0,371,0,371,0,371,0,371,0,371,0,371,0,371,0,371,0,371,0,371,0,371,0,371,0,371,0,371,0,371,0,371,0,371,0,371,0,371,0,371,0,371,0,371,0,371,0,371,0,371,0,371,0,371,0,371,0,371,0,371,0,371,0,371,0,371,0,371,0,371,0,371,0,371,0,371,0,371,0,371,0,371,0,371,0,371,0,371,0,371,0,371,0,371,0,371,0,371,0,371,0,371,0,371,0,371,0,371,0,371,0,371,0,371,0,371,0,371,0,371,0,371,0,371,0,371,0,371,0,371,0,371,0,371,0,371,0,371,0,371,0,371,0,371,0,371,0,371,0,371,0,371,0,371,0,371,0,371,0,371,0,371,0,371,0,371,0,371,0,371,0,371,0,371,0,371,0,371,0,371,0,371,0,371,0,371,0,371,0,371,0,371,0,371,0,371,0,371,0,371,0,371,0,371,0,371,0,371,0,371,0,371,0,371,0,371,0,371,0,371,0,371,0,371,0,371,0,371,0,371,0,371,0,371,0,371,0,371,0,371,0,371,0,371,0,371,0,371,0,371,0,371,0,371,0,371,0,371,0,371,0,371,0,371,0,371,0,371,0,371,0,371,0,371,0,371,0,371,0,371,0,371,0,371,0,371,0,371,0,371,0,371,0,371,0,371,0,371,0,371,0,371,0,371,0,371,0,371,0,371,0,371,0,371,0,371,0,371,0,371,0,371,0,371,0,371,0,371,0,371,0,371,0,371,0,371,0,371,0,371,0,371,0,371,0,371,0,371,0,371,0,371,0,371,0,371,0,371,0,371,0,371,0,371,0,371,0,371,0,371,0,371,0,371,0,371,0,371,0,371,0,371,0,371,0,371,0,371,0,371,0,371,0,371,0,371,0,371,0,371,0,371,0,371,0,371,0,371,0,371,0,371,0,371,0,371,0,371,0,371,0,371,0,371,0,371,0,371,0,371,0,371,0,371,0,371,0,371,0,371,0,371,0,371,0,371,0,371,0,371,0,371,0,371,0,371,0,371,0,371,0,371,0,371,0,371,0,371,0,371,0,371,0,371,0,371,0,371,0,371,0,371,0,371,0,371,0,371,0,371,0,371,0,371,0,371,0,371,0,371,0,371,0,371,0,371,0,371,0,371,0,371,0,371,0,371,0,371,0,371,0,371,0,371,0,371,0,371,0,371,0,371,0,371,0,371,0,371,0,371,0,371,0,371,0,371,0,371,0,371,0,371,0,371,0,371,0,371,0,371,0,371,0,371,0,371,0,371,0,371,0,371,0,371,0,371,0,371,0,371,0,371,0,371,0,371,0,371,0,371,0,371,0,371,0,371,0,371,0,371,0,371,0,371,0,371,0,371,0,371,0,371,0,371,0,371,0,371,0,371,0,371,0,371,0,371,0,371,0,371,0,371,0,371,0,371,0,371,0,371,0,371,0,371,0,371,0,371,0,371,0,371,0,371,0,371,0,371,0,371,0,371,0,371,0,371,0,371,0,371,0,371,0,371,0,371,0,371,0,371,0,371,0,371,0,371,0,371,0,371,0,371,0,371,0,371,0,371,0,371,0,371,0,371,0,371,0,371,0,371,0,371,0,371,0,371,0,371,0,371,0,371,0,371,0,371,0,371,0,371,0,371,0,371,0,371,0,371,0,371,0,371,0,371,0,371,0,371,0,371,0,371,0,371,0,371,0,371,0,371,0,371,0,371,0,371,0,371,0,371,0,371,0,371,0,371,0,371,0,371,0,371,0,371,0,371,0,371,0,371,0,371,0,371,0,371,0,371,0,371,0,371,0,371,0,371,0,371,0,371,0,371,0,371,0,371,0,371,0,371,0,371,0,371,0,371,0,371,0,371,0,371,0,371,0,371,0,371,0,371,0,371,0,371,0,371,0,371,0,371,0,371,0,371,0,371,0,371,0,371,0,371,0,371,0,371,0,371,0,371,0,371,0,371,0,371,0,371,0,371,0,371,0,371,0,371,0,371,0,371,0,371,0,371,0,371,0,371,0,371,0,371,0,371,0,371,0,371,0,371,0,371,0,371,0,371,0,371,0,371,0,371,0,371,0,371,0,371,0,371,0,371,0,371,0,371,0,371,0,371,0,371,0,371,0,371,0,371,0,371,0,371,0,371,0,371,0,371,0,371,0,371,0,371,0,371,0,371,0,371,0,371,0,371,0,371,0,371,0,371,0,371,0,371,0,371,0,371,0,371,0,371,0,371,0,371,0,371,0,371,0,371,0,371,0,371,0,371,0,371,0,371,0,371,0,371,0,371,0,371,0,371,0,371,0,371,0,371,0,371,0,371,0,371,0,371,0,371,0,371,0,371,0,371,0,371,0,371,0,371,0,371,0,371,0,371,0,371,0,371,0,371,0,371,0,371,0
,,372,0,372,0,372,0,372,0,372,0,372,0,372,0,372,0,372,0,372,0,372,0,372,0,372,0,372,0,372,0,372,0,372,0,372,0,372,0,372,0,372,0,372,0,372,0,372,0,372,0,372,0,372,0,372,0,372,0,372,0,372,0,372,0,372,0,372,0,372,0,372,0,372,0,372,0,372,0,372,0,372,0,372,0,372,0,372,0,372,0,372,0,372,0,372,0,372,0,372,0,372,0,372,0,372,0,372,0,372,0,372,0,372,0,372,0,372,0,372,0,372,0,372,0,372,0,372,0,372,0,372,0,372,0,372,0,372,0,372,0,372,0,372,0,372,0,372,0,372,0,372,0,372,0,372,0,372,0,372,0,372,0,372,0,372,0,372,0,372,0,372,0,372,0,372,0,372,0,372,0,372,0,372,0,372,0,372,0,372,0,372,0,372,0,372,0,372,0,372,0,372,0,372,0,372,0,372,0,372,0,372,0,372,0,372,0,372,0,372,0,372,0,372,0,372,0,372,0,372,0,372,0,372,0,372,0,372,0,372,0,372,0,372,0,372,0,372,0,372,0,372,0,372,0,372,0,372,0,372,0,372,0,372,0,372,0,372,0,372,0,372,0,372,0,372,0,372,0,372,0,372,0,372,0,372,0,372,0,372,0,372,0,372,0,372,0,372,0,372,0,372,0,372,0,372,0,372,0,372,0,372,0,372,0,372,0,372,0,372,0,372,0,372,0,372,0,372,0,372,0,372,0,372,0,372,0,372,0,372,0,372,0,372,0,372,0,372,0,372,0,372,0,372,0,372,0,372,0,372,0,372,0,372,0,372,0,372,0,372,0,372,0,372,0,372,0,372,0,372,0,372,0,372,0,372,0,372,0,372,0,372,0,372,0,372,0,372,0,372,0,372,0,372,0,372,0,372,0,372,0,372,0,372,0,372,0,372,0,372,0,372,0,372,0,372,0,372,0,372,0,372,0,372,0,372,0,372,0,372,0,372,0,372,0,372,0,372,0,372,0,372,0,372,0,372,0,372,0,372,0,372,0,372,0,372,0,372,0,372,0,372,0,372,0,372,0,372,0,372,0,372,0,372,0,372,0,372,0,372,0,372,0,372,0,372,0,372,0,372,0,372,0,372,0,372,0,372,0,372,0,372,0,372,0,372,0,372,0,372,0,372,0,372,0,372,0,372,0,372,0,372,0,372,0,372,0,372,0,372,0,372,0,372,0,372,0,372,0,372,0,372,0,372,0,372,0,372,0,372,0,372,0,372,0,372,0,372,0,372,0,372,0,372,0,372,0,372,0,372,0,372,0,372,0,372,0,372,0,372,0,372,0,372,0,372,0,372,0,372,0,372,0,372,0,372,0,372,0,372,0,372,0,372,0,372,0,372,0,372,0,372,0,372,0,372,0,372,0,372,0,372,0,372,0,372,0,372,0,372,0,372,0,372,0,372,0,372,0,372,0,372,0,372,0,372,0,372,0,372,0,372,0,372,0,372,0,372,0,372,0,372,0,372,0,372,0,372,0,372,0,372,0,372,0,372,0,372,0,372,0,372,0,372,0,372,0,372,0,372,0,372,0,372,0,372,0,372,0,372,0,372,0,372,0,372,0,372,0,372,0,372,0,372,0,372,0,372,0,372,0,372,0,372,0,372,0,372,0,372,0,372,0,372,0,372,0,372,0,372,0,372,0,372,0,372,0,372,0,372,0,372,0,372,0,372,0,372,0,372,0,372,0,372,0,372,0,372,0,372,0,372,0,372,0,372,0,372,0,372,0,372,0,372,0,372,0,372,0,372,0,372,0,372,0,372,0,372,0,372,0,372,0,372,0,372,0,372,0,372,0,372,0,372,0,372,0,372,0,372,0,372,0,372,0,372,0,372,0,372,0,372,0,372,0,372,0,372,0,372,0,372,0,372,0,372,0,372,0,372,0,372,0,372,0,372,0,372,0,372,0,372,0,372,0,372,0,372,0,372,0,372,0,372,0,372,0,372,0,372,0,372,0,372,0,372,0,372,0,372,0,372,0,372,0,372,0,372,0,372,0,372,0,372,0,372,0,372,0,372,0,372,0,372,0,372,0,372,0,372,0,372,0,372,0,372,0,372,0,372,0,372,0,372,0,372,0,372,0,372,0,372,0,372,0,372,0,372,0,372,0,372,0,372,0,372,0,372,0,372,0,372,0,372,0,372,0,372,0,372,0,372,0,372,0,372,0,372,0,372,0,372,0,372,0,372,0,372,0,372,0,372,0,372,0,372,0,372,0,372,0,372,0,372,0,372,0,372,0,372,0,372,0,372,0,372,0,372,0,372,0,372,0,372,0,372,0,372,0,372,0,372,0,372,0,372,0,372,0,372,0,372,0,372,0,372,0,372,0,372,0,372,0,372,0,372,0,372,0,372,0,372,0,372,0,372,0,372,0,372,0,372,0,372,0,372,0,372,0
,,373,0,373,0,373,0,373,0,373,0,373,0,373,0,373,0,373,0,373,0,373,0,373,0,373,0,373,0,373,0,373,0,373,0,373,0,373,0,373,0,373,0,373,0,373,0,373,0,373,0,373,0,373,0,373,0,373,0,373,0,373,0,373,0,373,0,373,0,373,0,373,0,373,0,373,0,373,0,373,0,373,0,373,0,373,0,373,0,373,0,373,0,373,0,373,0,373,0,373,0,373,0,373,0,373,0,373,0,373,0,373,0,373,0,373,0,373,0,373,0,373,0,373,0,373,0,373,0,373,0,373,0,373,0,373,0,373,0,373,0,373,0,373,0,373,0,373,0,373,0,373,0,373,0,373,0,373,0,373,0,373,0,373,0,373,0,373,0,373,0,373,0,373,0,373,0,373,0,373,0,373,0,373,0,373,0,373,0,373,0,373,0,373,0,373,0,373,0,373,0,373,0,373,0,373,0,373,0,373,0,373,0,373,0,373,0,373,0,373,0,373,0,373,0,373,0,373,0,373,0,373,0,373,0,373,0,373,0,373,0,373,0,373,0,373,0,373,0,373,0,373,0,373,0,373,0,373,0,373,0,373,0,373,0,373,0,373,0,373,0,373,0,373,0,373,0,373,0,373,0,373,0,373,0,373,0,373,0,373,0,373,0,373,0,373,0,373,0,373,0,373,0,373,0,373,0,373,0,373,0,373,0,373,0,373,0,373,0,373,0,373,0,373,0,373,0,373,0,373,0,373,0,373,0,373,0,373,0,373,0,373,0,373,0,373,0,373,0,373,0,373,0,373,0,373,0,373,0,373,0,373,0,373,0,373,0,373,0,373,0,373,0,373,0,373,0,373,0,373,0,373,0,373,0,373,0,373,0,373,0,373,0,373,0,373,0,373,0,373,0,373,0,373,0,373,0,373,0,373,0,373,0,373,0,373,0,373,0,373,0,373,0,373,0,373,0,373,0,373,0,373,0,373,0,373,0,373,0,373,0,373,0,373,0,373,0,373,0,373,0,373,0,373,0,373,0,373,0,373,0,373,0,373,0,373,0,373,0,373,0,373,0,373,0,373,0,373,0,373,0,373,0,373,0,373,0,373,0,373,0,373,0,373,0,373,0,373,0,373,0,373,0,373,0,373,0,373,0,373,0,373,0,373,0,373,0,373,0,373,0,373,0,373,0,373,0,373,0,373,0,373,0,373,0,373,0,373,0,373,0,373,0,373,0,373,0,373,0,373,0,373,0,373,0,373,0,373,0,373,0,373,0,373,0,373,0,373,0,373,0,373,0,373,0,373,0,373,0,373,0,373,0,373,0,373,0,373,0,373,0,373,0,373,0,373,0,373,0,373,0,373,0,373,0,373,0,373,0,373,0,373,0,373,0,373,0,373,0,373,0,373,0,373,0,373,0,373,0,373,0,373,0,373,0,373,0,373,0,373,0,373,0,373,0,373,0,373,0,373,0,373,0,373,0,373,0,373,0,373,0,373,0,373,0,373,0,373,0,373,0,373,0,373,0,373,0,373,0,373,0,373,0,373,0,373,0,373,0,373,0,373,0,373,0,373,0,373,0,373,0,373,0,373,0,373,0,373,0,373,0,373,0,373,0,373,0,373,0,373,0,373,0,373,0,373,0,373,0,373,0,373,0,373,0,373,0,373,0,373,0,373,0,373,0,373,0,373,0,373,0,373,0,373,0,373,0,373,0,373,0,373,0,373,0,373,0,373,0,373,0,373,0,373,0,373,0,373,0,373,0,373,0,373,0,373,0,373,0,373,0,373,0,373,0,373,0,373,0,373,0,373,0,373,0,373,0,373,0,373,0,373,0,373,0,373,0,373,0,373,0,373,0,373,0,373,0,373,0,373,0,373,0,373,0,373,0,373,0,373,0,373,0,373,0,373,0,373,0,373,0,373,0,373,0,373,0,373,0,373,0,373,0,373,0,373,0,373,0,373,0,373,0,373,0,373,0,373,0,373,0,373,0,373,0,373,0,373,0,373,0,373,0,373,0,373,0,373,0,373,0,373,0,373,0,373,0,373,0,373,0,373,0,373,0,373,0,373,0,373,0,373,0,373,0,373,0,373,0,373,0,373,0,373,0,373,0,373,0,373,0,373,0,373,0,373,0,373,0,373,0,373,0,373,0,373,0,373,0,373,0,373,0,373,0,373,0,373,0,373,0,373,0,373,0,373,0,373,0,373,0,373,0,373,0,373,0,373,0,373,0,373,0,373,0,373,0,373,0,373,0,373,0,373,0,373,0,373,0,373,0,373,0,373,0,373,0,373,0,373,0,373,0,373,0,373,0,373,0,373,0,373,0,373,0,373,0,373,0,373,0,373,0,373,0,373,0,373,0,373,0,373,0,373,0,373,0,373,0,373,0,373,0,373,0,373,0,373,0,373,0,373,0,373,0,373,0,373,0,373,0,373,0,373,0,373,0,373,0
,,374,0,374,0,374,0,374,0,374,0,374,0,374,0,374,0,374,0,374,0,374,0,374,0,374,0,374,0,374,0,374,0,374,0,374,0,374,0,374,0,374,0,374,0,374,0,374,0,374,0,374,0,374,0,374,0,374,0,374,0,374,0,374,0,374,0,374,0,374,0,374,0,374,0,374,0,374,0,374,0,374,0,374,0,374,0,374,0,374,0,374,0,374,0,374,0,374,0,374,0,374,0,374,0,374,0,374,0,374,0,374,0,374,0,374,0,374,0,374,0,374,0,374,0,374,0,374,0,374,0,374,0,374,0,374,0,374,0,374,0,374,0,374,0,374,0,374,0,374,0,374,0,374,0,374,0,374,0,374,0,374,0,374,0,374,0,374,0,374,0,374,0,374,0,374,0,374,0,374,0,374,0,374,0,374,0,374,0,374,0,374,0,374,0,374,0,374,0,374,0,374,0,374,0,374,0,374,0,374,0,374,0,374,0,374,0,374,0,374,0,374,0,374,0,374,0,374,0,374,0,374,0,374,0,374,0,374,0,374,0,374,0,374,0,374,0,374,0,374,0,374,0,374,0,374,0,374,0,374,0,374,0,374,0,374,0,374,0,374,0,374,0,374,0,374,0,374,0,374,0,374,0,374,0,374,0,374,0,374,0,374,0,374,0,374,0,374,0,374,0,374,0,374,0,374,0,374,0,374,0,374,0,374,0,374,0,374,0,374,0,374,0,374,0,374,0,374,0,374,0,374,0,374,0,374,0,374,0,374,0,374,0,374,0,374,0,374,0,374,0,374,0,374,0,374,0,374,0,374,0,374,0,374,0,374,0,374,0,374,0,374,0,374,0,374,0,374,0,374,0,374,0,374,0,374,0,374,0,374,0,374,0,374,0,374,0,374,0,374,0,374,0,374,0,374,0,374,0,374,0,374,0,374,0,374,0,374,0,374,0,374,0,374,0,374,0,374,0,374,0,374,0,374,0,374,0,374,0,374,0,374,0,374,0,374,0,374,0,374,0,374,0,374,0,374,0,374,0,374,0,374,0,374,0,374,0,374,0,374,0,374,0,374,0,374,0,374,0,374,0,374,0,374,0,374,0,374,0,374,0,374,0,374,0,374,0,374,0,374,0,374,0,374,0,374,0,374,0,374,0,374,0,374,0,374,0,374,0,374,0,374,0,374,0,374,0,374,0,374,0,374,0,374,0,374,0,374,0,374,0,374,0,374,0,374,0,374,0,374,0,374,0,374,0,374,0,374,0,374,0,374,0,374,0,374,0,374,0,374,0,374,0,374,0,374,0,374,0,374,0,374,0,374,0,374,0,374,0,374,0,374,0,374,0,374,0,374,0,374,0,374,0,374,0,374,0,374,0,374,0,374,0,374,0,374,0,374,0,374,0,374,0,374,0,374,0,374,0,374,0,374,0,374,0,374,0,374,0,374,0,374,0,374,0,374,0,374,0,374,0,374,0,374,0,374,0,374,0,374,0,374,0,374,0,374,0,374,0,374,0,374,0,374,0,374,0,374,0,374,0,374,0,374,0,374,0,374,0,374,0,374,0,374,0,374,0,374,0,374,0,374,0,374,0,374,0,374,0,374,0,374,0,374,0,374,0,374,0,374,0,374,0,374,0,374,0,374,0,374,0,374,0,374,0,374,0,374,0,374,0,374,0,374,0,374,0,374,0,374,0,374,0,374,0,374,0,374,0,374,0,374,0,374,0,374,0,374,0,374,0,374,0,374,0,374,0,374,0,374,0,374,0,374,0,374,0,374,0,374,0,374,0,374,0,374,0,374,0,374,0,374,0,374,0,374,0,374,0,374,0,374,0,374,0,374,0,374,0,374,0,374,0,374,0,374,0,374,0,374,0,374,0,374,0,374,0,374,0,374,0,374,0,374,0,374,0,374,0,374,0,374,0,374,0,374,0,374,0,374,0,374,0,374,0,374,0,374,0,374,0,374,0,374,0,374,0,374,0,374,0,374,0,374,0,374,0,374,0,374,0,374,0,374,0,374,0,374,0,374,0,374,0,374,0,374,0,374,0,374,0,374,0,374,0,374,0,374,0,374,0,374,0,374,0,374,0,374,0,374,0,374,0,374,0,374,0,374,0,374,0,374,0,374,0,374,0,374,0,374,0,374,0,374,0,374,0,374,0,374,0,374,0,374,0,374,0,374,0,374,0,374,0,374,0,374,0,374,0,374,0,374,0,374,0,374,0,374,0,374,0,374,0,374,0,374,0,374,0,374,0,374,0,374,0,374,0,374,0,374,0,374,0,374,0,374,0,374,0,374,0,374,0,374,0,374,0,374,0,374,0,374,0,374,0,374,0,374,0,374,0,374,0,374,0,374,0,374,0,374,0,374,0,374,0,374,0,374,0,374,0,374,0,374,0,374,0,374,0,374,0,374,0,374,0,374,0,374,0,374,0,374,0,374,0,374,0,374,0
,,375,0,375,0,375,0,375,0,375,0,375,0,375,0,375,0,375,0,375,0,375,0,375,0,375,0,375,0,375,0,375,0,375,0,375,0,375,0,375,0,375,0,375,0,375,0,375,0,375,0,375,0,375,0,375,0,375,0,375,0,375,0,375,0,375,0,375,0,375,0,375,0,375,0,375,0,375,0,375,0,375,0,375,0,375,0,375,0,375,0,375,0,375,0,375,0,375,0,375,0,375,0,375,0,375,0,375,0,375,0,375,0,375,0,375,0,375,0,375,0,375,0,375,0,375,0,375,0,375,0,375,0,375,0,375,0,375,0,375,0,375,0,375,0,375,0,375,0,375,0,375,0,375,0,375,0,375,0,375,0,375,0,375,0,375,0,375,0,375,0,375,0,375,0,375,0,375,0,375,0,375,0,375,0,375,0,375,0,375,0,375,0,375,0,375,0,375,0,375,0,375,0,375,0,375,0,375,0,375,0,375,0,375,0,375,0,375,0,375,0,375,0,375,0,375,0,375,0,375,0,375,0,375,0,375,0,375,0,375,0,375,0,375,0,375,0,375,0,375,0,375,0,375,0,375,0,375,0,375,0,375,0,375,0,375,0,375,0,375,0,375,0,375,0,375,0,375,0,375,0,375,0,375,0,375,0,375,0,375,0,375,0,375,0,375,0,375,0,375,0,375,0,375,0,375,0,375,0,375,0,375,0,375,0,375,0,375,0,375,0,375,0,375,0,375,0,375,0,375,0,375,0,375,0,375,0,375,0,375,0,375,0,375,0,375,0,375,0,375,0,375,0,375,0,375,0,375,0,375,0,375,0,375,0,375,0,375,0,375,0,375,0,375,0,375,0,375,0,375,0,375,0,375,0,375,0,375,0,375,0,375,0,375,0,375,0,375,0,375,0,375,0,375,0,375,0,375,0,375,0,375,0,375,0,375,0,375,0,375,0,375,0,375,0,375,0,375,0,375,0,375,0,375,0,375,0,375,0,375,0,375,0,375,0,375,0,375,0,375,0,375,0,375,0,375,0,375,0,375,0,375,0,375,0,375,0,375,0,375,0,375,0,375,0,375,0,375,0,375,0,375,0,375,0,375,0,375,0,375,0,375,0,375,0,375,0,375,0,375,0,375,0,375,0,375,0,375,0,375,0,375,0,375,0,375,0,375,0,375,0,375,0,375,0,375,0,375,0,375,0,375,0,375,0,375,0,375,0,375,0,375,0,375,0,375,0,375,0,375,0,375,0,375,0,375,0,375,0,375,0,375,0,375,0,375,0,375,0,375,0,375,0,375,0,375,0,375,0,375,0,375,0,375,0,375,0,375,0,375,0,375,0,375,0,375,0,375,0,375,0,375,0,375,0,375,0,375,0,375,0,375,0,375,0,375,0,375,0,375,0,375,0,375,0,375,0,375,0,375,0,375,0,375,0,375,0,375,0,375,0,375,0,375,0,375,0,375,0,375,0,375,0,375,0,375,0,375,0,375,0,375,0,375,0,375,0,375,0,375,0,375,0,375,0,375,0,375,0,375,0,375,0,375,0,375,0,375,0,375,0,375,0,375,0,375,0,375,0,375,0,375,0,375,0,375,0,375,0,375,0,375,0,375,0,375,0,375,0,375,0,375,0,375,0,375,0,375,0,375,0,375,0,375,0,375,0,375,0,375,0,375,0,375,0,375,0,375,0,375,0,375,0,375,0,375,0,375,0,375,0,375,0,375,0,375,0,375,0,375,0,375,0,375,0,375,0,375,0,375,0,375,0,375,0,375,0,375,0,375,0,375,0,375,0,375,0,375,0,375,0,375,0,375,0,375,0,375,0,375,0,375,0,375,0,375,0,375,0,375,0,375,0,375,0,375,0,375,0,375,0,375,0,375,0,375,0,375,0,375,0,375,0,375,0,375,0,375,0,375,0,375,0,375,0,375,0,375,0,375,0,375,0,375,0,375,0,375,0,375,0,375,0,375,0,375,0,375,0,375,0,375,0,375,0,375,0,375,0,375,0,375,0,375,0,375,0,375,0,375,0,375,0,375,0,375,0,375,0,375,0,375,0,375,0,375,0,375,0,375,0,375,0,375,0,375,0,375,0,375,0,375,0,375,0,375,0,375,0,375,0,375,0,375,0,375,0,375,0,375,0,375,0,375,0,375,0,375,0,375,0,375,0,375,0,375,0,375,0,375,0,375,0,375,0,375,0,375,0,375,0,375,0,375,0,375,0,375,0,375,0,375,0,375,0,375,0,375,0,375,0,375,0,375,0,375,0,375,0,375,0,375,0,375,0,375,0,375,0,375,0,375,0,375,0,375,0,375,0,375,0,375,0,375,0,375,0,375,0,375,0,375,0,375,0,375,0,375,0,375,0,375,0,375,0,375,0,375,0,375,0,375,0,375,0,375,0,375,0,375,0,375,0,375,0,375,0,375,0,375,0,375,0,375,0,375,0,375,0
,,376,0,376,0,376,0,376,0,376,0,376,0,376,0,376,0,376,0,376,0,376,0,376,0,376,0,376,0,376,0,376,0,376,0,376,0,376,0,376,0,376,0,376,0,376,0,376,0,376,0,376,0,376,0,376,0,376,0,376,0,376,0,376,0,376,0,376,0,376,0,376,0,376,0,376,0,376,0,376,0,376,0,376,0,376,0,376,0,376,0,376,0,376,0,376,0,376,0,376,0,376,0,376,0,376,0,376,0,376,0,376,0,376,0,376,0,376,0,376,0,376,0,376,0,376,0,376,0,376,0,376,0,376,0,376,0,376,0,376,0,376,0,376,0,376,0,376,0,376,0,376,0,376,0,376,0,376,0,376,0,376,0,376,0,376,0,376,0,376,0,376,0,376,0,376,0,376,0,376,0,376,0,376,0,376,0,376,0,376,0,376,0,376,0,376,0,376,0,376,0,376,0,376,0,376,0,376,0,376,0,376,0,376,0,376,0,376,0,376,0,376,0,376,0,376,0,376,0,376,0,376,0,376,0,376,0,376,0,376,0,376,0,376,0,376,0,376,0,376,0,376,0,376,0,376,0,376,0,376,0,376,0,376,0,376,0,376,0,376,0,376,0,376,0,376,0,376,0,376,0,376,0,376,0,376,0,376,0,376,0,376,0,376,0,376,0,376,0,376,0,376,0,376,0,376,0,376,0,376,0,376,0,376,0,376,0,376,0,376,0,376,0,376,0,376,0,376,0,376,0,376,0,376,0,376,0,376,0,376,0,376,0,376,0,376,0,376,0,376,0,376,0,376,0,376,0,376,0,376,0,376,0,376,0,376,0,376,0,376,0,376,0,376,0,376,0,376,0,376,0,376,0,376,0,376,0,376,0,376,0,376,0,376,0,376,0,376,0,376,0,376,0,376,0,376,0,376,0,376,0,376,0,376,0,376,0,376,0,376,0,376,0,376,0,376,0,376,0,376,0,376,0,376,0,376,0,376,0,376,0,376,0,376,0,376,0,376,0,376,0,376,0,376,0,376,0,376,0,376,0,376,0,376,0,376,0,376,0,376,0,376,0,376,0,376,0,376,0,376,0,376,0,376,0,376,0,376,0,376,0,376,0,376,0,376,0,376,0,376,0,376,0,376,0,376,0,376,0,376,0,376,0,376,0,376,0,376,0,376,0,376,0,376,0,376,0,376,0,376,0,376,0,376,0,376,0,376,0,376,0,376,0,376,0,376,0,376,0,376,0,376,0,376,0,376,0,376,0,376,0,376,0,376,0,376,0,376,0,376,0,376,0,376,0,376,0,376,0,376,0,376,0,376,0,376,0,376,0,376,0,376,0,376,0,376,0,376,0,376,0,376,0,376,0,376,0,376,0,376,0,376,0,376,0,376,0,376,0,376,0,376,0,376,0,376,0,376,0,376,0,376,0,376,0,376,0,376,0,376,0,376,0,376,0,376,0,376,0,376,0,376,0,376,0,376,0,376,0,376,0,376,0,376,0,376,0,376,0,376,0,376,0,376,0,376,0,376,0,376,0,376,0,376,0,376,0,376,0,376,0,376,0,376,0,376,0,376,0,376,0,376,0,376,0,376,0,376,0,376,0,376,0,376,0,376,0,376,0,376,0,376,0,376,0,376,0,376,0,376,0,376,0,376,0,376,0,376,0,376,0,376,0,376,0,376,0,376,0,376,0,376,0,376,0,376,0,376,0,376,0,376,0,376,0,376,0,376,0,376,0,376,0,376,0,376,0,376,0,376,0,376,0,376,0,376,0,376,0,376,0,376,0,376,0,376,0,376,0,376,0,376,0,376,0,376,0,376,0,376,0,376,0,376,0,376,0,376,0,376,0,376,0,376,0,376,0,376,0,376,0,376,0,376,0,376,0,376,0,376,0,376,0,376,0,376,0,376,0,376,0,376,0,376,0,376,0,376,0,376,0,376,0,376,0,376,0,376,0,376,0,376,0,376,0,376,0,376,0,376,0,376,0,376,0,376,0,376,0,376,0,376,0,376,0,376,0,376,0,376,0,376,0,376,0,376,0,376,0,376,0,376,0,376,0,376,0,376,0,376,0,376,0,376,0,376,0,376,0,376,0,376,0,376,0,376,0,376,0,376,0,376,0,376,0,376,0,376,0,376,0,376,0,376,0,376,0,376,0,376,0,376,0,376,0,376,0,376,0,376,0,376,0,376,0,376,0,376,0,376,0,376,0,376,0,376,0,376,0,376,0,376,0,376,0,376,0,376,0,376,0,376,0,376,0,376,0,376,0,376,0,376,0,376,0,376,0,376,0,376,0,376,0,376,0,376,0,376,0,376,0,376,0,376,0,376,0,376,0,376,0,376,0,376,0,376,0,376,0,376,0,376,0,376,0,376,0,376,0,376,0,376,0,376,0,376,0,376,0,376,0,376,0,376,0,376,0,376,0,376,0,376,0,376,0,376,0,376,0
,,377,0,377,0,377,0,377,0,377,0,377,0,377,0,377,0,377,0,377,0,377,0,377,0,377,0,377,0,377,0,377,0,377,0,377,0,377,0,377,0,377,0,377,0,377,0,377,0,377,0,377,0,377,0,377,0,377,0,377,0,377,0,377,0,377,0,377,0,377,0,377,0,377,0,377,0,377,0,377,0,377,0,377,0,377,0,377,0,377,0,377,0,377,0,377,0,377,0,377,0,377,0,377,0,377,0,377,0,377,0,377,0,377,0,377,0,377,0,377,0,377,0,377,0,377,0,377,0,377,0,377,0,377,0,377,0,377,0,377,0,377,0,377,0,377,0,377,0,377,0,377,0,377,0,377,0,377,0,377,0,377,0,377,0,377,0,377,0,377,0,377,0,377,0,377,0,377,0,377,0,377,0,377,0,377,0,377,0,377,0,377,0,377,0,377,0,377,0,377,0,377,0,377,0,377,0,377,0,377,0,377,0,377,0,377,0,377,0,377,0,377,0,377,0,377,0,377,0,377,0,377,0,377,0,377,0,377,0,377,0,377,0,377,0,377,0,377,0,377,0,377,0,377,0,377,0,377,0,377,0,377,0,377,0,377,0,377,0,377,0,377,0,377,0,377,0,377,0,377,0,377,0,377,0,377,0,377,0,377,0,377,0,377,0,377,0,377,0,377,0,377,0,377,0,377,0,377,0,377,0,377,0,377,0,377,0,377,0,377,0,377,0,377,0,377,0,377,0,377,0,377,0,377,0,377,0,377,0,377,0,377,0,377,0,377,0,377,0,377,0,377,0,377,0,377,0,377,0,377,0,377,0,377,0,377,0,377,0,377,0,377,0,377,0,377,0,377,0,377,0,377,0,377,0,377,0,377,0,377,0,377,0,377,0,377,0,377,0,377,0,377,0,377,0,377,0,377,0,377,0,377,0,377,0,377,0,377,0,377,0,377,0,377,0,377,0,377,0,377,0,377,0,377,0,377,0,377,0,377,0,377,0,377,0,377,0,377,0,377,0,377,0,377,0,377,0,377,0,377,0,377,0,377,0,377,0,377,0,377,0,377,0,377,0,377,0,377,0,377,0,377,0,377,0,377,0,377,0,377,0,377,0,377,0,377,0,377,0,377,0,377,0,377,0,377,0,377,0,377,0,377,0,377,0,377,0,377,0,377,0,377,0,377,0,377,0,377,0,377,0,377,0,377,0,377,0,377,0,377,0,377,0,377,0,377,0,377,0,377,0,377,0,377,0,377,0,377,0,377,0,377,0,377,0,377,0,377,0,377,0,377,0,377,0,377,0,377,0,377,0,377,0,377,0,377,0,377,0,377,0,377,0,377,0,377,0,377,0,377,0,377,0,377,0,377,0,377,0,377,0,377,0,377,0,377,0,377,0,377,0,377,0,377,0,377,0,377,0,377,0,377,0,377,0,377,0,377,0,377,0,377,0,377,0,377,0,377,0,377,0,377,0,377,0,377,0,377,0,377,0,377,0,377,0,377,0,377,0,377,0,377,0,377,0,377,0,377,0,377,0,377,0,377,0,377,0,377,0,377,0,377,0,377,0,377,0,377,0,377,0,377,0,377,0,377,0,377,0,377,0,377,0,377,0,377,0,377,0,377,0,377,0,377,0,377,0,377,0,377,0,377,0,377,0,377,0,377,0,377,0,377,0,377,0,377,0,377,0,377,0,377,0,377,0,377,0,377,0,377,0,377,0,377,0,377,0,377,0,377,0,377,0,377,0,377,0,377,0,377,0,377,0,377,0,377,0,377,0,377,0,377,0,377,0,377,0,377,0,377,0,377,0,377,0,377,0,377,0,377,0,377,0,377,0,377,0,377,0,377,0,377,0,377,0,377,0,377,0,377,0,377,0,377,0,377,0,377,0,377,0,377,0,377,0,377,0,377,0,377,0,377,0,377,0,377,0,377,0,377,0,377,0,377,0,377,0,377,0,377,0,377,0,377,0,377,0,377,0,377,0,377,0,377,0,377,0,377,0,377,0,377,0,377,0,377,0,377,0,377,0,377,0,377,0,377,0,377,0,377,0,377,0,377,0,377,0,377,0,377,0,377,0,377,0,377,0,377,0,377,0,377,0,377,0,377,0,377,0,377,0,377,0,377,0,377,0,377,0,377,0,377,0,377,0,377,0,377,0,377,0,377,0,377,0,377,0,377,0,377,0,377,0,377,0,377,0,377,0,377,0,377,0,377,0,377,0,377,0,377,0,377,0,377,0,377,0,377,0,377,0,377,0,377,0,377,0,377,0,377,0,377,0,377,0,377,0,377,0,377,0,377,0,377,0,377,0,377,0,377,0,377,0,377,0,377,0,377,0,377,0,377,0,377,0,377,0,377,0,377,0,377,0,377,0,377,0,377,0,377,0,377,0,377,0,377,0,377,0,377,0,377,0,377,0,377,0,377,0,377,0,377,0,377,0,377,0,377,0
,,378,0,378,0,378,0,378,0,378,0,378,0,378,0,378,0,378,0,378,0,378,0,378,0,378,0,378,0,378,0,378,0,378,0,378,0,378,0,378,0,378,0,378,0,378,0,378,0,378,0,378,0,378,0,378,0,378,0,378,0,378,0,378,0,378,0,378,0,378,0,378,0,378,0,378,0,378,0,378,0,378,0,378,0,378,0,378,0,378,0,378,0,378,0,378,0,378,0,378,0,378,0,378,0,378,0,378,0,378,0,378,0,378,0,378,0,378,0,378,0,378,0,378,0,378,0,378,0,378,0,378,0,378,0,378,0,378,0,378,0,378,0,378,0,378,0,378,0,378,0,378,0,378,0,378,0,378,0,378,0,378,0,378,0,378,0,378,0,378,0,378,0,378,0,378,0,378,0,378,0,378,0,378,0,378,0,378,0,378,0,378,0,378,0,378,0,378,0,378,0,378,0,378,0,378,0,378,0,378,0,378,0,378,0,378,0,378,0,378,0,378,0,378,0,378,0,378,0,378,0,378,0,378,0,378,0,378,0,378,0,378,0,378,0,378,0,378,0,378,0,378,0,378,0,378,0,378,0,378,0,378,0,378,0,378,0,378,0,378,0,378,0,378,0,378,0,378,0,378,0,378,0,378,0,378,0,378,0,378,0,378,0,378,0,378,0,378,0,378,0,378,0,378,0,378,0,378,0,378,0,378,0,378,0,378,0,378,0,378,0,378,0,378,0,378,0,378,0,378,0,378,0,378,0,378,0,378,0,378,0,378,0,378,0,378,0,378,0,378,0,378,0,378,0,378,0,378,0,378,0,378,0,378,0,378,0,378,0,378,0,378,0,378,0,378,0,378,0,378,0,378,0,378,0,378,0,378,0,378,0,378,0,378,0,378,0,378,0,378,0,378,0,378,0,378,0,378,0,378,0,378,0,378,0,378,0,378,0,378,0,378,0,378,0,378,0,378,0,378,0,378,0,378,0,378,0,378,0,378,0,378,0,378,0,378,0,378,0,378,0,378,0,378,0,378,0,378,0,378,0,378,0,378,0,378,0,378,0,378,0,378,0,378,0,378,0,378,0,378,0,378,0,378,0,378,0,378,0,378,0,378,0,378,0,378,0,378,0,378,0,378,0,378,0,378,0,378,0,378,0,378,0,378,0,378,0,378,0,378,0,378,0,378,0,378,0,378,0,378,0,378,0,378,0,378,0,378,0,378,0,378,0,378,0,378,0,378,0,378,0,378,0,378,0,378,0,378,0,378,0,378,0,378,0,378,0,378,0,378,0,378,0,378,0,378,0,378,0,378,0,378,0,378,0,378,0,378,0,378,0,378,0,378,0,378,0,378,0,378,0,378,0,378,0,378,0,378,0,378,0,378,0,378,0,378,0,378,0,378,0,378,0,378,0,378,0,378,0,378,0,378,0,378,0,378,0,378,0,378,0,378,0,378,0,378,0,378,0,378,0,378,0,378,0,378,0,378,0,378,0,378,0,378,0,378,0,378,0,378,0,378,0,378,0,378,0,378,0,378,0,378,0,378,0,378,0,378,0,378,0,378,0,378,0,378,0,378,0,378,0,378,0,378,0,378,0,378,0,378,0,378,0,378,0,378,0,378,0,378,0,378,0,378,0,378,0,378,0,378,0,378,0,378,0,378,0,378,0,378,0,378,0,378,0,378,0,378,0,378,0,378,0,378,0,378,0,378,0,378,0,378,0,378,0,378,0,378,0,378,0,378,0,378,0,378,0,378,0,378,0,378,0,378,0,378,0,378,0,378,0,378,0,378,0,378,0,378,0,378,0,378,0,378,0,378,0,378,0,378,0,378,0,378,0,378,0,378,0,378,0,378,0,378,0,378,0,378,0,378,0,378,0,378,0,378,0,378,0,378,0,378,0,378,0,378,0,378,0,378,0,378,0,378,0,378,0,378,0,378,0,378,0,378,0,378,0,378,0,378,0,378,0,378,0,378,0,378,0,378,0,378,0,378,0,378,0,378,0,378,0,378,0,378,0,378,0,378,0,378,0,378,0,378,0,378,0,378,0,378,0,378,0,378,0,378,0,378,0,378,0,378,0,378,0,378,0,378,0,378,0,378,0,378,0,378,0,378,0,378,0,378,0,378,0,378,0,378,0,378,0,378,0,378,0,378,0,378,0,378,0,378,0,378,0,378,0,378,0,378,0,378,0,378,0,378,0,378,0,378,0,378,0,378,0,378,0,378,0,378,0,378,0,378,0,378,0,378,0,378,0,378,0,378,0,378,0,378,0,378,0,378,0,378,0,378,0,378,0,378,0,378,0,378,0,378,0,378,0,378,0,378,0,378,0,378,0,378,0,378,0,378,0,378,0,378,0,378,0,378,0,378,0,378,0,378,0,378,0,378,0,378,0,378,0,378,0,378,0,378,0,378,0,378,0,378,0,378,0,378,0,378,0,378,0,378,0,378,0
,,379,0,379,0,379,0,379,0,379,0,379,0,379,0,379,0,379,0,379,0,379,0,379,0,379,0,379,0,379,0,379,0,379,0,379,0,379,0,379,0,379,0,379,0,379,0,379,0,379,0,379,0,379,0,379,0,379,0,379,0,379,0,379,0,379,0,379,0,379,0,379,0,379,0,379,0,379,0,379,0,379,0,379,0,379,0,379,0,379,0,379,0,379,0,379,0,379,0,379,0,379,0,379,0,379,0,379,0,379,0,379,0,379,0,379,0,379,0,379,0,379,0,379,0,379,0,379,0,379,0,379,0,379,0,379,0,379,0,379,0,379,0,379,0,379,0,379,0,379,0,379,0,379,0,379,0,379,0,379,0,379,0,379,0,379,0,379,0,379,0,379,0,379,0,379,0,379,0,379,0,379,0,379,0,379,0,379,0,379,0,379,0,379,0,379,0,379,0,379,0,379,0,379,0,379,0,379,0,379,0,379,0,379,0,379,0,379,0,379,0,379,0,379,0,379,0,379,0,379,0,379,0,379,0,379,0,379,0,379,0,379,0,379,0,379,0,379,0,379,0,379,0,379,0,379,0,379,0,379,0,379,0,379,0,379,0,379,0,379,0,379,0,379,0,379,0,379,0,379,0,379,0,379,0,379,0,379,0,379,0,379,0,379,0,379,0,379,0,379,0,379,0,379,0,379,0,379,0,379,0,379,0,379,0,379,0,379,0,379,0,379,0,379,0,379,0,379,0,379,0,379,0,379,0,379,0,379,0,379,0,379,0,379,0,379,0,379,0,379,0,379,0,379,0,379,0,379,0,379,0,379,0,379,0,379,0,379,0,379,0,379,0,379,0,379,0,379,0,379,0,379,0,379,0,379,0,379,0,379,0,379,0,379,0,379,0,379,0,379,0,379,0,379,0,379,0,379,0,379,0,379,0,379,0,379,0,379,0,379,0,379,0,379,0,379,0,379,0,379,0,379,0,379,0,379,0,379,0,379,0,379,0,379,0,379,0,379,0,379,0,379,0,379,0,379,0,379,0,379,0,379,0,379,0,379,0,379,0,379,0,379,0,379,0,379,0,379,0,379,0,379,0,379,0,379,0,379,0,379,0,379,0,379,0,379,0,379,0,379,0,379,0,379,0,379,0,379,0,379,0,379,0,379,0,379,0,379,0,379,0,379,0,379,0,379,0,379,0,379,0,379,0,379,0,379,0,379,0,379,0,379,0,379,0,379,0,379,0,379,0,379,0,379,0,379,0,379,0,379,0,379,0,379,0,379,0,379,0,379,0,379,0,379,0,379,0,379,0,379,0,379,0,379,0,379,0,379,0,379,0,379,0,379,0,379,0,379,0,379,0,379,0,379,0,379,0,379,0,379,0,379,0,379,0,379,0,379,0,379,0,379,0,379,0,379,0,379,0,379,0,379,0,379,0,379,0,379,0,379,0,379,0,379,0,379,0,379,0,379,0,379,0,379,0,379,0,379,0,379,0,379,0,379,0,379,0,379,0,379,0,379,0,379,0,379,0,379,0,379,0,379,0,379,0,379,0,379,0,379,0,379,0,379,0,379,0,379,0,379,0,379,0,379,0,379,0,379,0,379,0,379,0,379,0,379,0,379,0,379,0,379,0,379,0,379,0,379,0,379,0,379,0,379,0,379,0,379,0,379,0,379,0,379,0,379,0,379,0,379,0,379,0,379,0,379,0,379,0,379,0,379,0,379,0,379,0,379,0,379,0,379,0,379,0,379,0,379,0,379,0,379,0,379,0,379,0,379,0,379,0,379,0,379,0,379,0,379,0,379,0,379,0,379,0,379,0,379,0,379,0,379,0,379,0,379,0,379,0,379,0,379,0,379,0,379,0,379,0,379,0,379,0,379,0,379,0,379,0,379,0,379,0,379,0,379,0,379,0,379,0,379,0,379,0,379,0,379,0,379,0,379,0,379,0,379,0,379,0,379,0,379,0,379,0,379,0,379,0,379,0,379,0,379,0,379,0,379,0,379,0,379,0,379,0,379,0,379,0,379,0,379,0,379,0,379,0,379,0,379,0,379,0,379,0,379,0,379,0,379,0,379,0,379,0,379,0,379,0,379,0,379,0,379,0,379,0,379,0,379,0,379,0,379,0,379,0,379,0,379,0,379,0,379,0,379,0,379,0,379,0,379,0,379,0,379,0,379,0,379,0,379,0,379,0,379,0,379,0,379,0,379,0,379,0,379,0,379,0,379,0,379,0,379,0,379,0,379,0,379,0,379,0,379,0,379,0,379,0,379,0,379,0,379,0,379,0,379,0,379,0,379,0,379,0,379,0,379,0,379,0,379,0,379,0,379,0,379,0,379,0,379,0,379,0,379,0,379,0,379,0,379,0,379,0,379,0,379,0,379,0,379,0,379,0,379,0,379,0,379,0,379,0,379,0,379,0,379,0,379,0,379,0,379,0,379,0,379,0
,,380,0,380,0,380,0,380,0,380,0,380,0,380,0,380,0,380,0,380,0,380,0,380,0,380,0,380,0,380,0,380,0,380,0,380,0,380,0,380,0,380,0,380,0,380,0,380,0,380,0,380,0,380,0,380,0,380,0,380,0,380,0,380,0,380,0,380,0,380,0,380,0,380,0,380,0,380,0,380,0,380,0,380,0,380,0,380,0,380,0,380,0,380,0,380,0,380,0,380,0,380,0,380,0,380,0,380,0,380,0,380,0,380,0,380,0,380,0,380,0,380,0,380,0,380,0,380,0,380,0,380,0,380,0,380,0,380,0,380,0,380,0,380,0,380,0,380,0,380,0,380,0,380,0,380,0,380,0,380,0,380,0,380,0,380,0,380,0,380,0,380,0,380,0,380,0,380,0,380,0,380,0,380,0,380,0,380,0,380,0,380,0,380,0,380,0,380,0,380,0,380,0,380,0,380,0,380,0,380,0,380,0,380,0,380,0,380,0,380,0,380,0,380,0,380,0,380,0,380,0,380,0,380,0,380,0,380,0,380,0,380,0,380,0,380,0,380,0,380,0,380,0,380,0,380,0,380,0,380,0,380,0,380,0,380,0,380,0,380,0,380,0,380,0,380,0,380,0,380,0,380,0,380,0,380,0,380,0,380,0,380,0,380,0,380,0,380,0,380,0,380,0,380,0,380,0,380,0,380,0,380,0,380,0,380,0,380,0,380,0,380,0,380,0,380,0,380,0,380,0,380,0,380,0,380,0,380,0,380,0,380,0,380,0,380,0,380,0,380,0,380,0,380,0,380,0,380,0,380,0,380,0,380,0,380,0,380,0,380,0,380,0,380,0,380,0,380,0,380,0,380,0,380,0,380,0,380,0,380,0,380,0,380,0,380,0,380,0,380,0,380,0,380,0,380,0,380,0,380,0,380,0,380,0,380,0,380,0,380,0,380,0,380,0,380,0,380,0,380,0,380,0,380,0,380,0,380,0,380,0,380,0,380,0,380,0,380,0,380,0,380,0,380,0,380,0,380,0,380,0,380,0,380,0,380,0,380,0,380,0,380,0,380,0,380,0,380,0,380,0,380,0,380,0,380,0,380,0,380,0,380,0,380,0,380,0,380,0,380,0,380,0,380,0,380,0,380,0,380,0,380,0,380,0,380,0,380,0,380,0,380,0,380,0,380,0,380,0,380,0,380,0,380,0,380,0,380,0,380,0,380,0,380,0,380,0,380,0,380,0,380,0,380,0,380,0,380,0,380,0,380,0,380,0,380,0,380,0,380,0,380,0,380,0,380,0,380,0,380,0,380,0,380,0,380,0,380,0,380,0,380,0,380,0,380,0,380,0,380,0,380,0,380,0,380,0,380,0,380,0,380,0,380,0,380,0,380,0,380,0,380,0,380,0,380,0,380,0,380,0,380,0,380,0,380,0,380,0,380,0,380,0,380,0,380,0,380,0,380,0,380,0,380,0,380,0,380,0,380,0,380,0,380,0,380,0,380,0,380,0,380,0,380,0,380,0,380,0,380,0,380,0,380,0,380,0,380,0,380,0,380,0,380,0,380,0,380,0,380,0,380,0,380,0,380,0,380,0,380,0,380,0,380,0,380,0,380,0,380,0,380,0,380,0,380,0,380,0,380,0,380,0,380,0,380,0,380,0,380,0,380,0,380,0,380,0,380,0,380,0,380,0,380,0,380,0,380,0,380,0,380,0,380,0,380,0,380,0,380,0,380,0,380,0,380,0,380,0,380,0,380,0,380,0,380,0,380,0,380,0,380,0,380,0,380,0,380,0,380,0,380,0,380,0,380,0,380,0,380,0,380,0,380,0,380,0,380,0,380,0,380,0,380,0,380,0,380,0,380,0,380,0,380,0,380,0,380,0,380,0,380,0,380,0,380,0,380,0,380,0,380,0,380,0,380,0,380,0,380,0,380,0,380,0,380,0,380,0,380,0,380,0,380,0,380,0,380,0,380,0,380,0,380,0,380,0,380,0,380,0,380,0,380,0,380,0,380,0,380,0,380,0,380,0,380,0,380,0,380,0,380,0,380,0,380,0,380,0,380,0,380,0,380,0,380,0,380,0,380,0,380,0,380,0,380,0,380,0,380,0,380,0,380,0,380,0,380,0,380,0,380,0,380,0,380,0,380,0,380,0,380,0,380,0,380,0,380,0,380,0,380,0,380,0,380,0,380,0,380,0,380,0,380,0,380,0,380,0,380,0,380,0,380,0,380,0,380,0,380,0,380,0,380,0,380,0,380,0,380,0,380,0,380,0,380,0,380,0,380,0,380,0,380,0,380,0,380,0,380,0,380,0,380,0,380,0,380,0,380,0,380,0,380,0,380,0,380,0,380,0,380,0,380,0,380,0,380,0,380,0,380,0,380,0,380,0,380,0,380,0,380,0,380,0,380,0,380,0,380,0,380,0,380,0,380,0,380,0
,,381,0,381,0,381,0,381,0,381,0,381,0,381,0,381,0,381,0,381,0,381,0,381,0,381,0,381,0,381,0,381,0,381,0,381,0,381,0,381,0,381,0,381,0,381,0,381,0,381,0,381,0,381,0,381,0,381,0,381,0,381,0,381,0,381,0,381,0,381,0,381,0,381,0,381,0,381,0,381,0,381,0,381,0,381,0,381,0,381,0,381,0,381,0,381,0,381,0,381,0,381,0,381,0,381,0,381,0,381,0,381,0,381,0,381,0,381,0,381,0,381,0,381,0,381,0,381,0,381,0,381,0,381,0,381,0,381,0,381,0,381,0,381,0,381,0,381,0,381,0,381,0,381,0,381,0,381,0,381,0,381,0,381,0,381,0,381,0,381,0,381,0,381,0,381,0,381,0,381,0,381,0,381,0,381,0,381,0,381,0,381,0,381,0,381,0,381,0,381,0,381,0,381,0,381,0,381,0,381,0,381,0,381,0,381,0,381,0,381,0,381,0,381,0,381,0,381,0,381,0,381,0,381,0,381,0,381,0,381,0,381,0,381,0,381,0,381,0,381,0,381,0,381,0,381,0,381,0,381,0,381,0,381,0,381,0,381,0,381,0,381,0,381,0,381,0,381,0,381,0,381,0,381,0,381,0,381,0,381,0,381,0,381,0,381,0,381,0,381,0,381,0,381,0,381,0,381,0,381,0,381,0,381,0,381,0,381,0,381,0,381,0,381,0,381,0,381,0,381,0,381,0,381,0,381,0,381,0,381,0,381,0,381,0,381,0,381,0,381,0,381,0,381,0,381,0,381,0,381,0,381,0,381,0,381,0,381,0,381,0,381,0,381,0,381,0,381,0,381,0,381,0,381,0,381,0,381,0,381,0,381,0,381,0,381,0,381,0,381,0,381,0,381,0,381,0,381,0,381,0,381,0,381,0,381,0,381,0,381,0,381,0,381,0,381,0,381,0,381,0,381,0,381,0,381,0,381,0,381,0,381,0,381,0,381,0,381,0,381,0,381,0,381,0,381,0,381,0,381,0,381,0,381,0,381,0,381,0,381,0,381,0,381,0,381,0,381,0,381,0,381,0,381,0,381,0,381,0,381,0,381,0,381,0,381,0,381,0,381,0,381,0,381,0,381,0,381,0,381,0,381,0,381,0,381,0,381,0,381,0,381,0,381,0,381,0,381,0,381,0,381,0,381,0,381,0,381,0,381,0,381,0,381,0,381,0,381,0,381,0,381,0,381,0,381,0,381,0,381,0,381,0,381,0,381,0,381,0,381,0,381,0,381,0,381,0,381,0,381,0,381,0,381,0,381,0,381,0,381,0,381,0,381,0,381,0,381,0,381,0,381,0,381,0,381,0,381,0,381,0,381,0,381,0,381,0,381,0,381,0,381,0,381,0,381,0,381,0,381,0,381,0,381,0,381,0,381,0,381,0,381,0,381,0,381,0,381,0,381,0,381,0,381,0,381,0,381,0,381,0,381,0,381,0,381,0,381,0,381,0,381,0,381,0,381,0,381,0,381,0,381,0,381,0,381,0,381,0,381,0,381,0,381,0,381,0,381,0,381,0,381,0,381,0,381,0,381,0,381,0,381,0,381,0,381,0,381,0,381,0,381,0,381,0,381,0,381,0,381,0,381,0,381,0,381,0,381,0,381,0,381,0,381,0,381,0,381,0,381,0,381,0,381,0,381,0,381,0,381,0,381,0,381,0,381,0,381,0,381,0,381,0,381,0,381,0,381,0,381,0,381,0,381,0,381,0,381,0,381,0,381,0,381,0,381,0,381,0,381,0,381,0,381,0,381,0,381,0,381,0,381,0,381,0,381,0,381,0,381,0,381,0,381,0,381,0,381,0,381,0,381,0,381,0,381,0,381,0,381,0,381,0,381,0,381,0,381,0,381,0,381,0,381,0,381,0,381,0,381,0,381,0,381,0,381,0,381,0,381,0,381,0,381,0,381,0,381,0,381,0,381,0,381,0,381,0,381,0,381,0,381,0,381,0,381,0,381,0,381,0,381,0,381,0,381,0,381,0,381,0,381,0,381,0,381,0,381,0,381,0,381,0,381,0,381,0,381,0,381,0,381,0,381,0,381,0,381,0,381,0,381,0,381,0,381,0,381,0,381,0,381,0,381,0,381,0,381,0,381,0,381,0,381,0,381,0,381,0,381,0,381,0,381,0,381,0,381,0,381,0,381,0,381,0,381,0,381,0,381,0,381,0,381,0,381,0,381,0,381,0,381,0,381,0,381,0,381,0,381,0,381,0,381,0,381,0,381,0,381,0,381,0,381,0,381,0,381,0,381,0,381,0,381,0,381,0,381,0,381,0,381,0,381,0,381,0,381,0,381,0,381,0,381,0,381,0,381,0,381,0,381,0,381,0,381,0,381,0,381,0,381,0,381,0,381,0,381,0,381,0,381,0,381,0,381,0,381,0
,,382,0,382,0,382,0,382,0,382,0,382,0,382,0,382,0,382,0,382,0,382,0,382,0,382,0,382,0,382,0,382,0,382,0,382,0,382,0,382,0,382,0,382,0,382,0,382,0,382,0,382,0,382,0,382,0,382,0,382,0,382,0,382,0,382,0,382,0,382,0,382,0,382,0,382,0,382,0,382,0,382,0,382,0,382,0,382,0,382,0,382,0,382,0,382,0,382,0,382,0,382,0,382,0,382,0,382,0,382,0,382,0,382,0,382,0,382,0,382,0,382,0,382,0,382,0,382,0,382,0,382,0,382,0,382,0,382,0,382,0,382,0,382,0,382,0,382,0,382,0,382,0,382,0,382,0,382,0,382,0,382,0,382,0,382,0,382,0,382,0,382,0,382,0,382,0,382,0,382,0,382,0,382,0,382,0,382,0,382,0,382,0,382,0,382,0,382,0,382,0,382,0,382,0,382,0,382,0,382,0,382,0,382,0,382,0,382,0,382,0,382,0,382,0,382,0,382,0,382,0,382,0,382,0,382,0,382,0,382,0,382,0,382,0,382,0,382,0,382,0,382,0,382,0,382,0,382,0,382,0,382,0,382,0,382,0,382,0,382,0,382,0,382,0,382,0,382,0,382,0,382,0,382,0,382,0,382,0,382,0,382,0,382,0,382,0,382,0,382,0,382,0,382,0,382,0,382,0,382,0,382,0,382,0,382,0,382,0,382,0,382,0,382,0,382,0,382,0,382,0,382,0,382,0,382,0,382,0,382,0,382,0,382,0,382,0,382,0,382,0,382,0,382,0,382,0,382,0,382,0,382,0,382,0,382,0,382,0,382,0,382,0,382,0,382,0,382,0,382,0,382,0,382,0,382,0,382,0,382,0,382,0,382,0,382,0,382,0,382,0,382,0,382,0,382,0,382,0,382,0,382,0,382,0,382,0,382,0,382,0,382,0,382,0,382,0,382,0,382,0,382,0,382,0,382,0,382,0,382,0,382,0,382,0,382,0,382,0,382,0,382,0,382,0,382,0,382,0,382,0,382,0,382,0,382,0,382,0,382,0,382,0,382,0,382,0,382,0,382,0,382,0,382,0,382,0,382,0,382,0,382,0,382,0,382,0,382,0,382,0,382,0,382,0,382,0,382,0,382,0,382,0,382,0,382,0,382,0,382,0,382,0,382,0,382,0,382,0,382,0,382,0,382,0,382,0,382,0,382,0,382,0,382,0,382,0,382,0,382,0,382,0,382,0,382,0,382,0,382,0,382,0,382,0,382,0,382,0,382,0,382,0,382,0,382,0,382,0,382,0,382,0,382,0,382,0,382,0,382,0,382,0,382,0,382,0,382,0,382,0,382,0,382,0,382,0,382,0,382,0,382,0,382,0,382,0,382,0,382,0,382,0,382,0,382,0,382,0,382,0,382,0,382,0,382,0,382,0,382,0,382,0,382,0,382,0,382,0,382,0,382,0,382,0,382,0,382,0,382,0,382,0,382,0,382,0,382,0,382,0,382,0,382,0,382,0,382,0,382,0,382,0,382,0,382,0,382,0,382,0,382,0,382,0,382,0,382,0,382,0,382,0,382,0,382,0,382,0,382,0,382,0,382,0,382,0,382,0,382,0,382,0,382,0,382,0,382,0,382,0,382,0,382,0,382,0,382,0,382,0,382,0,382,0,382,0,382,0,382,0,382,0,382,0,382,0,382,0,382,0,382,0,382,0,382,0,382,0,382,0,382,0,382,0,382,0,382,0,382,0,382,0,382,0,382,0,382,0,382,0,382,0,382,0,382,0,382,0,382,0,382,0,382,0,382,0,382,0,382,0,382,0,382,0,382,0,382,0,382,0,382,0,382,0,382,0,382,0,382,0,382,0,382,0,382,0,382,0,382,0,382,0,382,0,382,0,382,0,382,0,382,0,382,0,382,0,382,0,382,0,382,0,382,0,382,0,382,0,382,0,382,0,382,0,382,0,382,0,382,0,382,0,382,0,382,0,382,0,382,0,382,0,382,0,382,0,382,0,382,0,382,0,382,0,382,0,382,0,382,0,382,0,382,0,382,0,382,0,382,0,382,0,382,0,382,0,382,0,382,0,382,0,382,0,382,0,382,0,382,0,382,0,382,0,382,0,382,0,382,0,382,0,382,0,382,0,382,0,382,0,382,0,382,0,382,0,382,0,382,0,382,0,382,0,382,0,382,0,382,0,382,0,382,0,382,0,382,0,382,0,382,0,382,0,382,0,382,0,382,0,382,0,382,0,382,0,382,0,382,0,382,0,382,0,382,0,382,0,382,0,382,0,382,0,382,0,382,0,382,0,382,0,382,0,382,0,382,0,382,0,382,0,382,0,382,0,382,0,382,0,382,0,382,0,382,0,382,0,382,0,382,0,382,0,382,0,382,0,382,0,382,0,382,0,382,0,382,0,382,0,382,0,382,0,382,0,382,0
,,383,0,383,0,383,0,383,0,383,0,383,0,383,0,383,0,383,0,383,0,383,0,383,0,383,0,383,0,383,0,383,0,383,0,383,0,383,0,383,0,383,0,383,0,383,0,383,0,383,0,383,0,383,0,383,0,383,0,383,0,383,0,383,0,383,0,383,0,383,0,383,0,383,0,383,0,383,0,383,0,383,0,383,0,383,0,383,0,383,0,383,0,383,0,383,0,383,0,383,0,383,0,383,0,383,0,383,0,383,0,383,0,383,0,383,0,383,0,383,0,383,0,383,0,383,0,383,0,383,0,383,0,383,0,383,0,383,0,383,0,383,0,383,0,383,0,383,0,383,0,383,0,383,0,383,0,383,0,383,0,383,0,383,0,383,0,383,0,383,0,383,0,383,0,383,0,383,0,383,0,383,0,383,0,383,0,383,0,383,0,383,0,383,0,383,0,383,0,383,0,383,0,383,0,383,0,383,0,383,0,383,0,383,0,383,0,383,0,383,0,383,0,383,0,383,0,383,0,383,0,383,0,383,0,383,0,383,0,383,0,383,0,383,0,383,0,383,0,383,0,383,0,383,0,383,0,383,0,383,0,383,0,383,0,383,0,383,0,383,0,383,0,383,0,383,0,383,0,383,0,383,0,383,0,383,0,383,0,383,0,383,0,383,0,383,0,383,0,383,0,383,0,383,0,383,0,383,0,383,0,383,0,383,0,383,0,383,0,383,0,383,0,383,0,383,0,383,0,383,0,383,0,383,0,383,0,383,0,383,0,383,0,383,0,383,0,383,0,383,0,383,0,383,0,383,0,383,0,383,0,383,0,383,0,383,0,383,0,383,0,383,0,383,0,383,0,383,0,383,0,383,0,383,0,383,0,383,0,383,0,383,0,383,0,383,0,383,0,383,0,383,0,383,0,383,0,383,0,383,0,383,0,383,0,383,0,383,0,383,0,383,0,383,0,383,0,383,0,383,0,383,0,383,0,383,0,383,0,383,0,383,0,383,0,383,0,383,0,383,0,383,0,383,0,383,0,383,0,383,0,383,0,383,0,383,0,383,0,383,0,383,0,383,0,383,0,383,0,383,0,383,0,383,0,383,0,383,0,383,0,383,0,383,0,383,0,383,0,383,0,383,0,383,0,383,0,383,0,383,0,383,0,383,0,383,0,383,0,383,0,383,0,383,0,383,0,383,0,383,0,383,0,383,0,383,0,383,0,383,0,383,0,383,0,383,0,383,0,383,0,383,0,383,0,383,0,383,0,383,0,383,0,383,0,383,0,383,0,383,0,383,0,383,0,383,0,383,0,383,0,383,0,383,0,383,0,383,0,383,0,383,0,383,0,383,0,383,0,383,0,383,0,383,0,383,0,383,0,383,0,383,0,383,0,383,0,383,0,383,0,383,0,383,0,383,0,383,0,383,0,383,0,383,0,383,0,383,0,383,0,383,0,383,0,383,0,383,0,383,0,383,0,383,0,383,0,383,0,383,0,383,0,383,0,383,0,383,0,383,0,383,0,383,0,383,0,383,0,383,0,383,0,383,0,383,0,383,0,383,0,383,0,383,0,383,0,383,0,383,0,383,0,383,0,383,0,383,0,383,0,383,0,383,0,383,0,383,0,383,0,383,0,383,0,383,0,383,0,383,0,383,0,383,0,383,0,383,0,383,0,383,0,383,0,383,0,383,0,383,0,383,0,383,0,383,0,383,0,383,0,383,0,383,0,383,0,383,0,383,0,383,0,383,0,383,0,383,0,383,0,383,0,383,0,383,0,383,0,383,0,383,0,383,0,383,0,383,0,383,0,383,0,383,0,383,0,383,0,383,0,383,0,383,0,383,0,383,0,383,0,383,0,383,0,383,0,383,0,383,0,383,0,383,0,383,0,383,0,383,0,383,0,383,0,383,0,383,0,383,0,383,0,383,0,383,0,383,0,383,0,383,0,383,0,383,0,383,0,383,0,383,0,383,0,383,0,383,0,383,0,383,0,383,0,383,0,383,0,383,0,383,0,383,0,383,0,383,0,383,0,383,0,383,0,383,0,383,0,383,0,383,0,383,0,383,0,383,0,383,0,383,0,383,0,383,0,383,0,383,0,383,0,383,0,383,0,383,0,383,0,383,0,383,0,383,0,383,0,383,0,383,0,383,0,383,0,383,0,383,0,383,0,383,0,383,0,383,0,383,0,383,0,383,0,383,0,383,0,383,0,383,0,383,0,383,0,383,0,383,0,383,0,383,0,383,0,383,0,383,0,383,0,383,0,383,0,383,0,383,0,383,0,383,0,383,0,383,0,383,0,383,0,383,0,383,0,383,0,383,0,383,0,383,0,383,0,383,0,383,0,383,0,383,0,383,0,383,0,383,0,383,0,383,0,383,0,383,0,383,0,383,0,383,0,383,0,383,0,383,0,383,0,383,0,383,0,383,0,383,0,383,0,383,0,383,0,383,0
,,384,0,384,0,384,0,384,0,384,0,384,0,384,0,384,0,384,0,384,0,384,0,384,0,384,0,384,0,384,0,384,0,384,0,384,0,384,0,384,0,384,0,384,0,384,0,384,0,384,0,384,0,384,0,384,0,384,0,384,0,384,0,384,0,384,0,384,0,384,0,384,0,384,0,384,0,384,0,384,0,384,0,384,0,384,0,384,0,384,0,384,0,384,0,384,0,384,0,384,0,384,0,384,0,384,0,384,0,384,0,384,0,384,0,384,0,384,0,384,0,384,0,384,0,384,0,384,0,384,0,384,0,384,0,384,0,384,0,384,0,384,0,384,0,384,0,384,0,384,0,384,0,384,0,384,0,384,0,384,0,384,0,384,0,384,0,384,0,384,0,384,0,384,0,384,0,384,0,384,0,384,0,384,0,384,0,384,0,384,0,384,0,384,0,384,0,384,0,384,0,384,0,384,0,384,0,384,0,384,0,384,0,384,0,384,0,384,0,384,0,384,0,384,0,384,0,384,0,384,0,384,0,384,0,384,0,384,0,384,0,384,0,384,0,384,0,384,0,384,0,384,0,384,0,384,0,384,0,384,0,384,0,384,0,384,0,384,0,384,0,384,0,384,0,384,0,384,0,384,0,384,0,384,0,384,0,384,0,384,0,384,0,384,0,384,0,384,0,384,0,384,0,384,0,384,0,384,0,384,0,384,0,384,0,384,0,384,0,384,0,384,0,384,0,384,0,384,0,384,0,384,0,384,0,384,0,384,0,384,0,384,0,384,0,384,0,384,0,384,0,384,0,384,0,384,0,384,0,384,0,384,0,384,0,384,0,384,0,384,0,384,0,384,0,384,0,384,0,384,0,384,0,384,0,384,0,384,0,384,0,384,0,384,0,384,0,384,0,384,0,384,0,384,0,384,0,384,0,384,0,384,0,384,0,384,0,384,0,384,0,384,0,384,0,384,0,384,0,384,0,384,0,384,0,384,0,384,0,384,0,384,0,384,0,384,0,384,0,384,0,384,0,384,0,384,0,384,0,384,0,384,0,384,0,384,0,384,0,384,0,384,0,384,0,384,0,384,0,384,0,384,0,384,0,384,0,384,0,384,0,384,0,384,0,384,0,384,0,384,0,384,0,384,0,384,0,384,0,384,0,384,0,384,0,384,0,384,0,384,0,384,0,384,0,384,0,384,0,384,0,384,0,384,0,384,0,384,0,384,0,384,0,384,0,384,0,384,0,384,0,384,0,384,0,384,0,384,0,384,0,384,0,384,0,384,0,384,0,384,0,384,0,384,0,384,0,384,0,384,0,384,0,384,0,384,0,384,0,384,0,384,0,384,0,384,0,384,0,384,0,384,0,384,0,384,0,384,0,384,0,384,0,384,0,384,0,384,0,384,0,384,0,384,0,384,0,384,0,384,0,384,0,384,0,384,0,384,0,384,0,384,0,384,0,384,0,384,0,384,0,384,0,384,0,384,0,384,0,384,0,384,0,384,0,384,0,384,0,384,0,384,0,384,0,384,0,384,0,384,0,384,0,384,0,384,0,384,0,384,0,384,0,384,0,384,0,384,0,384,0,384,0,384,0,384,0,384,0,384,0,384,0,384,0,384,0,384,0,384,0,384,0,384,0,384,0,384,0,384,0,384,0,384,0,384,0,384,0,384,0,384,0,384,0,384,0,384,0,384,0,384,0,384,0,384,0,384,0,384,0,384,0,384,0,384,0,384,0,384,0,384,0,384,0,384,0,384,0,384,0,384,0,384,0,384,0,384,0,384,0,384,0,384,0,384,0,384,0,384,0,384,0,384,0,384,0,384,0,384,0,384,0,384,0,384,0,384,0,384,0,384,0,384,0,384,0,384,0,384,0,384,0,384,0,384,0,384,0,384,0,384,0,384,0,384,0,384,0,384,0,384,0,384,0,384,0,384,0,384,0,384,0,384,0,384,0,384,0,384,0,384,0,384,0,384,0,384,0,384,0,384,0,384,0,384,0,384,0,384,0,384,0,384,0,384,0,384,0,384,0,384,0,384,0,384,0,384,0,384,0,384,0,384,0,384,0,384,0,384,0,384,0,384,0,384,0,384,0,384,0,384,0,384,0,384,0,384,0,384,0,384,0,384,0,384,0,384,0,384,0,384,0,384,0,384,0,384,0,384,0,384,0,384,0,384,0,384,0,384,0,384,0,384,0,384,0,384,0,384,0,384,0,384,0,384,0,384,0,384,0,384,0,384,0,384,0,384,0,384,0,384,0,384,0,384,0,384,0,384,0,384,0,384,0,384,0,384,0,384,0,384,0,384,0,384,0,384,0,384,0,384,0,384,0,384,0,384,0,384,0,384,0,384,0,384,0,384,0,384,0,384,0,384,0,384,0,384,0,384,0,384,0,384,0,384,0,384,0,384,0,384,0,384,0,384,0,384,0,384,0,384,0,384,0,384,0,384,0
,,385,0,385,0,385,0,385,0,385,0,385,0,385,0,385,0,385,0,385,0,385,0,385,0,385,0,385,0,385,0,385,0,385,0,385,0,385,0,385,0,385,0,385,0,385,0,385,0,385,0,385,0,385,0,385,0,385,0,385,0,385,0,385,0,385,0,385,0,385,0,385,0,385,0,385,0,385,0,385,0,385,0,385,0,385,0,385,0,385,0,385,0,385,0,385,0,385,0,385,0,385,0,385,0,385,0,385,0,385,0,385,0,385,0,385,0,385,0,385,0,385,0,385,0,385,0,385,0,385,0,385,0,385,0,385,0,385,0,385,0,385,0,385,0,385,0,385,0,385,0,385,0,385,0,385,0,385,0,385,0,385,0,385,0,385,0,385,0,385,0,385,0,385,0,385,0,385,0,385,0,385,0,385,0,385,0,385,0,385,0,385,0,385,0,385,0,385,0,385,0,385,0,385,0,385,0,385,0,385,0,385,0,385,0,385,0,385,0,385,0,385,0,385,0,385,0,385,0,385,0,385,0,385,0,385,0,385,0,385,0,385,0,385,0,385,0,385,0,385,0,385,0,385,0,385,0,385,0,385,0,385,0,385,0,385,0,385,0,385,0,385,0,385,0,385,0,385,0,385,0,385,0,385,0,385,0,385,0,385,0,385,0,385,0,385,0,385,0,385,0,385,0,385,0,385,0,385,0,385,0,385,0,385,0,385,0,385,0,385,0,385,0,385,0,385,0,385,0,385,0,385,0,385,0,385,0,385,0,385,0,385,0,385,0,385,0,385,0,385,0,385,0,385,0,385,0,385,0,385,0,385,0,385,0,385,0,385,0,385,0,385,0,385,0,385,0,385,0,385,0,385,0,385,0,385,0,385,0,385,0,385,0,385,0,385,0,385,0,385,0,385,0,385,0,385,0,385,0,385,0,385,0,385,0,385,0,385,0,385,0,385,0,385,0,385,0,385,0,385,0,385,0,385,0,385,0,385,0,385,0,385,0,385,0,385,0,385,0,385,0,385,0,385,0,385,0,385,0,385,0,385,0,385,0,385,0,385,0,385,0,385,0,385,0,385,0,385,0,385,0,385,0,385,0,385,0,385,0,385,0,385,0,385,0,385,0,385,0,385,0,385,0,385,0,385,0,385,0,385,0,385,0,385,0,385,0,385,0,385,0,385,0,385,0,385,0,385,0,385,0,385,0,385,0,385,0,385,0,385,0,385,0,385,0,385,0,385,0,385,0,385,0,385,0,385,0,385,0,385,0,385,0,385,0,385,0,385,0,385,0,385,0,385,0,385,0,385,0,385,0,385,0,385,0,385,0,385,0,385,0,385,0,385,0,385,0,385,0,385,0,385,0,385,0,385,0,385,0,385,0,385,0,385,0,385,0,385,0,385,0,385,0,385,0,385,0,385,0,385,0,385,0,385,0,385,0,385,0,385,0,385,0,385,0,385,0,385,0,385,0,385,0,385,0,385,0,385,0,385,0,385,0,385,0,385,0,385,0,385,0,385,0,385,0,385,0,385,0,385,0,385,0,385,0,385,0,385,0,385,0,385,0,385,0,385,0,385,0,385,0,385,0,385,0,385,0,385,0,385,0,385,0,385,0,385,0,385,0,385,0,385,0,385,0,385,0,385,0,385,0,385,0,385,0,385,0,385,0,385,0,385,0,385,0,385,0,385,0,385,0,385,0,385,0,385,0,385,0,385,0,385,0,385,0,385,0,385,0,385,0,385,0,385,0,385,0,385,0,385,0,385,0,385,0,385,0,385,0,385,0,385,0,385,0,385,0,385,0,385,0,385,0,385,0,385,0,385,0,385,0,385,0,385,0,385,0,385,0,385,0,385,0,385,0,385,0,385,0,385,0,385,0,385,0,385,0,385,0,385,0,385,0,385,0,385,0,385,0,385,0,385,0,385,0,385,0,385,0,385,0,385,0,385,0,385,0,385,0,385,0,385,0,385,0,385,0,385,0,385,0,385,0,385,0,385,0,385,0,385,0,385,0,385,0,385,0,385,0,385,0,385,0,385,0,385,0,385,0,385,0,385,0,385,0,385,0,385,0,385,0,385,0,385,0,385,0,385,0,385,0,385,0,385,0,385,0,385,0,385,0,385,0,385,0,385,0,385,0,385,0,385,0,385,0,385,0,385,0,385,0,385,0,385,0,385,0,385,0,385,0,385,0,385,0,385,0,385,0,385,0,385,0,385,0,385,0,385,0,385,0,385,0,385,0,385,0,385,0,385,0,385,0,385,0,385,0,385,0,385,0,385,0,385,0,385,0,385,0,385,0,385,0,385,0,385,0,385,0,385,0,385,0,385,0,385,0,385,0,385,0,385,0,385,0,385,0,385,0,385,0,385,0,385,0,385,0,385,0,385,0,385,0,385,0,385,0,385,0,385,0,385,0,385,0,385,0,385,0,385,0,385,0,385,0,385,0,385,0
,,386,0,386,0,386,0,386,0,386,0,386,0,386,0,386,0,386,0,386,0,386,0,386,0,386,0,386,0,386,0,386,0,386,0,386,0,386,0,386,0,386,0,386,0,386,0,386,0,386,0,386,0,386,0,386,0,386,0,386,0,386,0,386,0,386,0,386,0,386,0,386,0,386,0,386,0,386,0,386,0,386,0,386,0,386,0,386,0,386,0,386,0,386,0,386,0,386,0,386,0,386,0,386,0,386,0,386,0,386,0,386,0,386,0,386,0,386,0,386,0,386,0,386,0,386,0,386,0,386,0,386,0,386,0,386,0,386,0,386,0,386,0,386,0,386,0,386,0,386,0,386,0,386,0,386,0,386,0,386,0,386,0,386,0,386,0,386,0,386,0,386,0,386,0,386,0,386,0,386,0,386,0,386,0,386,0,386,0,386,0,386,0,386,0,386,0,386,0,386,0,386,0,386,0,386,0,386,0,386,0,386,0,386,0,386,0,386,0,386,0,386,0,386,0,386,0,386,0,386,0,386,0,386,0,386,0,386,0,386,0,386,0,386,0,386,0,386,0,386,0,386,0,386,0,386,0,386,0,386,0,386,0,386,0,386,0,386,0,386,0,386,0,386,0,386,0,386,0,386,0,386,0,386,0,386,0,386,0,386,0,386,0,386,0,386,0,386,0,386,0,386,0,386,0,386,0,386,0,386,0,386,0,386,0,386,0,386,0,386,0,386,0,386,0,386,0,386,0,386,0,386,0,386,0,386,0,386,0,386,0,386,0,386,0,386,0,386,0,386,0,386,0,386,0,386,0,386,0,386,0,386,0,386,0,386,0,386,0,386,0,386,0,386,0,386,0,386,0,386,0,386,0,386,0,386,0,386,0,386,0,386,0,386,0,386,0,386,0,386,0,386,0,386,0,386,0,386,0,386,0,386,0,386,0,386,0,386,0,386,0,386,0,386,0,386,0,386,0,386,0,386,0,386,0,386,0,386,0,386,0,386,0,386,0,386,0,386,0,386,0,386,0,386,0,386,0,386,0,386,0,386,0,386,0,386,0,386,0,386,0,386,0,386,0,386,0,386,0,386,0,386,0,386,0,386,0,386,0,386,0,386,0,386,0,386,0,386,0,386,0,386,0,386,0,386,0,386,0,386,0,386,0,386,0,386,0,386,0,386,0,386,0,386,0,386,0,386,0,386,0,386,0,386,0,386,0,386,0,386,0,386,0,386,0,386,0,386,0,386,0,386,0,386,0,386,0,386,0,386,0,386,0,386,0,386,0,386,0,386,0,386,0,386,0,386,0,386,0,386,0,386,0,386,0,386,0,386,0,386,0,386,0,386,0,386,0,386,0,386,0,386,0,386,0,386,0,386,0,386,0,386,0,386,0,386,0,386,0,386,0,386,0,386,0,386,0,386,0,386,0,386,0,386,0,386,0,386,0,386,0,386,0,386,0,386,0,386,0,386,0,386,0,386,0,386,0,386,0,386,0,386,0,386,0,386,0,386,0,386,0,386,0,386,0,386,0,386,0,386,0,386,0,386,0,386,0,386,0,386,0,386,0,386,0,386,0,386,0,386,0,386,0,386,0,386,0,386,0,386,0,386,0,386,0,386,0,386,0,386,0,386,0,386,0,386,0,386,0,386,0,386,0,386,0,386,0,386,0,386,0,386,0,386,0,386,0,386,0,386,0,386,0,386,0,386,0,386,0,386,0,386,0,386,0,386,0,386,0,386,0,386,0,386,0,386,0,386,0,386,0,386,0,386,0,386,0,386,0,386,0,386,0,386,0,386,0,386,0,386,0,386,0,386,0,386,0,386,0,386,0,386,0,386,0,386,0,386,0,386,0,386,0,386,0,386,0,386,0,386,0,386,0,386,0,386,0,386,0,386,0,386,0,386,0,386,0,386,0,386,0,386,0,386,0,386,0,386,0,386,0,386,0,386,0,386,0,386,0,386,0,386,0,386,0,386,0,386,0,386,0,386,0,386,0,386,0,386,0,386,0,386,0,386,0,386,0,386,0,386,0,386,0,386,0,386,0,386,0,386,0,386,0,386,0,386,0,386,0,386,0,386,0,386,0,386,0,386,0,386,0,386,0,386,0,386,0,386,0,386,0,386,0,386,0,386,0,386,0,386,0,386,0,386,0,386,0,386,0,386,0,386,0,386,0,386,0,386,0,386,0,386,0,386,0,386,0,386,0,386,0,386,0,386,0,386,0,386,0,386,0,386,0,386,0,386,0,386,0,386,0,386,0,386,0,386,0,386,0,386,0,386,0,386,0,386,0,386,0,386,0,386,0,386,0,386,0,386,0,386,0,386,0,386,0,386,0,386,0,386,0,386,0,386,0,386,0,386,0,386,0,386,0,386,0,386,0,386,0,386,0,386,0,386,0,386,0,386,0,386,0,386,0,386,0,386,0,386,0,386,0,386,0,386,0,386,0,386,0
